Concept,ID,Question,ChoiceNumber
a salmon,0,a finch a robin,0
a salmon,0,a finch a chicken,1
a salmon,0,a finch an eagle,0
a salmon,0,a finch an ostrich,0
a salmon,0,a finch a penguin,0
a salmon,0,a finch a seal,0
a salmon,0,a finch a dolphin,0
a salmon,0,a finch a whale,0
a salmon,0,a robin a chicken,0
a salmon,0,a robin an eagle,0
a salmon,0,a robin an ostrich,0
a salmon,0,a robin a penguin,0
a salmon,0,a robin a seal,1
a salmon,0,a robin a dolphin,1
a salmon,0,a robin a whale,0
a salmon,0,a chicken an ostrich,0
a salmon,0,a chicken a penguin,0
a salmon,0,a chicken a seal,0
a salmon,0,a chicken a dolphin,0
a salmon,0,a chicken a whale,0
a salmon,0,an eagle an ostrich,0
a salmon,0,an eagle a penguin,0
a salmon,0,an eagle a seal,0
a salmon,0,an eagle a dolphin,0
a salmon,0,an eagle a whale,0
a salmon,0,an ostrich a penguin,0
a salmon,0,an ostrich a seal,0
a salmon,0,an ostrich a dolphin,0
a salmon,0,an ostrich a whale,0
a salmon,0,a penguin a seal,0
a salmon,0,a penguin a dolphin,1
a salmon,0,a penguin a whale,1
a salmon,0,a seal a dolphin,0
a salmon,0,a seal a whale,0
a salmon,0,a dolphin a whale,0
an eagle,1,a finch a robin,0
an eagle,1,a finch a chicken,0
an eagle,1,a finch an ostrich,0
an eagle,1,a finch a penguin,0
an eagle,1,a finch a salmon,0
an eagle,1,a finch a seal,0
an eagle,1,a finch a dolphin,0
an eagle,1,a finch a whale,0
an eagle,1,a robin a chicken,0
an eagle,1,a robin an ostrich,0
an eagle,1,a robin a penguin,0
an eagle,1,a robin a salmon,0
an eagle,1,a robin a seal,0
an eagle,1,a robin a dolphin,0
an eagle,1,a robin a whale,0
an eagle,1,a chicken an ostrich,0
an eagle,1,a chicken a penguin,0
an eagle,1,a chicken a salmon,0
an eagle,1,a chicken a seal,0
an eagle,1,a chicken a dolphin,0
an eagle,1,a chicken a whale,0
an eagle,1,an ostrich a salmon,0
an eagle,1,an ostrich a seal,0
an eagle,1,an ostrich a dolphin,0
an eagle,1,an ostrich a whale,0
an eagle,1,a penguin a salmon,0
an eagle,1,a penguin a seal,0
an eagle,1,a penguin a dolphin,0
an eagle,1,a penguin a whale,0
an eagle,1,a salmon a seal,0
an eagle,1,a salmon a dolphin,0
an eagle,1,a salmon a whale,0
an eagle,1,a dolphin a whale,0
a seal,2,a finch a robin,0
a seal,2,a finch a chicken,0
a seal,2,a finch an eagle,0
a seal,2,a finch an ostrich,0
a seal,2,a finch a penguin,0
a seal,2,a finch a salmon,0
a seal,2,a finch a dolphin,0
a seal,2,a finch a whale,0
a seal,2,a robin a chicken,0
a seal,2,a robin an eagle,0
a seal,2,a robin an ostrich,0
a seal,2,a robin a penguin,0
a seal,2,a robin a salmon,1
a seal,2,a robin a dolphin,0
a seal,2,a robin a whale,0
a seal,2,a chicken an eagle,0
a seal,2,a chicken an ostrich,0
a seal,2,a chicken a penguin,0
a seal,2,a chicken a salmon,1
a seal,2,a chicken a dolphin,0
a seal,2,a chicken a whale,1
a seal,2,an eagle an ostrich,0
a seal,2,an eagle a penguin,0
a seal,2,an eagle a salmon,1
a seal,2,an eagle a dolphin,0
a seal,2,an eagle a whale,0
a seal,2,an ostrich a penguin,0
a seal,2,an ostrich a salmon,0
a seal,2,an ostrich a dolphin,0
a seal,2,an ostrich a whale,0
a seal,2,a penguin a salmon,0
a seal,2,a penguin a dolphin,0
a seal,2,a penguin a whale,0
a seal,2,a salmon a dolphin,0
a seal,2,a salmon a whale,0
a seal,2,a dolphin a whale,0
an ostrich,3,a finch a robin,0
an ostrich,3,a finch a chicken,0
an ostrich,3,a finch an eagle,0
an ostrich,3,a finch a penguin,0
an ostrich,3,a finch a salmon,0
an ostrich,3,a finch a seal,0
an ostrich,3,a finch a dolphin,0
an ostrich,3,a finch a whale,0
an ostrich,3,a robin a chicken,0
an ostrich,3,a robin an eagle,0
an ostrich,3,a robin a penguin,0
an ostrich,3,a robin a salmon,0
an ostrich,3,a robin a seal,0
an ostrich,3,a robin a dolphin,0
an ostrich,3,a robin a whale,0
an ostrich,3,a chicken an eagle,0
an ostrich,3,a chicken a penguin,0
an ostrich,3,a chicken a salmon,0
an ostrich,3,a chicken a seal,0
an ostrich,3,a chicken a dolphin,0
an ostrich,3,a chicken a whale,0
an ostrich,3,an eagle a penguin,0
an ostrich,3,an eagle a salmon,0
an ostrich,3,an eagle a seal,0
an ostrich,3,an eagle a dolphin,0
an ostrich,3,an eagle a whale,0
an ostrich,3,a penguin a salmon,0
an ostrich,3,a penguin a seal,0
an ostrich,3,a penguin a dolphin,0
an ostrich,3,a penguin a whale,1
an ostrich,3,a salmon a seal,0
an ostrich,3,a salmon a dolphin,0
an ostrich,3,a salmon a whale,0
an ostrich,3,a seal a whale,0
an ostrich,3,a dolphin a whale,0
a salmon,4,a finch a robin,0
a salmon,4,a finch a chicken,0
a salmon,4,a finch an eagle,0
a salmon,4,a finch an ostrich,0
a salmon,4,a finch a penguin,0
a salmon,4,a finch a seal,1
a salmon,4,a finch a dolphin,0
a salmon,4,a finch a whale,0
a salmon,4,a robin a chicken,0
a salmon,4,a robin an eagle,0
a salmon,4,a robin an ostrich,0
a salmon,4,a robin a penguin,0
a salmon,4,a robin a seal,0
a salmon,4,a robin a dolphin,0
a salmon,4,a robin a whale,0
a salmon,4,a chicken an eagle,0
a salmon,4,a chicken an ostrich,0
a salmon,4,a chicken a penguin,0
a salmon,4,a chicken a seal,0
a salmon,4,a chicken a whale,0
a salmon,4,an eagle an ostrich,0
a salmon,4,an eagle a penguin,0
a salmon,4,an eagle a seal,1
a salmon,4,an eagle a dolphin,1
a salmon,4,an eagle a whale,0
a salmon,4,an ostrich a penguin,0
a salmon,4,an ostrich a seal,0
a salmon,4,an ostrich a dolphin,0
a salmon,4,an ostrich a whale,0
a salmon,4,a penguin a seal,1
a salmon,4,a penguin a dolphin,0
a salmon,4,a seal a dolphin,0
a salmon,4,a seal a whale,0
a salmon,4,a dolphin a whale,0
a whale,5,a finch a robin,0
a whale,5,a finch a chicken,0
a whale,5,a finch an eagle,0
a whale,5,a finch an ostrich,0
a whale,5,a finch a penguin,0
a whale,5,a finch a salmon,0
a whale,5,a finch a seal,1
a whale,5,a finch a dolphin,0
a whale,5,a robin a chicken,0
a whale,5,a robin an eagle,0
a whale,5,a robin an ostrich,0
a whale,5,a robin a penguin,0
a whale,5,a robin a salmon,0
a whale,5,a robin a seal,1
a whale,5,a robin a dolphin,0
a whale,5,a chicken an eagle,0
a whale,5,a chicken an ostrich,0
a whale,5,a chicken a penguin,0
a whale,5,a chicken a salmon,0
a whale,5,a chicken a seal,0
a whale,5,a chicken a dolphin,0
a whale,5,an eagle an ostrich,0
a whale,5,an eagle a penguin,0
a whale,5,an eagle a salmon,0
a whale,5,an eagle a seal,1
a whale,5,an eagle a dolphin,0
a whale,5,an ostrich a salmon,0
a whale,5,an ostrich a seal,1
a whale,5,an ostrich a dolphin,0
a whale,5,a penguin a salmon,0
a whale,5,a penguin a seal,0
a whale,5,a penguin a dolphin,1
a whale,5,a salmon a seal,0
a whale,5,a salmon a dolphin,0
a whale,5,a seal a dolphin,0
a chicken,6,a finch an eagle,0
a chicken,6,a finch an ostrich,0
a chicken,6,a finch a penguin,0
a chicken,6,a finch a salmon,0
a chicken,6,a finch a seal,0
a chicken,6,a finch a dolphin,0
a chicken,6,a finch a whale,0
a chicken,6,a robin an eagle,0
a chicken,6,a robin an ostrich,0
a chicken,6,a robin a penguin,0
a chicken,6,a robin a salmon,0
a chicken,6,a robin a seal,0
a chicken,6,a robin a dolphin,0
a chicken,6,a robin a whale,0
a chicken,6,an eagle an ostrich,0
a chicken,6,an eagle a penguin,0
a chicken,6,an eagle a salmon,0
a chicken,6,an eagle a seal,0
a chicken,6,an eagle a dolphin,0
a chicken,6,an eagle a whale,0
a chicken,6,an ostrich a penguin,0
a chicken,6,an ostrich a salmon,0
a chicken,6,an ostrich a seal,0
a chicken,6,an ostrich a dolphin,0
a chicken,6,an ostrich a whale,0
a chicken,6,a penguin a salmon,0
a chicken,6,a penguin a seal,0
a chicken,6,a penguin a dolphin,0
a chicken,6,a penguin a whale,0
a chicken,6,a salmon a seal,0
a chicken,6,a salmon a dolphin,0
a chicken,6,a salmon a whale,0
a chicken,6,a seal a dolphin,0
a chicken,6,a seal a whale,0
a chicken,6,a dolphin a whale,0
a salmon,7,a finch a robin,0
a salmon,7,a finch a chicken,0
a salmon,7,a finch an eagle,1
a salmon,7,a finch an ostrich,0
a salmon,7,a finch a penguin,0
a salmon,7,a finch a seal,0
a salmon,7,a finch a dolphin,0
a salmon,7,a finch a whale,0
a salmon,7,a robin a chicken,1
a salmon,7,a robin an eagle,1
a salmon,7,a robin an ostrich,0
a salmon,7,a robin a penguin,0
a salmon,7,a robin a seal,1
a salmon,7,a robin a dolphin,0
a salmon,7,a robin a whale,1
a salmon,7,a chicken an eagle,0
a salmon,7,a chicken an ostrich,0
a salmon,7,a chicken a penguin,0
a salmon,7,a chicken a seal,0
a salmon,7,a chicken a dolphin,0
a salmon,7,a chicken a whale,0
a salmon,7,an eagle an ostrich,0
a salmon,7,an eagle a penguin,0
a salmon,7,an eagle a seal,0
a salmon,7,an eagle a dolphin,0
a salmon,7,an eagle a whale,1
a salmon,7,an ostrich a penguin,0
a salmon,7,an ostrich a seal,0
a salmon,7,an ostrich a whale,0
a salmon,7,a penguin a whale,1
a salmon,7,a seal a dolphin,0
a salmon,7,a seal a whale,0
a salmon,7,a dolphin a whale,0
a seal,8,a finch a robin,0
a seal,8,a finch a chicken,0
a seal,8,a finch an ostrich,0
a seal,8,a finch a penguin,0
a seal,8,a finch a salmon,0
a seal,8,a finch a dolphin,1
a seal,8,a finch a whale,0
a seal,8,a robin a chicken,0
a seal,8,a robin an eagle,0
a seal,8,a robin an ostrich,0
a seal,8,a robin a penguin,0
a seal,8,a robin a salmon,0
a seal,8,a robin a dolphin,0
a seal,8,a robin a whale,0
a seal,8,a chicken an eagle,0
a seal,8,a chicken an ostrich,0
a seal,8,a chicken a penguin,0
a seal,8,a chicken a salmon,0
a seal,8,a chicken a dolphin,0
a seal,8,a chicken a whale,0
a seal,8,an eagle an ostrich,0
a seal,8,an eagle a penguin,0
a seal,8,an eagle a salmon,0
a seal,8,an eagle a dolphin,0
a seal,8,an eagle a whale,1
a seal,8,an ostrich a penguin,0
a seal,8,an ostrich a salmon,0
a seal,8,an ostrich a dolphin,0
a seal,8,an ostrich a whale,1
a seal,8,a penguin a salmon,0
a seal,8,a penguin a dolphin,0
a seal,8,a penguin a whale,0
a seal,8,a salmon a dolphin,0
a seal,8,a salmon a whale,0
a seal,8,a dolphin a whale,0
an ostrich,9,a finch a robin,0
an ostrich,9,a finch a chicken,1
an ostrich,9,a finch an eagle,0
an ostrich,9,a finch a penguin,0
an ostrich,9,a finch a salmon,0
an ostrich,9,a finch a seal,0
an ostrich,9,a finch a dolphin,0
an ostrich,9,a finch a whale,0
an ostrich,9,a robin a chicken,0
an ostrich,9,a robin a penguin,0
an ostrich,9,a robin a salmon,0
an ostrich,9,a robin a seal,1
an ostrich,9,a robin a dolphin,0
an ostrich,9,a robin a whale,0
an ostrich,9,a chicken an eagle,0
an ostrich,9,a chicken a penguin,0
an ostrich,9,a chicken a salmon,0
an ostrich,9,a chicken a seal,1
an ostrich,9,a chicken a dolphin,0
an ostrich,9,a chicken a whale,0
an ostrich,9,an eagle a penguin,0
an ostrich,9,an eagle a salmon,0
an ostrich,9,an eagle a seal,0
an ostrich,9,an eagle a dolphin,0
an ostrich,9,an eagle a whale,0
an ostrich,9,a penguin a salmon,0
an ostrich,9,a penguin a seal,0
an ostrich,9,a penguin a dolphin,0
an ostrich,9,a penguin a whale,0
an ostrich,9,a salmon a seal,0
an ostrich,9,a salmon a dolphin,0
an ostrich,9,a salmon a whale,0
an ostrich,9,a seal a dolphin,0
an ostrich,9,a seal a whale,0
an ostrich,9,a dolphin a whale,0
an eagle,10,a finch a robin,0
an eagle,10,a finch a chicken,0
an eagle,10,a finch an ostrich,0
an eagle,10,a finch a penguin,0
an eagle,10,a finch a salmon,0
an eagle,10,a finch a seal,0
an eagle,10,a finch a dolphin,0
an eagle,10,a finch a whale,0
an eagle,10,a robin a chicken,0
an eagle,10,a robin an ostrich,0
an eagle,10,a robin a penguin,0
an eagle,10,a robin a salmon,0
an eagle,10,a robin a seal,0
an eagle,10,a robin a dolphin,0
an eagle,10,a robin a whale,0
an eagle,10,a chicken an ostrich,0
an eagle,10,a chicken a penguin,0
an eagle,10,a chicken a salmon,0
an eagle,10,a chicken a seal,0
an eagle,10,a chicken a dolphin,0
an eagle,10,a chicken a whale,0
an eagle,10,an ostrich a penguin,0
an eagle,10,an ostrich a salmon,0
an eagle,10,an ostrich a seal,0
an eagle,10,an ostrich a dolphin,0
an eagle,10,an ostrich a whale,0
an eagle,10,a penguin a salmon,0
an eagle,10,a penguin a seal,0
an eagle,10,a salmon a seal,0
an eagle,10,a salmon a dolphin,0
an eagle,10,a salmon a whale,0
an eagle,10,a seal a dolphin,0
an eagle,10,a dolphin a whale,0
a seal,11,a finch a robin,0
a seal,11,a finch a chicken,0
a seal,11,a finch an eagle,0
a seal,11,a finch an ostrich,0
a seal,11,a finch a penguin,0
a seal,11,a finch a salmon,0
a seal,11,a finch a dolphin,0
a seal,11,a finch a whale,0
a seal,11,a robin a chicken,0
a seal,11,a robin an eagle,0
a seal,11,a robin an ostrich,0
a seal,11,a robin a penguin,0
a seal,11,a robin a salmon,0
a seal,11,a robin a dolphin,0
a seal,11,a robin a whale,0
a seal,11,a chicken an eagle,0
a seal,11,a chicken an ostrich,0
a seal,11,a chicken a penguin,0
a seal,11,a chicken a salmon,0
a seal,11,a chicken a dolphin,0
a seal,11,a chicken a whale,0
a seal,11,an eagle an ostrich,0
a seal,11,an eagle a penguin,0
a seal,11,an eagle a salmon,1
a seal,11,an eagle a dolphin,0
a seal,11,an eagle a whale,0
a seal,11,an ostrich a penguin,0
a seal,11,an ostrich a salmon,0
a seal,11,an ostrich a dolphin,0
a seal,11,an ostrich a whale,0
a seal,11,a penguin a salmon,0
a seal,11,a penguin a dolphin,0
a seal,11,a penguin a whale,0
a seal,11,a salmon a dolphin,0
a seal,11,a salmon a whale,0
a seal,11,a dolphin a whale,0
a seal,12,a finch a robin,0
a seal,12,a finch a chicken,0
a seal,12,a finch an eagle,0
a seal,12,a finch an ostrich,0
a seal,12,a finch a penguin,0
a seal,12,a finch a salmon,0
a seal,12,a finch a dolphin,0
a seal,12,a finch a whale,0
a seal,12,a robin a chicken,0
a seal,12,a robin an eagle,0
a seal,12,a robin an ostrich,0
a seal,12,a robin a penguin,0
a seal,12,a robin a salmon,1
a seal,12,a robin a whale,0
a seal,12,a chicken an eagle,0
a seal,12,a chicken an ostrich,0
a seal,12,a chicken a penguin,0
a seal,12,a chicken a salmon,1
a seal,12,a chicken a dolphin,0
a seal,12,a chicken a whale,1
a seal,12,an eagle an ostrich,0
a seal,12,an eagle a penguin,0
a seal,12,an eagle a salmon,0
a seal,12,an eagle a dolphin,1
a seal,12,an eagle a whale,0
a seal,12,an ostrich a penguin,0
a seal,12,an ostrich a salmon,0
a seal,12,an ostrich a dolphin,0
a seal,12,an ostrich a whale,0
a seal,12,a penguin a dolphin,0
a seal,12,a penguin a whale,0
a seal,12,a salmon a dolphin,0
a seal,12,a salmon a whale,0
a seal,12,a dolphin a whale,0
a chicken,13,a finch a robin,0
a chicken,13,a finch an eagle,0
a chicken,13,a finch an ostrich,0
a chicken,13,a finch a penguin,0
a chicken,13,a finch a salmon,0
a chicken,13,a finch a seal,0
a chicken,13,a finch a dolphin,0
a chicken,13,a finch a whale,0
a chicken,13,a robin an eagle,0
a chicken,13,a robin an ostrich,0
a chicken,13,a robin a penguin,0
a chicken,13,a robin a salmon,0
a chicken,13,a robin a seal,0
a chicken,13,a robin a dolphin,0
a chicken,13,a robin a whale,0
a chicken,13,an eagle an ostrich,0
a chicken,13,an eagle a penguin,0
a chicken,13,an eagle a salmon,0
a chicken,13,an eagle a seal,0
a chicken,13,an eagle a dolphin,0
a chicken,13,an eagle a whale,0
a chicken,13,an ostrich a penguin,0
a chicken,13,an ostrich a salmon,0
a chicken,13,an ostrich a seal,0
a chicken,13,an ostrich a dolphin,0
a chicken,13,an ostrich a whale,0
a chicken,13,a penguin a salmon,0
a chicken,13,a penguin a seal,0
a chicken,13,a penguin a dolphin,0
a chicken,13,a penguin a whale,0
a chicken,13,a salmon a seal,0
a chicken,13,a salmon a dolphin,0
a chicken,13,a salmon a whale,0
a chicken,13,a seal a whale,0
a chicken,13,a dolphin a whale,0
a penguin,14,a finch a robin,0
a penguin,14,a finch a chicken,0
a penguin,14,a finch an eagle,0
a penguin,14,a finch an ostrich,0
a penguin,14,a finch a salmon,0
a penguin,14,a finch a seal,0
a penguin,14,a finch a dolphin,0
a penguin,14,a finch a whale,0
a penguin,14,a robin a chicken,0
a penguin,14,a robin an eagle,0
a penguin,14,a robin an ostrich,0
a penguin,14,a robin a salmon,0
a penguin,14,a robin a seal,1
a penguin,14,a robin a dolphin,0
a penguin,14,a robin a whale,0
a penguin,14,a chicken an eagle,0
a penguin,14,a chicken an ostrich,0
a penguin,14,a chicken a salmon,0
a penguin,14,a chicken a seal,1
a penguin,14,a chicken a dolphin,0
a penguin,14,a chicken a whale,0
a penguin,14,an eagle an ostrich,0
a penguin,14,an eagle a salmon,0
a penguin,14,an eagle a seal,1
a penguin,14,an eagle a dolphin,0
a penguin,14,an eagle a whale,0
a penguin,14,an ostrich a salmon,0
a penguin,14,an ostrich a seal,1
a penguin,14,an ostrich a dolphin,0
a penguin,14,an ostrich a whale,0
a penguin,14,a salmon a seal,0
a penguin,14,a salmon a dolphin,0
a penguin,14,a salmon a whale,0
a penguin,14,a seal a dolphin,0
a penguin,14,a seal a whale,0
a penguin,14,a dolphin a whale,0
an ostrich,15,a finch a robin,0
an ostrich,15,a finch a chicken,0
an ostrich,15,a finch an eagle,0
an ostrich,15,a finch a penguin,0
an ostrich,15,a finch a salmon,0
an ostrich,15,a finch a seal,0
an ostrich,15,a finch a dolphin,0
an ostrich,15,a finch a whale,0
an ostrich,15,a robin a chicken,1
an ostrich,15,a robin an eagle,1
an ostrich,15,a robin a penguin,0
an ostrich,15,a robin a salmon,0
an ostrich,15,a robin a seal,0
an ostrich,15,a robin a dolphin,0
an ostrich,15,a robin a whale,0
an ostrich,15,a chicken an eagle,0
an ostrich,15,a chicken a penguin,0
an ostrich,15,a chicken a salmon,0
an ostrich,15,a chicken a seal,0
an ostrich,15,a chicken a dolphin,0
an ostrich,15,a chicken a whale,0
an ostrich,15,an eagle a penguin,0
an ostrich,15,an eagle a salmon,0
an ostrich,15,an eagle a seal,0
an ostrich,15,an eagle a dolphin,0
an ostrich,15,an eagle a whale,0
an ostrich,15,a penguin a salmon,0
an ostrich,15,a penguin a seal,0
an ostrich,15,a penguin a dolphin,0
an ostrich,15,a penguin a whale,0
an ostrich,15,a salmon a seal,0
an ostrich,15,a salmon a dolphin,0
an ostrich,15,a salmon a whale,0
an ostrich,15,a seal a dolphin,0
an ostrich,15,a seal a whale,0
an ostrich,15,a dolphin a whale,0
a robin,16,a finch a chicken,0
a robin,16,a finch an eagle,0
a robin,16,a finch an ostrich,0
a robin,16,a finch a penguin,0
a robin,16,a finch a salmon,0
a robin,16,a finch a seal,0
a robin,16,a finch a dolphin,0
a robin,16,a finch a whale,0
a robin,16,a chicken an eagle,0
a robin,16,a chicken an ostrich,0
a robin,16,a chicken a penguin,0
a robin,16,a chicken a salmon,0
a robin,16,a chicken a seal,0
a robin,16,a chicken a dolphin,0
a robin,16,a chicken a whale,0
a robin,16,an eagle an ostrich,0
a robin,16,an eagle a penguin,0
a robin,16,an eagle a salmon,0
a robin,16,an eagle a seal,0
a robin,16,an eagle a dolphin,0
a robin,16,an eagle a whale,0
a robin,16,an ostrich a penguin,0
a robin,16,an ostrich a salmon,0
a robin,16,an ostrich a seal,0
a robin,16,an ostrich a dolphin,0
a robin,16,an ostrich a whale,0
a robin,16,a penguin a salmon,0
a robin,16,a penguin a seal,0
a robin,16,a penguin a dolphin,0
a robin,16,a penguin a whale,0
a robin,16,a salmon a seal,0
a robin,16,a salmon a dolphin,0
a robin,16,a salmon a whale,0
a robin,16,a seal a dolphin,0
a robin,16,a seal a whale,0
a robin,16,a dolphin a whale,0
a seal,17,a finch a robin,0
a seal,17,a finch a chicken,0
a seal,17,a finch an eagle,0
a seal,17,a finch an ostrich,0
a seal,17,a finch a penguin,0
a seal,17,a finch a salmon,0
a seal,17,a finch a dolphin,0
a seal,17,a finch a whale,0
a seal,17,a robin a chicken,0
a seal,17,a robin an eagle,0
a seal,17,a robin an ostrich,0
a seal,17,a robin a penguin,0
a seal,17,a robin a salmon,0
a seal,17,a robin a dolphin,0
a seal,17,a robin a whale,0
a seal,17,a chicken an eagle,0
a seal,17,a chicken an ostrich,0
a seal,17,a chicken a penguin,0
a seal,17,a chicken a salmon,0
a seal,17,a chicken a dolphin,0
a seal,17,a chicken a whale,0
a seal,17,an eagle an ostrich,0
a seal,17,an eagle a penguin,0
a seal,17,an eagle a salmon,1
a seal,17,an eagle a dolphin,0
a seal,17,an eagle a whale,0
a seal,17,an ostrich a penguin,0
a seal,17,an ostrich a salmon,0
a seal,17,an ostrich a dolphin,0
a seal,17,an ostrich a whale,1
a seal,17,a penguin a salmon,0
a seal,17,a penguin a dolphin,0
a seal,17,a penguin a whale,0
a seal,17,a salmon a dolphin,0
a seal,17,a salmon a whale,0
a seal,17,a dolphin a whale,0
a penguin,18,a finch a robin,0
a penguin,18,a finch a chicken,1
a penguin,18,a finch an eagle,0
a penguin,18,a finch an ostrich,0
a penguin,18,a finch a salmon,0
a penguin,18,a finch a seal,0
a penguin,18,a finch a dolphin,0
a penguin,18,a finch a whale,0
a penguin,18,a robin a chicken,0
a penguin,18,a robin an eagle,0
a penguin,18,a robin an ostrich,0
a penguin,18,a robin a salmon,0
a penguin,18,a robin a seal,0
a penguin,18,a robin a dolphin,0
a penguin,18,a robin a whale,0
a penguin,18,a chicken an eagle,0
a penguin,18,a chicken an ostrich,0
a penguin,18,a chicken a salmon,0
a penguin,18,a chicken a seal,1
a penguin,18,a chicken a dolphin,0
a penguin,18,a chicken a whale,0
a penguin,18,an eagle an ostrich,0
a penguin,18,an eagle a salmon,0
a penguin,18,an eagle a seal,1
a penguin,18,an eagle a dolphin,0
a penguin,18,an eagle a whale,0
a penguin,18,an ostrich a salmon,0
a penguin,18,an ostrich a seal,1
a penguin,18,an ostrich a dolphin,0
a penguin,18,an ostrich a whale,1
a penguin,18,a salmon a seal,1
a penguin,18,a salmon a dolphin,0
a penguin,18,a salmon a whale,1
a penguin,18,a seal a dolphin,0
a penguin,18,a seal a whale,0
a penguin,18,a dolphin a whale,0
a robin,19,a finch a chicken,0
a robin,19,a finch an eagle,0
a robin,19,a finch an ostrich,0
a robin,19,a finch a penguin,0
a robin,19,a finch a salmon,0
a robin,19,a finch a seal,0
a robin,19,a finch a dolphin,0
a robin,19,a finch a whale,0
a robin,19,a chicken an eagle,0
a robin,19,a chicken an ostrich,0
a robin,19,a chicken a penguin,0
a robin,19,a chicken a salmon,0
a robin,19,a chicken a seal,0
a robin,19,a chicken a dolphin,0
a robin,19,an eagle an ostrich,0
a robin,19,an eagle a penguin,0
a robin,19,an eagle a salmon,0
a robin,19,an eagle a seal,0
a robin,19,an eagle a dolphin,0
a robin,19,an eagle a whale,0
a robin,19,an ostrich a penguin,0
a robin,19,an ostrich a salmon,0
a robin,19,an ostrich a seal,0
a robin,19,an ostrich a dolphin,1
a robin,19,an ostrich a whale,0
a robin,19,a penguin a salmon,0
a robin,19,a penguin a seal,0
a robin,19,a penguin a dolphin,0
a robin,19,a penguin a whale,0
a robin,19,a salmon a seal,0
a robin,19,a salmon a dolphin,0
a robin,19,a salmon a whale,0
a robin,19,a seal a dolphin,0
a robin,19,a seal a whale,0
a robin,19,a dolphin a whale,0
an ostrich,20,a finch a robin,0
an ostrich,20,a finch a chicken,0
an ostrich,20,a finch an eagle,1
an ostrich,20,a finch a penguin,0
an ostrich,20,a finch a salmon,0
an ostrich,20,a finch a seal,0
an ostrich,20,a finch a dolphin,0
an ostrich,20,a finch a whale,0
an ostrich,20,a robin a chicken,0
an ostrich,20,a robin an eagle,0
an ostrich,20,a robin a penguin,0
an ostrich,20,a robin a salmon,0
an ostrich,20,a robin a seal,0
an ostrich,20,a robin a dolphin,0
an ostrich,20,a robin a whale,0
an ostrich,20,a chicken an eagle,0
an ostrich,20,a chicken a penguin,0
an ostrich,20,a chicken a salmon,0
an ostrich,20,a chicken a seal,0
an ostrich,20,a chicken a dolphin,0
an ostrich,20,a chicken a whale,0
an ostrich,20,an eagle a penguin,0
an ostrich,20,an eagle a seal,0
an ostrich,20,an eagle a dolphin,0
an ostrich,20,an eagle a whale,0
an ostrich,20,a penguin a salmon,0
an ostrich,20,a penguin a seal,0
an ostrich,20,a penguin a dolphin,0
an ostrich,20,a penguin a whale,0
an ostrich,20,a salmon a seal,0
an ostrich,20,a salmon a dolphin,0
an ostrich,20,a salmon a whale,0
an ostrich,20,a seal a dolphin,0
an ostrich,20,a seal a whale,0
an ostrich,20,a dolphin a whale,0
a finch,21,a robin a chicken,0
a finch,21,a robin an eagle,0
a finch,21,a robin an ostrich,0
a finch,21,a robin a penguin,0
a finch,21,a robin a salmon,0
a finch,21,a robin a seal,0
a finch,21,a robin a dolphin,0
a finch,21,a robin a whale,0
a finch,21,a chicken an eagle,0
a finch,21,a chicken an ostrich,0
a finch,21,a chicken a penguin,0
a finch,21,a chicken a salmon,0
a finch,21,a chicken a seal,0
a finch,21,a chicken a dolphin,0
a finch,21,a chicken a whale,0
a finch,21,an eagle an ostrich,0
a finch,21,an eagle a penguin,0
a finch,21,an eagle a salmon,0
a finch,21,an eagle a seal,0
a finch,21,an eagle a dolphin,0
a finch,21,an eagle a whale,0
a finch,21,an ostrich a penguin,0
a finch,21,an ostrich a salmon,0
a finch,21,an ostrich a seal,0
a finch,21,an ostrich a dolphin,0
a finch,21,an ostrich a whale,0
a finch,21,a penguin a salmon,0
a finch,21,a penguin a seal,0
a finch,21,a penguin a dolphin,0
a finch,21,a penguin a whale,0
a finch,21,a salmon a seal,0
a finch,21,a salmon a dolphin,0
a finch,21,a salmon a whale,0
a finch,21,a seal a dolphin,0
a finch,21,a seal a whale,0
a finch,21,a dolphin a whale,0
a whale,22,a finch a robin,0
a whale,22,a finch a chicken,0
a whale,22,a finch an eagle,0
a whale,22,a finch an ostrich,0
a whale,22,a finch a penguin,0
a whale,22,a finch a salmon,0
a whale,22,a finch a seal,1
a whale,22,a finch a dolphin,0
a whale,22,a robin a chicken,0
a whale,22,a robin an eagle,0
a whale,22,a robin an ostrich,0
a whale,22,a robin a penguin,0
a whale,22,a robin a salmon,0
a whale,22,a robin a seal,0
a whale,22,a robin a dolphin,0
a whale,22,a chicken an eagle,0
a whale,22,a chicken an ostrich,0
a whale,22,a chicken a penguin,0
a whale,22,a chicken a salmon,0
a whale,22,a chicken a seal,0
a whale,22,a chicken a dolphin,0
a whale,22,an eagle an ostrich,0
a whale,22,an eagle a penguin,0
a whale,22,an eagle a salmon,0
a whale,22,an eagle a seal,1
a whale,22,an eagle a dolphin,0
a whale,22,an ostrich a penguin,0
a whale,22,an ostrich a salmon,0
a whale,22,an ostrich a seal,1
a whale,22,an ostrich a dolphin,0
a whale,22,a penguin a salmon,0
a whale,22,a penguin a seal,1
a whale,22,a penguin a dolphin,0
a whale,22,a salmon a seal,0
a whale,22,a salmon a dolphin,0
a whale,22,a seal a dolphin,0
a penguin,23,a finch a robin,0
a penguin,23,a finch a chicken,1
a penguin,23,a finch an eagle,0
a penguin,23,a finch an ostrich,0
a penguin,23,a finch a salmon,0
a penguin,23,a finch a seal,0
a penguin,23,a finch a dolphin,0
a penguin,23,a finch a whale,0
a penguin,23,a robin a chicken,1
a penguin,23,a robin an eagle,0
a penguin,23,a robin an ostrich,0
a penguin,23,a robin a salmon,0
a penguin,23,a robin a seal,1
a penguin,23,a robin a dolphin,0
a penguin,23,a robin a whale,0
a penguin,23,a chicken an eagle,0
a penguin,23,a chicken an ostrich,0
a penguin,23,a chicken a salmon,0
a penguin,23,a chicken a seal,1
a penguin,23,a chicken a dolphin,0
a penguin,23,a chicken a whale,0
a penguin,23,an eagle an ostrich,0
a penguin,23,an eagle a salmon,0
a penguin,23,an eagle a seal,1
a penguin,23,an eagle a dolphin,1
a penguin,23,an eagle a whale,0
a penguin,23,an ostrich a salmon,0
a penguin,23,an ostrich a seal,0
a penguin,23,an ostrich a dolphin,0
a penguin,23,an ostrich a whale,0
a penguin,23,a salmon a seal,1
a penguin,23,a salmon a dolphin,0
a penguin,23,a salmon a whale,1
a penguin,23,a seal a dolphin,0
a penguin,23,a seal a whale,0
a penguin,23,a dolphin a whale,0
a dolphin,24,a finch a robin,0
a dolphin,24,a finch a chicken,0
a dolphin,24,a finch an eagle,0
a dolphin,24,a finch an ostrich,0
a dolphin,24,a finch a penguin,0
a dolphin,24,a finch a salmon,0
a dolphin,24,a finch a seal,1
a dolphin,24,a finch a whale,0
a dolphin,24,a robin a chicken,1
a dolphin,24,a robin an eagle,0
a dolphin,24,a robin an ostrich,0
a dolphin,24,a robin a penguin,0
a dolphin,24,a robin a salmon,0
a dolphin,24,a robin a seal,1
a dolphin,24,a robin a whale,0
a dolphin,24,a chicken an eagle,0
a dolphin,24,a chicken a penguin,0
a dolphin,24,a chicken a salmon,0
a dolphin,24,a chicken a seal,0
a dolphin,24,a chicken a whale,0
a dolphin,24,an eagle a penguin,0
a dolphin,24,an eagle a salmon,1
a dolphin,24,an eagle a seal,0
a dolphin,24,an eagle a whale,0
a dolphin,24,an ostrich a penguin,0
a dolphin,24,an ostrich a salmon,0
a dolphin,24,an ostrich a seal,0
a dolphin,24,an ostrich a whale,1
a dolphin,24,a penguin a salmon,0
a dolphin,24,a penguin a seal,0
a dolphin,24,a penguin a whale,0
a dolphin,24,a salmon a seal,1
a dolphin,24,a salmon a whale,0
a dolphin,24,a seal a whale,0
a finch,25,a robin a chicken,0
a finch,25,a robin an eagle,0
a finch,25,a robin an ostrich,0
a finch,25,a robin a penguin,0
a finch,25,a robin a salmon,0
a finch,25,a robin a seal,0
a finch,25,a robin a dolphin,0
a finch,25,a robin a whale,0
a finch,25,a chicken an eagle,0
a finch,25,a chicken an ostrich,0
a finch,25,a chicken a penguin,0
a finch,25,a chicken a salmon,0
a finch,25,a chicken a seal,0
a finch,25,a chicken a dolphin,0
a finch,25,a chicken a whale,0
a finch,25,an eagle an ostrich,0
a finch,25,an eagle a penguin,0
a finch,25,an eagle a salmon,0
a finch,25,an eagle a seal,0
a finch,25,an eagle a dolphin,0
a finch,25,an eagle a whale,0
a finch,25,an ostrich a penguin,0
a finch,25,an ostrich a salmon,0
a finch,25,an ostrich a seal,0
a finch,25,an ostrich a dolphin,0
a finch,25,an ostrich a whale,0
a finch,25,a penguin a seal,0
a finch,25,a penguin a dolphin,0
a finch,25,a penguin a whale,0
a finch,25,a salmon a seal,0
a finch,25,a salmon a dolphin,0
a finch,25,a salmon a whale,0
a finch,25,a seal a dolphin,0
a finch,25,a seal a whale,0
a finch,25,a dolphin a whale,0
a whale,26,a finch a robin,0
a whale,26,a finch a chicken,1
a whale,26,a finch an eagle,1
a whale,26,a finch an ostrich,0
a whale,26,a finch a penguin,0
a whale,26,a finch a salmon,1
a whale,26,a finch a seal,1
a whale,26,a finch a dolphin,0
a whale,26,a robin a chicken,0
a whale,26,a robin an eagle,0
a whale,26,a robin an ostrich,0
a whale,26,a robin a penguin,0
a whale,26,a robin a salmon,0
a whale,26,a robin a seal,0
a whale,26,a robin a dolphin,0
a whale,26,a chicken an eagle,0
a whale,26,a chicken an ostrich,0
a whale,26,a chicken a penguin,0
a whale,26,a chicken a salmon,0
a whale,26,a chicken a seal,0
a whale,26,a chicken a dolphin,0
a whale,26,an eagle a penguin,0
a whale,26,an eagle a salmon,0
a whale,26,an eagle a seal,0
a whale,26,an eagle a dolphin,0
a whale,26,an ostrich a penguin,0
a whale,26,an ostrich a salmon,0
a whale,26,an ostrich a seal,1
a whale,26,an ostrich a dolphin,0
a whale,26,a penguin a salmon,1
a whale,26,a penguin a seal,0
a whale,26,a penguin a dolphin,0
a whale,26,a salmon a seal,1
a whale,26,a salmon a dolphin,1
a chicken,27,a finch a robin,0
a chicken,27,a finch an eagle,0
a chicken,27,a finch an ostrich,0
a chicken,27,a finch a penguin,0
a chicken,27,a finch a salmon,0
a chicken,27,a finch a seal,0
a chicken,27,a finch a dolphin,0
a chicken,27,a finch a whale,0
a chicken,27,a robin an eagle,0
a chicken,27,a robin an ostrich,0
a chicken,27,a robin a penguin,0
a chicken,27,a robin a salmon,0
a chicken,27,a robin a seal,0
a chicken,27,a robin a dolphin,0
a chicken,27,a robin a whale,0
a chicken,27,an eagle an ostrich,0
a chicken,27,an eagle a penguin,0
a chicken,27,an eagle a salmon,0
a chicken,27,an eagle a seal,0
a chicken,27,an eagle a dolphin,0
a chicken,27,an eagle a whale,0
a chicken,27,an ostrich a penguin,0
a chicken,27,an ostrich a salmon,0
a chicken,27,an ostrich a seal,0
a chicken,27,an ostrich a dolphin,0
a chicken,27,an ostrich a whale,0
a chicken,27,a penguin a salmon,0
a chicken,27,a penguin a seal,0
a chicken,27,a penguin a dolphin,0
a chicken,27,a penguin a whale,0
a chicken,27,a salmon a seal,0
a chicken,27,a salmon a dolphin,0
a chicken,27,a salmon a whale,0
a chicken,27,a seal a dolphin,0
a chicken,27,a seal a whale,0
a chicken,27,a dolphin a whale,0
a salmon,28,a finch a robin,0
a salmon,28,a finch a chicken,0
a salmon,28,a finch an eagle,0
a salmon,28,a finch an ostrich,0
a salmon,28,a finch a penguin,0
a salmon,28,a finch a seal,1
a salmon,28,a finch a dolphin,0
a salmon,28,a finch a whale,0
a salmon,28,a robin a chicken,1
a salmon,28,a robin an eagle,0
a salmon,28,a robin an ostrich,0
a salmon,28,a robin a penguin,0
a salmon,28,a robin a seal,0
a salmon,28,a robin a dolphin,0
a salmon,28,a robin a whale,0
a salmon,28,a chicken an eagle,0
a salmon,28,a chicken an ostrich,0
a salmon,28,a chicken a penguin,0
a salmon,28,a chicken a seal,1
a salmon,28,a chicken a dolphin,0
a salmon,28,a chicken a whale,0
a salmon,28,an eagle a penguin,0
a salmon,28,an eagle a seal,1
a salmon,28,an eagle a dolphin,0
a salmon,28,an eagle a whale,0
a salmon,28,an ostrich a penguin,0
a salmon,28,an ostrich a seal,0
a salmon,28,an ostrich a dolphin,0
a salmon,28,an ostrich a whale,1
a salmon,28,a penguin a seal,0
a salmon,28,a penguin a whale,0
a salmon,28,a seal a dolphin,0
a salmon,28,a seal a whale,0
a salmon,28,a dolphin a whale,0
an eagle,29,a finch a robin,0
an eagle,29,a finch a chicken,1
an eagle,29,a finch an ostrich,0
an eagle,29,a finch a penguin,0
an eagle,29,a finch a salmon,0
an eagle,29,a finch a seal,0
an eagle,29,a finch a dolphin,0
an eagle,29,a finch a whale,0
an eagle,29,a robin a chicken,0
an eagle,29,a robin an ostrich,1
an eagle,29,a robin a penguin,0
an eagle,29,a robin a salmon,0
an eagle,29,a robin a seal,0
an eagle,29,a robin a dolphin,0
an eagle,29,a robin a whale,0
an eagle,29,a chicken an ostrich,0
an eagle,29,a chicken a penguin,0
an eagle,29,a chicken a salmon,0
an eagle,29,a chicken a seal,0
an eagle,29,a chicken a dolphin,0
an eagle,29,a chicken a whale,0
an eagle,29,an ostrich a penguin,0
an eagle,29,an ostrich a salmon,0
an eagle,29,an ostrich a seal,0
an eagle,29,an ostrich a whale,0
an eagle,29,a penguin a salmon,0
an eagle,29,a penguin a dolphin,0
an eagle,29,a penguin a whale,0
an eagle,29,a salmon a seal,0
an eagle,29,a salmon a dolphin,0
an eagle,29,a salmon a whale,0
an eagle,29,a seal a dolphin,0
an eagle,29,a dolphin a whale,0
a dolphin,30,a finch a robin,0
a dolphin,30,a finch a chicken,0
a dolphin,30,a finch an eagle,0
a dolphin,30,a finch an ostrich,0
a dolphin,30,a finch a penguin,0
a dolphin,30,a finch a salmon,0
a dolphin,30,a finch a seal,0
a dolphin,30,a finch a whale,0
a dolphin,30,a robin a chicken,0
a dolphin,30,a robin an eagle,0
a dolphin,30,a robin an ostrich,0
a dolphin,30,a robin a penguin,0
a dolphin,30,a robin a salmon,0
a dolphin,30,a robin a seal,0
a dolphin,30,a robin a whale,0
a dolphin,30,a chicken an eagle,0
a dolphin,30,a chicken an ostrich,0
a dolphin,30,a chicken a penguin,0
a dolphin,30,a chicken a salmon,0
a dolphin,30,a chicken a seal,0
a dolphin,30,a chicken a whale,0
a dolphin,30,an eagle an ostrich,0
a dolphin,30,an eagle a penguin,0
a dolphin,30,an eagle a salmon,1
a dolphin,30,an eagle a seal,1
a dolphin,30,an eagle a whale,1
a dolphin,30,an ostrich a penguin,0
a dolphin,30,an ostrich a salmon,0
a dolphin,30,an ostrich a seal,1
a dolphin,30,an ostrich a whale,0
a dolphin,30,a penguin a salmon,1
a dolphin,30,a penguin a seal,1
a dolphin,30,a penguin a whale,1
a dolphin,30,a salmon a seal,1
a dolphin,30,a salmon a whale,0
a dolphin,30,a seal a whale,0
a chicken,31,a finch a robin,0
a chicken,31,a finch an eagle,0
a chicken,31,a finch an ostrich,0
a chicken,31,a finch a penguin,0
a chicken,31,a finch a salmon,0
a chicken,31,a finch a seal,0
a chicken,31,a finch a dolphin,0
a chicken,31,a finch a whale,0
a chicken,31,a robin an eagle,0
a chicken,31,a robin an ostrich,0
a chicken,31,a robin a penguin,0
a chicken,31,a robin a salmon,0
a chicken,31,a robin a seal,0
a chicken,31,a robin a dolphin,0
a chicken,31,a robin a whale,0
a chicken,31,an eagle an ostrich,0
a chicken,31,an eagle a penguin,0
a chicken,31,an eagle a salmon,0
a chicken,31,an eagle a seal,0
a chicken,31,an eagle a dolphin,0
a chicken,31,an eagle a whale,0
a chicken,31,an ostrich a penguin,0
a chicken,31,an ostrich a salmon,0
a chicken,31,an ostrich a seal,0
a chicken,31,an ostrich a dolphin,0
a chicken,31,an ostrich a whale,0
a chicken,31,a penguin a salmon,0
a chicken,31,a penguin a seal,0
a chicken,31,a penguin a dolphin,0
a chicken,31,a penguin a whale,0
a chicken,31,a salmon a seal,0
a chicken,31,a salmon a dolphin,0
a chicken,31,a salmon a whale,0
a chicken,31,a seal a dolphin,0
a chicken,31,a seal a whale,0
a chicken,31,a dolphin a whale,0
an ostrich,32,a finch a robin,0
an ostrich,32,a finch a chicken,0
an ostrich,32,a finch an eagle,0
an ostrich,32,a finch a penguin,0
an ostrich,32,a finch a salmon,0
an ostrich,32,a finch a seal,0
an ostrich,32,a finch a dolphin,0
an ostrich,32,a finch a whale,0
an ostrich,32,a robin a chicken,0
an ostrich,32,a robin an eagle,0
an ostrich,32,a robin a penguin,0
an ostrich,32,a robin a salmon,0
an ostrich,32,a robin a seal,0
an ostrich,32,a robin a dolphin,0
an ostrich,32,a robin a whale,0
an ostrich,32,a chicken an eagle,0
an ostrich,32,a chicken a penguin,0
an ostrich,32,a chicken a salmon,0
an ostrich,32,a chicken a seal,0
an ostrich,32,a chicken a dolphin,0
an ostrich,32,a chicken a whale,0
an ostrich,32,an eagle a penguin,0
an ostrich,32,an eagle a salmon,0
an ostrich,32,an eagle a seal,1
an ostrich,32,an eagle a dolphin,0
an ostrich,32,an eagle a whale,0
an ostrich,32,a penguin a salmon,0
an ostrich,32,a penguin a seal,0
an ostrich,32,a penguin a dolphin,0
an ostrich,32,a penguin a whale,0
an ostrich,32,a salmon a seal,0
an ostrich,32,a salmon a dolphin,0
an ostrich,32,a salmon a whale,0
an ostrich,32,a seal a dolphin,0
an ostrich,32,a seal a whale,0
an ostrich,32,a dolphin a whale,0
a chicken,33,a finch an eagle,0
a chicken,33,a finch an ostrich,0
a chicken,33,a finch a penguin,0
a chicken,33,a finch a salmon,0
a chicken,33,a finch a seal,0
a chicken,33,a finch a dolphin,0
a chicken,33,a finch a whale,0
a chicken,33,a robin an eagle,0
a chicken,33,a robin an ostrich,0
a chicken,33,a robin a penguin,0
a chicken,33,a robin a salmon,0
a chicken,33,a robin a seal,0
a chicken,33,a robin a dolphin,0
a chicken,33,a robin a whale,0
a chicken,33,an eagle an ostrich,0
a chicken,33,an eagle a penguin,0
a chicken,33,an eagle a salmon,0
a chicken,33,an eagle a seal,0
a chicken,33,an eagle a dolphin,0
a chicken,33,an eagle a whale,0
a chicken,33,an ostrich a penguin,0
a chicken,33,an ostrich a salmon,0
a chicken,33,an ostrich a seal,0
a chicken,33,an ostrich a dolphin,0
a chicken,33,an ostrich a whale,0
a chicken,33,a penguin a salmon,0
a chicken,33,a penguin a seal,0
a chicken,33,a penguin a dolphin,0
a chicken,33,a penguin a whale,0
a chicken,33,a salmon a seal,0
a chicken,33,a salmon a dolphin,1
a chicken,33,a salmon a whale,0
a chicken,33,a seal a dolphin,0
a chicken,33,a dolphin a whale,0
a salmon,34,a finch a robin,0
a salmon,34,a finch a chicken,0
a salmon,34,a finch an eagle,1
a salmon,34,a finch an ostrich,0
a salmon,34,a finch a penguin,0
a salmon,34,a finch a seal,0
a salmon,34,a finch a dolphin,0
a salmon,34,a finch a whale,0
a salmon,34,a robin a chicken,1
a salmon,34,a robin an eagle,1
a salmon,34,a robin an ostrich,0
a salmon,34,a robin a penguin,0
a salmon,34,a robin a seal,0
a salmon,34,a robin a dolphin,0
a salmon,34,a robin a whale,0
a salmon,34,a chicken an eagle,0
a salmon,34,a chicken an ostrich,0
a salmon,34,a chicken a penguin,0
a salmon,34,a chicken a seal,0
a salmon,34,a chicken a dolphin,0
a salmon,34,a chicken a whale,1
a salmon,34,an eagle an ostrich,0
a salmon,34,an eagle a penguin,0
a salmon,34,an eagle a seal,1
a salmon,34,an eagle a dolphin,0
a salmon,34,an eagle a whale,0
a salmon,34,an ostrich a penguin,0
a salmon,34,an ostrich a seal,1
a salmon,34,an ostrich a dolphin,0
a salmon,34,an ostrich a whale,0
a salmon,34,a penguin a seal,1
a salmon,34,a penguin a dolphin,1
a salmon,34,a penguin a whale,0
a salmon,34,a seal a dolphin,0
a salmon,34,a seal a whale,0
a salmon,34,a dolphin a whale,0
an ostrich,35,a finch a robin,0
an ostrich,35,a finch a chicken,0
an ostrich,35,a finch an eagle,0
an ostrich,35,a finch a penguin,0
an ostrich,35,a finch a salmon,0
an ostrich,35,a finch a seal,0
an ostrich,35,a finch a dolphin,0
an ostrich,35,a finch a whale,0
an ostrich,35,a robin a chicken,0
an ostrich,35,a robin an eagle,0
an ostrich,35,a robin a penguin,0
an ostrich,35,a robin a salmon,0
an ostrich,35,a robin a seal,0
an ostrich,35,a robin a dolphin,0
an ostrich,35,a robin a whale,0
an ostrich,35,a chicken an eagle,0
an ostrich,35,a chicken a penguin,0
an ostrich,35,a chicken a salmon,0
an ostrich,35,a chicken a seal,0
an ostrich,35,a chicken a dolphin,0
an ostrich,35,a chicken a whale,0
an ostrich,35,an eagle a penguin,0
an ostrich,35,an eagle a salmon,0
an ostrich,35,an eagle a seal,0
an ostrich,35,an eagle a dolphin,0
an ostrich,35,an eagle a whale,0
an ostrich,35,a penguin a salmon,0
an ostrich,35,a penguin a seal,0
an ostrich,35,a penguin a dolphin,0
an ostrich,35,a penguin a whale,0
an ostrich,35,a salmon a seal,0
an ostrich,35,a salmon a dolphin,0
an ostrich,35,a salmon a whale,0
an ostrich,35,a seal a dolphin,0
an ostrich,35,a seal a whale,0
an ostrich,35,a dolphin a whale,0
a dolphin,36,a finch a robin,0
a dolphin,36,a finch a chicken,0
a dolphin,36,a finch an eagle,0
a dolphin,36,a finch an ostrich,0
a dolphin,36,a finch a penguin,0
a dolphin,36,a finch a salmon,0
a dolphin,36,a finch a seal,0
a dolphin,36,a finch a whale,0
a dolphin,36,a robin a chicken,0
a dolphin,36,a robin an eagle,0
a dolphin,36,a robin an ostrich,0
a dolphin,36,a robin a penguin,0
a dolphin,36,a robin a salmon,0
a dolphin,36,a robin a seal,1
a dolphin,36,a robin a whale,0
a dolphin,36,a chicken an eagle,0
a dolphin,36,a chicken a penguin,0
a dolphin,36,a chicken a salmon,0
a dolphin,36,a chicken a seal,1
a dolphin,36,a chicken a whale,0
a dolphin,36,an eagle an ostrich,0
a dolphin,36,an eagle a penguin,0
a dolphin,36,an eagle a salmon,0
a dolphin,36,an eagle a seal,0
a dolphin,36,an eagle a whale,0
a dolphin,36,an ostrich a penguin,0
a dolphin,36,an ostrich a salmon,0
a dolphin,36,an ostrich a seal,1
a dolphin,36,an ostrich a whale,1
a dolphin,36,a penguin a salmon,0
a dolphin,36,a penguin a seal,1
a dolphin,36,a penguin a whale,1
a dolphin,36,a salmon a seal,1
a dolphin,36,a salmon a whale,0
a dolphin,36,a seal a whale,0
a salmon,37,a finch a robin,0
a salmon,37,a finch a chicken,0
a salmon,37,a finch an eagle,1
a salmon,37,a finch an ostrich,0
a salmon,37,a finch a penguin,0
a salmon,37,a finch a seal,0
a salmon,37,a finch a dolphin,0
a salmon,37,a finch a whale,0
a salmon,37,a robin a chicken,0
a salmon,37,a robin an eagle,0
a salmon,37,a robin an ostrich,0
a salmon,37,a robin a penguin,1
a salmon,37,a robin a seal,1
a salmon,37,a robin a dolphin,0
a salmon,37,a robin a whale,0
a salmon,37,a chicken an eagle,0
a salmon,37,a chicken an ostrich,0
a salmon,37,a chicken a penguin,0
a salmon,37,a chicken a seal,0
a salmon,37,a chicken a dolphin,0
a salmon,37,a chicken a whale,0
a salmon,37,an eagle a penguin,0
a salmon,37,an eagle a seal,1
a salmon,37,an eagle a dolphin,0
a salmon,37,an eagle a whale,0
a salmon,37,an ostrich a seal,1
a salmon,37,an ostrich a dolphin,0
a salmon,37,a penguin a seal,0
a salmon,37,a penguin a dolphin,1
a salmon,37,a penguin a whale,0
a salmon,37,a seal a whale,0
a salmon,37,a dolphin a whale,0
a robin,38,a finch a chicken,0
a robin,38,a finch an eagle,0
a robin,38,a finch an ostrich,0
a robin,38,a finch a penguin,0
a robin,38,a finch a salmon,0
a robin,38,a finch a seal,0
a robin,38,a finch a dolphin,0
a robin,38,a finch a whale,0
a robin,38,a chicken an eagle,0
a robin,38,a chicken an ostrich,0
a robin,38,a chicken a penguin,0
a robin,38,a chicken a salmon,0
a robin,38,a chicken a seal,0
a robin,38,a chicken a dolphin,0
a robin,38,a chicken a whale,0
a robin,38,an eagle an ostrich,0
a robin,38,an eagle a penguin,0
a robin,38,an eagle a salmon,0
a robin,38,an eagle a seal,0
a robin,38,an eagle a dolphin,0
a robin,38,an eagle a whale,0
a robin,38,an ostrich a penguin,0
a robin,38,an ostrich a salmon,0
a robin,38,an ostrich a seal,0
a robin,38,an ostrich a dolphin,0
a robin,38,an ostrich a whale,0
a robin,38,a penguin a salmon,0
a robin,38,a penguin a seal,0
a robin,38,a penguin a dolphin,0
a robin,38,a penguin a whale,0
a robin,38,a salmon a seal,0
a robin,38,a salmon a dolphin,0
a robin,38,a salmon a whale,0
a robin,38,a seal a dolphin,0
a robin,38,a seal a whale,0
a robin,38,a dolphin a whale,0
an eagle,39,a finch a robin,0
an eagle,39,a finch a chicken,0
an eagle,39,a finch an ostrich,0
an eagle,39,a finch a penguin,0
an eagle,39,a finch a salmon,0
an eagle,39,a finch a seal,0
an eagle,39,a finch a dolphin,0
an eagle,39,a finch a whale,0
an eagle,39,a robin a chicken,0
an eagle,39,a robin an ostrich,0
an eagle,39,a robin a penguin,0
an eagle,39,a robin a salmon,0
an eagle,39,a robin a seal,0
an eagle,39,a robin a dolphin,0
an eagle,39,a robin a whale,0
an eagle,39,a chicken an ostrich,0
an eagle,39,a chicken a penguin,0
an eagle,39,a chicken a salmon,0
an eagle,39,a chicken a seal,0
an eagle,39,a chicken a dolphin,0
an eagle,39,a chicken a whale,0
an eagle,39,an ostrich a penguin,0
an eagle,39,an ostrich a seal,0
an eagle,39,an ostrich a dolphin,0
an eagle,39,an ostrich a whale,0
an eagle,39,a penguin a salmon,0
an eagle,39,a penguin a seal,0
an eagle,39,a penguin a dolphin,0
an eagle,39,a penguin a whale,0
an eagle,39,a salmon a seal,0
an eagle,39,a salmon a dolphin,0
an eagle,39,a seal a dolphin,0
an eagle,39,a dolphin a whale,0
a dolphin,40,a finch a robin,0
a dolphin,40,a finch a chicken,0
a dolphin,40,a finch an eagle,0
a dolphin,40,a finch an ostrich,0
a dolphin,40,a finch a penguin,0
a dolphin,40,a finch a salmon,0
a dolphin,40,a finch a seal,1
a dolphin,40,a finch a whale,0
a dolphin,40,a robin a chicken,0
a dolphin,40,a robin an eagle,0
a dolphin,40,a robin an ostrich,0
a dolphin,40,a robin a penguin,0
a dolphin,40,a robin a salmon,1
a dolphin,40,a robin a seal,1
a dolphin,40,a robin a whale,0
a dolphin,40,a chicken an eagle,0
a dolphin,40,a chicken an ostrich,0
a dolphin,40,a chicken a penguin,0
a dolphin,40,a chicken a salmon,0
a dolphin,40,a chicken a seal,0
a dolphin,40,a chicken a whale,0
a dolphin,40,an eagle an ostrich,0
a dolphin,40,an eagle a penguin,0
a dolphin,40,an eagle a salmon,0
a dolphin,40,an eagle a seal,1
a dolphin,40,an eagle a whale,0
a dolphin,40,an ostrich a penguin,0
a dolphin,40,an ostrich a salmon,0
a dolphin,40,an ostrich a seal,0
a dolphin,40,an ostrich a whale,0
a dolphin,40,a penguin a salmon,1
a dolphin,40,a penguin a seal,1
a dolphin,40,a penguin a whale,1
a dolphin,40,a salmon a seal,0
a dolphin,40,a salmon a whale,0
a robin,41,a finch a chicken,0
a robin,41,a finch an eagle,0
a robin,41,a finch an ostrich,0
a robin,41,a finch a penguin,0
a robin,41,a finch a salmon,0
a robin,41,a finch a seal,0
a robin,41,a finch a dolphin,0
a robin,41,a finch a whale,0
a robin,41,a chicken an eagle,0
a robin,41,a chicken an ostrich,0
a robin,41,a chicken a penguin,0
a robin,41,a chicken a salmon,0
a robin,41,a chicken a seal,0
a robin,41,a chicken a dolphin,0
a robin,41,a chicken a whale,0
a robin,41,an eagle an ostrich,0
a robin,41,an eagle a penguin,0
a robin,41,an eagle a salmon,1
a robin,41,an eagle a seal,0
a robin,41,an eagle a dolphin,0
a robin,41,an eagle a whale,0
a robin,41,an ostrich a penguin,0
a robin,41,an ostrich a salmon,0
a robin,41,an ostrich a seal,0
a robin,41,an ostrich a dolphin,0
a robin,41,an ostrich a whale,0
a robin,41,a penguin a salmon,0
a robin,41,a penguin a seal,0
a robin,41,a penguin a dolphin,0
a robin,41,a penguin a whale,0
a robin,41,a salmon a seal,0
a robin,41,a salmon a dolphin,0
a robin,41,a salmon a whale,0
a robin,41,a seal a dolphin,0
a robin,41,a seal a whale,0
a robin,41,a dolphin a whale,0
a whale,42,a finch a robin,0
a whale,42,a finch a chicken,0
a whale,42,a finch an eagle,0
a whale,42,a finch an ostrich,0
a whale,42,a finch a penguin,0
a whale,42,a finch a salmon,0
a whale,42,a finch a seal,1
a whale,42,a finch a dolphin,0
a whale,42,a robin a chicken,1
a whale,42,a robin an eagle,0
a whale,42,a robin an ostrich,1
a whale,42,a robin a penguin,0
a whale,42,a robin a salmon,0
a whale,42,a robin a seal,1
a whale,42,a robin a dolphin,0
a whale,42,a chicken an ostrich,0
a whale,42,a chicken a penguin,0
a whale,42,a chicken a salmon,0
a whale,42,a chicken a seal,0
a whale,42,a chicken a dolphin,0
a whale,42,an eagle an ostrich,0
a whale,42,an eagle a penguin,0
a whale,42,an eagle a salmon,0
a whale,42,an eagle a seal,1
a whale,42,an eagle a dolphin,0
a whale,42,an ostrich a penguin,0
a whale,42,an ostrich a salmon,0
a whale,42,an ostrich a seal,1
a whale,42,an ostrich a dolphin,0
a whale,42,a penguin a salmon,1
a whale,42,a penguin a seal,1
a whale,42,a penguin a dolphin,1
a whale,42,a salmon a seal,1
a whale,42,a salmon a dolphin,0
a whale,42,a seal a dolphin,0
a dolphin,43,a finch a robin,0
a dolphin,43,a finch a chicken,0
a dolphin,43,a finch an eagle,0
a dolphin,43,a finch an ostrich,0
a dolphin,43,a finch a penguin,0
a dolphin,43,a finch a salmon,0
a dolphin,43,a finch a seal,1
a dolphin,43,a finch a whale,0
a dolphin,43,a robin a chicken,1
a dolphin,43,a robin an eagle,0
a dolphin,43,a robin an ostrich,0
a dolphin,43,a robin a penguin,0
a dolphin,43,a robin a salmon,0
a dolphin,43,a robin a seal,1
a dolphin,43,a robin a whale,0
a dolphin,43,a chicken an eagle,0
a dolphin,43,a chicken an ostrich,0
a dolphin,43,a chicken a penguin,0
a dolphin,43,a chicken a salmon,0
a dolphin,43,a chicken a seal,1
a dolphin,43,a chicken a whale,0
a dolphin,43,an eagle a penguin,0
a dolphin,43,an eagle a salmon,1
a dolphin,43,an eagle a seal,1
a dolphin,43,an eagle a whale,1
a dolphin,43,an ostrich a penguin,0
a dolphin,43,an ostrich a salmon,0
a dolphin,43,an ostrich a seal,0
a dolphin,43,an ostrich a whale,0
a dolphin,43,a penguin a salmon,0
a dolphin,43,a penguin a seal,0
a dolphin,43,a penguin a whale,1
a dolphin,43,a salmon a seal,1
a dolphin,43,a salmon a whale,0
a dolphin,43,a seal a whale,0
a whale,44,a finch a robin,0
a whale,44,a finch a chicken,0
a whale,44,a finch an eagle,0
a whale,44,a finch an ostrich,0
a whale,44,a finch a penguin,0
a whale,44,a finch a salmon,0
a whale,44,a finch a seal,1
a whale,44,a finch a dolphin,0
a whale,44,a robin a chicken,1
a whale,44,a robin an eagle,0
a whale,44,a robin an ostrich,0
a whale,44,a robin a penguin,0
a whale,44,a robin a salmon,0
a whale,44,a robin a seal,0
a whale,44,a robin a dolphin,0
a whale,44,a chicken an eagle,0
a whale,44,a chicken an ostrich,0
a whale,44,a chicken a penguin,0
a whale,44,a chicken a salmon,0
a whale,44,a chicken a seal,1
a whale,44,a chicken a dolphin,0
a whale,44,an eagle a penguin,0
a whale,44,an eagle a salmon,0
a whale,44,an eagle a seal,1
a whale,44,an eagle a dolphin,0
a whale,44,an ostrich a penguin,0
a whale,44,an ostrich a salmon,0
a whale,44,an ostrich a seal,0
a whale,44,an ostrich a dolphin,0
a whale,44,a penguin a salmon,0
a whale,44,a penguin a seal,1
a whale,44,a penguin a dolphin,1
a whale,44,a salmon a seal,0
a whale,44,a salmon a dolphin,1
a whale,44,a seal a dolphin,0
an ostrich,45,a finch a robin,0
an ostrich,45,a finch a chicken,0
an ostrich,45,a finch an eagle,0
an ostrich,45,a finch a penguin,0
an ostrich,45,a finch a salmon,0
an ostrich,45,a finch a seal,0
an ostrich,45,a finch a dolphin,0
an ostrich,45,a finch a whale,0
an ostrich,45,a robin an eagle,0
an ostrich,45,a robin a penguin,0
an ostrich,45,a robin a salmon,0
an ostrich,45,a robin a seal,0
an ostrich,45,a robin a dolphin,0
an ostrich,45,a robin a whale,0
an ostrich,45,a chicken an eagle,0
an ostrich,45,a chicken a penguin,0
an ostrich,45,a chicken a salmon,0
an ostrich,45,a chicken a seal,0
an ostrich,45,a chicken a dolphin,0
an ostrich,45,a chicken a whale,0
an ostrich,45,an eagle a penguin,0
an ostrich,45,an eagle a salmon,0
an ostrich,45,an eagle a seal,0
an ostrich,45,an eagle a dolphin,0
an ostrich,45,an eagle a whale,0
an ostrich,45,a penguin a salmon,0
an ostrich,45,a penguin a seal,0
an ostrich,45,a penguin a dolphin,0
an ostrich,45,a penguin a whale,0
an ostrich,45,a salmon a seal,0
an ostrich,45,a salmon a dolphin,0
an ostrich,45,a salmon a whale,0
an ostrich,45,a seal a dolphin,0
an ostrich,45,a seal a whale,0
an ostrich,45,a dolphin a whale,0
a robin,46,a finch a chicken,0
a robin,46,a finch an eagle,0
a robin,46,a finch an ostrich,0
a robin,46,a finch a penguin,0
a robin,46,a finch a salmon,0
a robin,46,a finch a seal,0
a robin,46,a finch a dolphin,0
a robin,46,a finch a whale,0
a robin,46,a chicken an eagle,0
a robin,46,a chicken an ostrich,0
a robin,46,a chicken a penguin,0
a robin,46,a chicken a salmon,0
a robin,46,a chicken a seal,0
a robin,46,a chicken a dolphin,0
a robin,46,a chicken a whale,0
a robin,46,an eagle an ostrich,0
a robin,46,an eagle a penguin,0
a robin,46,an eagle a salmon,0
a robin,46,an eagle a seal,0
a robin,46,an eagle a dolphin,0
a robin,46,an eagle a whale,0
a robin,46,an ostrich a salmon,0
a robin,46,an ostrich a seal,1
a robin,46,an ostrich a dolphin,0
a robin,46,an ostrich a whale,0
a robin,46,a penguin a salmon,0
a robin,46,a penguin a seal,0
a robin,46,a penguin a dolphin,0
a robin,46,a penguin a whale,0
a robin,46,a salmon a seal,0
a robin,46,a salmon a dolphin,0
a robin,46,a salmon a whale,0
a robin,46,a seal a dolphin,0
a robin,46,a seal a whale,0
a robin,46,a dolphin a whale,0
an eagle,47,a finch a robin,0
an eagle,47,a finch a chicken,1
an eagle,47,a finch an ostrich,0
an eagle,47,a finch a penguin,0
an eagle,47,a finch a salmon,0
an eagle,47,a finch a seal,0
an eagle,47,a finch a dolphin,0
an eagle,47,a finch a whale,0
an eagle,47,a robin a chicken,0
an eagle,47,a robin an ostrich,0
an eagle,47,a robin a penguin,0
an eagle,47,a robin a salmon,0
an eagle,47,a robin a seal,0
an eagle,47,a robin a dolphin,0
an eagle,47,a robin a whale,0
an eagle,47,a chicken an ostrich,0
an eagle,47,a chicken a penguin,0
an eagle,47,a chicken a salmon,0
an eagle,47,a chicken a seal,0
an eagle,47,a chicken a dolphin,0
an eagle,47,a chicken a whale,0
an eagle,47,an ostrich a penguin,0
an eagle,47,an ostrich a salmon,0
an eagle,47,an ostrich a dolphin,0
an eagle,47,an ostrich a whale,0
an eagle,47,a penguin a salmon,0
an eagle,47,a penguin a seal,0
an eagle,47,a penguin a whale,0
an eagle,47,a salmon a seal,0
an eagle,47,a salmon a dolphin,0
an eagle,47,a dolphin a whale,0
a salmon,48,a finch a robin,0
a salmon,48,a finch a chicken,1
a salmon,48,a finch an eagle,1
a salmon,48,a finch an ostrich,0
a salmon,48,a finch a penguin,0
a salmon,48,a finch a seal,0
a salmon,48,a finch a dolphin,0
a salmon,48,a finch a whale,0
a salmon,48,a robin a chicken,0
a salmon,48,a robin an eagle,0
a salmon,48,a robin an ostrich,0
a salmon,48,a robin a penguin,0
a salmon,48,a robin a seal,1
a salmon,48,a robin a dolphin,0
a salmon,48,a robin a whale,0
a salmon,48,a chicken an eagle,1
a salmon,48,a chicken an ostrich,0
a salmon,48,a chicken a penguin,0
a salmon,48,a chicken a seal,1
a salmon,48,a chicken a dolphin,0
a salmon,48,a chicken a whale,0
a salmon,48,an eagle an ostrich,0
a salmon,48,an eagle a penguin,0
a salmon,48,an eagle a seal,1
a salmon,48,an eagle a dolphin,0
a salmon,48,an eagle a whale,0
a salmon,48,an ostrich a penguin,0
a salmon,48,an ostrich a seal,1
a salmon,48,an ostrich a dolphin,0
a salmon,48,an ostrich a whale,0
a salmon,48,a penguin a seal,1
a salmon,48,a penguin a dolphin,0
a salmon,48,a penguin a whale,0
a salmon,48,a seal a dolphin,0
a salmon,48,a seal a whale,0
a salmon,48,a dolphin a whale,0
a seal,49,a finch a robin,0
a seal,49,a finch a chicken,0
a seal,49,a finch an eagle,0
a seal,49,a finch an ostrich,0
a seal,49,a finch a penguin,0
a seal,49,a finch a salmon,0
a seal,49,a finch a dolphin,0
a seal,49,a finch a whale,0
a seal,49,a robin a chicken,0
a seal,49,a robin an eagle,0
a seal,49,a robin an ostrich,0
a seal,49,a robin a penguin,0
a seal,49,a robin a salmon,0
a seal,49,a robin a dolphin,0
a seal,49,a robin a whale,0
a seal,49,a chicken an eagle,0
a seal,49,a chicken an ostrich,0
a seal,49,a chicken a penguin,0
a seal,49,a chicken a salmon,1
a seal,49,a chicken a dolphin,0
a seal,49,a chicken a whale,0
a seal,49,an eagle a penguin,0
a seal,49,an eagle a salmon,0
a seal,49,an eagle a whale,0
a seal,49,an ostrich a penguin,0
a seal,49,an ostrich a salmon,0
a seal,49,an ostrich a dolphin,0
a seal,49,an ostrich a whale,1
a seal,49,a penguin a salmon,0
a seal,49,a penguin a dolphin,0
a seal,49,a penguin a whale,0
a seal,49,a salmon a dolphin,0
a seal,49,a salmon a whale,1
a seal,49,a dolphin a whale,0
a chicken,50,a finch a robin,0
a chicken,50,a finch an eagle,0
a chicken,50,a finch an ostrich,0
a chicken,50,a finch a penguin,0
a chicken,50,a finch a salmon,0
a chicken,50,a finch a seal,0
a chicken,50,a finch a dolphin,0
a chicken,50,a finch a whale,0
a chicken,50,a robin an eagle,0
a chicken,50,a robin an ostrich,0
a chicken,50,a robin a penguin,0
a chicken,50,a robin a salmon,0
a chicken,50,a robin a seal,0
a chicken,50,a robin a dolphin,0
a chicken,50,a robin a whale,0
a chicken,50,an eagle an ostrich,0
a chicken,50,an eagle a penguin,0
a chicken,50,an eagle a salmon,0
a chicken,50,an eagle a seal,0
a chicken,50,an eagle a dolphin,0
a chicken,50,an eagle a whale,0
a chicken,50,an ostrich a penguin,0
a chicken,50,an ostrich a salmon,0
a chicken,50,an ostrich a seal,0
a chicken,50,an ostrich a dolphin,0
a chicken,50,an ostrich a whale,0
a chicken,50,a penguin a salmon,0
a chicken,50,a penguin a whale,0
a chicken,50,a salmon a seal,0
a chicken,50,a salmon a dolphin,0
a chicken,50,a salmon a whale,0
a chicken,50,a seal a dolphin,0
a chicken,50,a seal a whale,0
a chicken,50,a dolphin a whale,0
a finch,51,a robin a chicken,0
a finch,51,a robin an eagle,0
a finch,51,a robin an ostrich,0
a finch,51,a robin a penguin,0
a finch,51,a robin a salmon,0
a finch,51,a robin a seal,0
a finch,51,a robin a dolphin,0
a finch,51,a robin a whale,0
a finch,51,a chicken an eagle,0
a finch,51,a chicken an ostrich,0
a finch,51,a chicken a penguin,0
a finch,51,a chicken a salmon,0
a finch,51,a chicken a seal,0
a finch,51,a chicken a dolphin,0
a finch,51,a chicken a whale,0
a finch,51,an eagle an ostrich,0
a finch,51,an eagle a penguin,0
a finch,51,an eagle a salmon,0
a finch,51,an eagle a seal,0
a finch,51,an eagle a dolphin,0
a finch,51,an eagle a whale,0
a finch,51,an ostrich a penguin,0
a finch,51,an ostrich a salmon,0
a finch,51,an ostrich a seal,0
a finch,51,an ostrich a dolphin,0
a finch,51,an ostrich a whale,0
a finch,51,a penguin a salmon,0
a finch,51,a penguin a seal,0
a finch,51,a penguin a dolphin,0
a finch,51,a penguin a whale,0
a finch,51,a salmon a seal,0
a finch,51,a salmon a dolphin,0
a finch,51,a salmon a whale,0
a finch,51,a seal a dolphin,0
a finch,51,a seal a whale,0
a finch,51,a dolphin a whale,0
an eagle,52,a finch a robin,0
an eagle,52,a finch a chicken,0
an eagle,52,a finch an ostrich,0
an eagle,52,a finch a penguin,0
an eagle,52,a finch a salmon,0
an eagle,52,a finch a seal,0
an eagle,52,a finch a dolphin,0
an eagle,52,a finch a whale,0
an eagle,52,a robin a chicken,0
an eagle,52,a robin an ostrich,0
an eagle,52,a robin a penguin,0
an eagle,52,a robin a salmon,0
an eagle,52,a robin a seal,0
an eagle,52,a robin a dolphin,0
an eagle,52,a robin a whale,0
an eagle,52,a chicken an ostrich,0
an eagle,52,a chicken a penguin,0
an eagle,52,a chicken a salmon,0
an eagle,52,a chicken a seal,0
an eagle,52,a chicken a dolphin,0
an eagle,52,a chicken a whale,0
an eagle,52,an ostrich a penguin,0
an eagle,52,an ostrich a salmon,0
an eagle,52,an ostrich a seal,0
an eagle,52,an ostrich a dolphin,0
an eagle,52,an ostrich a whale,0
an eagle,52,a penguin a salmon,0
an eagle,52,a penguin a seal,0
an eagle,52,a penguin a dolphin,0
an eagle,52,a penguin a whale,0
an eagle,52,a salmon a seal,0
an eagle,52,a salmon a dolphin,0
an eagle,52,a salmon a whale,0
an eagle,52,a seal a dolphin,0
an eagle,52,a seal a whale,0
an eagle,52,a dolphin a whale,0
a robin,53,a finch a chicken,0
a robin,53,a finch an eagle,0
a robin,53,a finch an ostrich,0
a robin,53,a finch a penguin,0
a robin,53,a finch a salmon,0
a robin,53,a finch a seal,0
a robin,53,a finch a dolphin,0
a robin,53,a finch a whale,0
a robin,53,a chicken an eagle,0
a robin,53,a chicken an ostrich,0
a robin,53,a chicken a penguin,0
a robin,53,a chicken a salmon,0
a robin,53,a chicken a seal,0
a robin,53,a chicken a dolphin,0
a robin,53,a chicken a whale,0
a robin,53,an eagle an ostrich,0
a robin,53,an eagle a penguin,0
a robin,53,an eagle a salmon,1
a robin,53,an eagle a seal,0
a robin,53,an eagle a dolphin,0
a robin,53,an eagle a whale,0
a robin,53,an ostrich a penguin,0
a robin,53,an ostrich a salmon,0
a robin,53,an ostrich a seal,0
a robin,53,an ostrich a dolphin,0
a robin,53,an ostrich a whale,0
a robin,53,a penguin a salmon,0
a robin,53,a penguin a seal,0
a robin,53,a penguin a dolphin,0
a robin,53,a penguin a whale,0
a robin,53,a salmon a seal,0
a robin,53,a salmon a whale,0
a robin,53,a seal a dolphin,0
a robin,53,a seal a whale,0
a robin,53,a dolphin a whale,0
a seal,54,a finch a robin,0
a seal,54,a finch a chicken,0
a seal,54,a finch an eagle,0
a seal,54,a finch an ostrich,0
a seal,54,a finch a penguin,0
a seal,54,a finch a salmon,0
a seal,54,a finch a dolphin,0
a seal,54,a finch a whale,0
a seal,54,a robin a chicken,0
a seal,54,a robin an eagle,0
a seal,54,a robin an ostrich,0
a seal,54,a robin a penguin,0
a seal,54,a robin a salmon,0
a seal,54,a robin a dolphin,0
a seal,54,a chicken an ostrich,0
a seal,54,a chicken a penguin,0
a seal,54,a chicken a salmon,0
a seal,54,a chicken a dolphin,0
a seal,54,a chicken a whale,0
a seal,54,an eagle an ostrich,0
a seal,54,an eagle a penguin,0
a seal,54,an eagle a salmon,0
a seal,54,an eagle a dolphin,0
a seal,54,an eagle a whale,0
a seal,54,an ostrich a penguin,0
a seal,54,an ostrich a salmon,0
a seal,54,an ostrich a dolphin,0
a seal,54,an ostrich a whale,0
a seal,54,a penguin a salmon,0
a seal,54,a penguin a dolphin,0
a seal,54,a penguin a whale,0
a seal,54,a salmon a dolphin,0
a seal,54,a salmon a whale,0
a seal,54,a dolphin a whale,0
an eagle,55,a finch a robin,0
an eagle,55,a finch a chicken,0
an eagle,55,a finch an ostrich,0
an eagle,55,a finch a penguin,0
an eagle,55,a finch a salmon,0
an eagle,55,a finch a seal,0
an eagle,55,a finch a dolphin,0
an eagle,55,a finch a whale,0
an eagle,55,a robin a chicken,0
an eagle,55,a robin an ostrich,0
an eagle,55,a robin a penguin,0
an eagle,55,a robin a salmon,0
an eagle,55,a robin a seal,0
an eagle,55,a robin a dolphin,0
an eagle,55,a robin a whale,0
an eagle,55,a chicken an ostrich,0
an eagle,55,a chicken a penguin,0
an eagle,55,a chicken a salmon,0
an eagle,55,a chicken a seal,0
an eagle,55,a chicken a dolphin,0
an eagle,55,a chicken a whale,0
an eagle,55,an ostrich a penguin,0
an eagle,55,an ostrich a salmon,0
an eagle,55,an ostrich a seal,0
an eagle,55,an ostrich a dolphin,0
an eagle,55,an ostrich a whale,0
an eagle,55,a penguin a salmon,0
an eagle,55,a penguin a seal,0
an eagle,55,a penguin a dolphin,0
an eagle,55,a penguin a whale,0
an eagle,55,a salmon a seal,1
an eagle,55,a salmon a dolphin,0
an eagle,55,a salmon a whale,0
an eagle,55,a dolphin a whale,0
a robin,56,a finch a chicken,1
a robin,56,a finch an eagle,0
a robin,56,a finch an ostrich,0
a robin,56,a finch a penguin,0
a robin,56,a finch a salmon,0
a robin,56,a finch a seal,0
a robin,56,a finch a dolphin,0
a robin,56,a finch a whale,0
a robin,56,a chicken an eagle,0
a robin,56,a chicken an ostrich,0
a robin,56,a chicken a penguin,0
a robin,56,a chicken a salmon,0
a robin,56,a chicken a seal,0
a robin,56,a chicken a dolphin,0
a robin,56,a chicken a whale,0
a robin,56,an eagle an ostrich,0
a robin,56,an eagle a penguin,0
a robin,56,an eagle a salmon,0
a robin,56,an eagle a seal,0
a robin,56,an eagle a dolphin,0
a robin,56,an eagle a whale,0
a robin,56,an ostrich a penguin,0
a robin,56,an ostrich a salmon,0
a robin,56,an ostrich a seal,0
a robin,56,an ostrich a dolphin,0
a robin,56,an ostrich a whale,0
a robin,56,a penguin a salmon,0
a robin,56,a penguin a seal,0
a robin,56,a penguin a dolphin,0
a robin,56,a penguin a whale,0
a robin,56,a salmon a seal,0
a robin,56,a salmon a dolphin,0
a robin,56,a salmon a whale,0
a robin,56,a seal a dolphin,0
a robin,56,a seal a whale,0
a penguin,57,a finch a robin,0
a penguin,57,a finch a chicken,0
a penguin,57,a finch an eagle,0
a penguin,57,a finch an ostrich,0
a penguin,57,a finch a salmon,0
a penguin,57,a finch a seal,1
a penguin,57,a finch a dolphin,0
a penguin,57,a finch a whale,0
a penguin,57,a robin a chicken,0
a penguin,57,a robin an eagle,0
a penguin,57,a robin an ostrich,0
a penguin,57,a robin a salmon,0
a penguin,57,a robin a seal,1
a penguin,57,a robin a dolphin,0
a penguin,57,a robin a whale,0
a penguin,57,a chicken an eagle,0
a penguin,57,a chicken an ostrich,0
a penguin,57,a chicken a salmon,0
a penguin,57,a chicken a seal,0
a penguin,57,a chicken a dolphin,0
a penguin,57,a chicken a whale,0
a penguin,57,an eagle an ostrich,0
a penguin,57,an eagle a salmon,0
a penguin,57,an eagle a seal,1
a penguin,57,an eagle a dolphin,0
a penguin,57,an eagle a whale,0
a penguin,57,an ostrich a salmon,0
a penguin,57,an ostrich a seal,0
a penguin,57,an ostrich a dolphin,0
a penguin,57,an ostrich a whale,1
a penguin,57,a salmon a seal,1
a penguin,57,a salmon a dolphin,0
a penguin,57,a salmon a whale,0
a penguin,57,a seal a dolphin,0
a penguin,57,a seal a whale,0
a penguin,57,a dolphin a whale,0
a penguin,58,a finch a robin,0
a penguin,58,a finch a chicken,1
a penguin,58,a finch an eagle,0
a penguin,58,a finch an ostrich,0
a penguin,58,a finch a salmon,0
a penguin,58,a finch a seal,1
a penguin,58,a finch a dolphin,0
a penguin,58,a finch a whale,0
a penguin,58,a robin a chicken,0
a penguin,58,a robin an eagle,0
a penguin,58,a robin an ostrich,0
a penguin,58,a robin a salmon,0
a penguin,58,a robin a seal,1
a penguin,58,a robin a dolphin,0
a penguin,58,a robin a whale,0
a penguin,58,a chicken an eagle,0
a penguin,58,a chicken an ostrich,0
a penguin,58,a chicken a salmon,0
a penguin,58,a chicken a seal,1
a penguin,58,a chicken a dolphin,0
a penguin,58,a chicken a whale,0
a penguin,58,an eagle an ostrich,0
a penguin,58,an eagle a salmon,1
a penguin,58,an eagle a seal,1
a penguin,58,an eagle a dolphin,0
a penguin,58,an eagle a whale,1
a penguin,58,an ostrich a salmon,0
a penguin,58,an ostrich a seal,0
a penguin,58,an ostrich a dolphin,0
a penguin,58,an ostrich a whale,1
a penguin,58,a salmon a seal,1
a penguin,58,a salmon a dolphin,0
a penguin,58,a salmon a whale,0
a penguin,58,a seal a whale,0
a penguin,58,a dolphin a whale,0
a whale,59,a finch a robin,0
a whale,59,a finch a chicken,0
a whale,59,a finch an eagle,0
a whale,59,a finch an ostrich,0
a whale,59,a finch a penguin,0
a whale,59,a finch a salmon,0
a whale,59,a finch a seal,0
a whale,59,a finch a dolphin,0
a whale,59,a robin a chicken,0
a whale,59,a robin an eagle,0
a whale,59,a robin an ostrich,0
a whale,59,a robin a penguin,0
a whale,59,a robin a salmon,0
a whale,59,a robin a seal,0
a whale,59,a robin a dolphin,0
a whale,59,a chicken an eagle,0
a whale,59,a chicken an ostrich,0
a whale,59,a chicken a penguin,0
a whale,59,a chicken a salmon,0
a whale,59,a chicken a seal,0
a whale,59,a chicken a dolphin,0
a whale,59,an eagle an ostrich,0
a whale,59,an eagle a penguin,0
a whale,59,an eagle a salmon,0
a whale,59,an eagle a seal,1
a whale,59,an eagle a dolphin,0
a whale,59,an ostrich a penguin,0
a whale,59,an ostrich a salmon,0
a whale,59,an ostrich a seal,1
a whale,59,an ostrich a dolphin,0
a whale,59,a penguin a salmon,0
a whale,59,a penguin a seal,0
a whale,59,a penguin a dolphin,0
a whale,59,a salmon a seal,0
a whale,59,a salmon a dolphin,0
a whale,59,a seal a dolphin,0
an eagle,60,a finch a robin,0
an eagle,60,a finch a chicken,0
an eagle,60,a finch an ostrich,0
an eagle,60,a finch a penguin,0
an eagle,60,a finch a salmon,0
an eagle,60,a finch a seal,0
an eagle,60,a finch a dolphin,0
an eagle,60,a finch a whale,0
an eagle,60,a robin a chicken,0
an eagle,60,a robin an ostrich,0
an eagle,60,a robin a penguin,0
an eagle,60,a robin a salmon,0
an eagle,60,a robin a seal,0
an eagle,60,a robin a whale,0
an eagle,60,a chicken an ostrich,0
an eagle,60,a chicken a penguin,0
an eagle,60,a chicken a salmon,0
an eagle,60,a chicken a seal,0
an eagle,60,a chicken a dolphin,0
an eagle,60,a chicken a whale,0
an eagle,60,an ostrich a penguin,0
an eagle,60,an ostrich a salmon,0
an eagle,60,an ostrich a seal,0
an eagle,60,an ostrich a dolphin,0
an eagle,60,an ostrich a whale,0
an eagle,60,a penguin a salmon,0
an eagle,60,a penguin a seal,0
an eagle,60,a penguin a whale,0
an eagle,60,a salmon a seal,0
an eagle,60,a salmon a dolphin,0
an eagle,60,a salmon a whale,0
an eagle,60,a seal a whale,0
an eagle,60,a dolphin a whale,0
a penguin,61,a finch a robin,0
a penguin,61,a finch a chicken,1
a penguin,61,a finch an eagle,0
a penguin,61,a finch an ostrich,0
a penguin,61,a finch a salmon,0
a penguin,61,a finch a seal,1
a penguin,61,a finch a dolphin,0
a penguin,61,a finch a whale,0
a penguin,61,a robin a chicken,0
a penguin,61,a robin an eagle,0
a penguin,61,a robin an ostrich,0
a penguin,61,a robin a salmon,0
a penguin,61,a robin a seal,1
a penguin,61,a robin a dolphin,0
a penguin,61,a robin a whale,1
a penguin,61,a chicken an eagle,0
a penguin,61,a chicken an ostrich,0
a penguin,61,a chicken a salmon,0
a penguin,61,a chicken a seal,0
a penguin,61,a chicken a dolphin,0
a penguin,61,a chicken a whale,0
a penguin,61,an eagle an ostrich,0
a penguin,61,an eagle a salmon,0
a penguin,61,an eagle a seal,1
a penguin,61,an eagle a dolphin,0
a penguin,61,an eagle a whale,0
a penguin,61,an ostrich a salmon,0
a penguin,61,an ostrich a seal,0
a penguin,61,an ostrich a dolphin,0
a penguin,61,an ostrich a whale,0
a penguin,61,a salmon a seal,0
a penguin,61,a salmon a dolphin,0
a penguin,61,a salmon a whale,0
a penguin,61,a seal a dolphin,0
a penguin,61,a seal a whale,0
a penguin,61,a dolphin a whale,0
a robin,62,a finch a chicken,0
a robin,62,a finch an eagle,0
a robin,62,a finch an ostrich,0
a robin,62,a finch a penguin,0
a robin,62,a finch a salmon,0
a robin,62,a finch a seal,0
a robin,62,a finch a dolphin,0
a robin,62,a finch a whale,0
a robin,62,a chicken an eagle,0
a robin,62,a chicken an ostrich,0
a robin,62,a chicken a penguin,0
a robin,62,a chicken a salmon,0
a robin,62,a chicken a seal,0
a robin,62,a chicken a dolphin,0
a robin,62,a chicken a whale,0
a robin,62,an eagle an ostrich,0
a robin,62,an eagle a penguin,0
a robin,62,an eagle a salmon,0
a robin,62,an eagle a seal,0
a robin,62,an eagle a dolphin,0
a robin,62,an eagle a whale,0
a robin,62,an ostrich a penguin,0
a robin,62,an ostrich a salmon,0
a robin,62,an ostrich a seal,0
a robin,62,an ostrich a dolphin,0
a robin,62,an ostrich a whale,0
a robin,62,a penguin a salmon,0
a robin,62,a penguin a seal,0
a robin,62,a penguin a dolphin,0
a robin,62,a penguin a whale,0
a robin,62,a salmon a seal,0
a robin,62,a salmon a dolphin,0
a robin,62,a salmon a whale,0
a robin,62,a seal a whale,0
a robin,62,a dolphin a whale,0
a whale,63,a finch a robin,0
a whale,63,a finch a chicken,0
a whale,63,a finch an eagle,0
a whale,63,a finch an ostrich,0
a whale,63,a finch a penguin,0
a whale,63,a finch a salmon,0
a whale,63,a finch a seal,0
a whale,63,a finch a dolphin,0
a whale,63,a robin a chicken,0
a whale,63,a robin an eagle,0
a whale,63,a robin an ostrich,0
a whale,63,a robin a penguin,0
a whale,63,a robin a salmon,1
a whale,63,a robin a seal,1
a whale,63,a robin a dolphin,0
a whale,63,a chicken an eagle,0
a whale,63,a chicken an ostrich,0
a whale,63,a chicken a penguin,0
a whale,63,a chicken a salmon,0
a whale,63,a chicken a seal,1
a whale,63,a chicken a dolphin,0
a whale,63,an eagle an ostrich,0
a whale,63,an eagle a penguin,0
a whale,63,an eagle a salmon,0
a whale,63,an eagle a seal,1
a whale,63,an eagle a dolphin,0
a whale,63,an ostrich a penguin,0
a whale,63,an ostrich a salmon,0
a whale,63,an ostrich a seal,1
a whale,63,an ostrich a dolphin,0
a whale,63,a penguin a salmon,0
a whale,63,a penguin a seal,0
a whale,63,a penguin a dolphin,1
a whale,63,a salmon a seal,1
a whale,63,a salmon a dolphin,0
a whale,63,a seal a dolphin,0
a robin,64,a finch a chicken,0
a robin,64,a finch an eagle,0
a robin,64,a finch an ostrich,0
a robin,64,a finch a penguin,0
a robin,64,a finch a salmon,0
a robin,64,a finch a seal,0
a robin,64,a finch a dolphin,0
a robin,64,a finch a whale,0
a robin,64,a chicken an eagle,0
a robin,64,a chicken an ostrich,0
a robin,64,a chicken a penguin,0
a robin,64,a chicken a salmon,0
a robin,64,a chicken a seal,0
a robin,64,a chicken a dolphin,0
a robin,64,a chicken a whale,0
a robin,64,an eagle an ostrich,0
a robin,64,an eagle a penguin,0
a robin,64,an eagle a salmon,0
a robin,64,an eagle a seal,0
a robin,64,an eagle a dolphin,0
a robin,64,an eagle a whale,0
a robin,64,an ostrich a penguin,0
a robin,64,an ostrich a salmon,0
a robin,64,an ostrich a seal,1
a robin,64,an ostrich a dolphin,0
a robin,64,an ostrich a whale,0
a robin,64,a penguin a salmon,0
a robin,64,a penguin a seal,0
a robin,64,a penguin a dolphin,0
a robin,64,a penguin a whale,0
a robin,64,a salmon a seal,0
a robin,64,a salmon a dolphin,0
a robin,64,a salmon a whale,0
a robin,64,a seal a dolphin,0
a robin,64,a seal a whale,0
a robin,64,a dolphin a whale,0
a whale,65,a finch a robin,0
a whale,65,a finch a chicken,0
a whale,65,a finch an eagle,0
a whale,65,a finch an ostrich,0
a whale,65,a finch a penguin,0
a whale,65,a finch a salmon,0
a whale,65,a finch a seal,1
a whale,65,a finch a dolphin,0
a whale,65,a robin a chicken,0
a whale,65,a robin an eagle,1
a whale,65,a robin an ostrich,1
a whale,65,a robin a penguin,0
a whale,65,a robin a salmon,0
a whale,65,a robin a seal,1
a whale,65,a robin a dolphin,0
a whale,65,a chicken an eagle,0
a whale,65,a chicken an ostrich,0
a whale,65,a chicken a penguin,0
a whale,65,a chicken a salmon,0
a whale,65,a chicken a seal,1
a whale,65,a chicken a dolphin,0
a whale,65,an eagle an ostrich,0
a whale,65,an eagle a penguin,0
a whale,65,an eagle a salmon,1
a whale,65,an eagle a seal,1
a whale,65,an eagle a dolphin,1
a whale,65,an ostrich a penguin,0
a whale,65,an ostrich a salmon,0
a whale,65,an ostrich a seal,1
a whale,65,an ostrich a dolphin,0
a whale,65,a penguin a salmon,0
a whale,65,a penguin a seal,0
a whale,65,a salmon a seal,0
a whale,65,a salmon a dolphin,1
a whale,65,a seal a dolphin,0
an eagle,66,a finch a robin,0
an eagle,66,a finch a chicken,0
an eagle,66,a finch an ostrich,0
an eagle,66,a finch a penguin,0
an eagle,66,a finch a salmon,0
an eagle,66,a finch a seal,0
an eagle,66,a finch a dolphin,0
an eagle,66,a finch a whale,0
an eagle,66,a robin a chicken,0
an eagle,66,a robin an ostrich,0
an eagle,66,a robin a penguin,0
an eagle,66,a robin a salmon,0
an eagle,66,a robin a seal,0
an eagle,66,a robin a dolphin,0
an eagle,66,a robin a whale,0
an eagle,66,a chicken an ostrich,0
an eagle,66,a chicken a penguin,0
an eagle,66,a chicken a salmon,0
an eagle,66,a chicken a seal,0
an eagle,66,a chicken a dolphin,0
an eagle,66,a chicken a whale,0
an eagle,66,an ostrich a penguin,0
an eagle,66,an ostrich a salmon,0
an eagle,66,an ostrich a seal,0
an eagle,66,an ostrich a whale,0
an eagle,66,a penguin a salmon,0
an eagle,66,a penguin a seal,1
an eagle,66,a penguin a whale,0
an eagle,66,a salmon a seal,0
an eagle,66,a salmon a whale,0
an eagle,66,a seal a dolphin,0
an eagle,66,a seal a whale,0
an eagle,66,a dolphin a whale,0
a seal,67,a finch a robin,0
a seal,67,a finch a chicken,0
a seal,67,a finch an eagle,0
a seal,67,a finch an ostrich,0
a seal,67,a finch a penguin,0
a seal,67,a finch a salmon,0
a seal,67,a finch a dolphin,0
a seal,67,a finch a whale,0
a seal,67,a robin a chicken,0
a seal,67,a robin an eagle,0
a seal,67,a robin an ostrich,0
a seal,67,a robin a penguin,0
a seal,67,a robin a salmon,0
a seal,67,a robin a dolphin,0
a seal,67,a robin a whale,1
a seal,67,a chicken an eagle,0
a seal,67,a chicken an ostrich,0
a seal,67,a chicken a penguin,0
a seal,67,a chicken a salmon,0
a seal,67,a chicken a dolphin,0
a seal,67,a chicken a whale,0
a seal,67,an eagle a penguin,0
a seal,67,an eagle a salmon,0
a seal,67,an eagle a dolphin,0
a seal,67,an eagle a whale,0
a seal,67,an ostrich a penguin,0
a seal,67,an ostrich a salmon,0
a seal,67,an ostrich a dolphin,0
a seal,67,an ostrich a whale,0
a seal,67,a penguin a salmon,0
a seal,67,a penguin a dolphin,0
a seal,67,a penguin a whale,0
a seal,67,a salmon a dolphin,0
a seal,67,a dolphin a whale,0
a salmon,68,a finch a robin,0
a salmon,68,a finch a chicken,0
a salmon,68,a finch an eagle,1
a salmon,68,a finch an ostrich,0
a salmon,68,a finch a penguin,0
a salmon,68,a finch a seal,0
a salmon,68,a finch a dolphin,0
a salmon,68,a finch a whale,0
a salmon,68,a robin a chicken,0
a salmon,68,a robin an ostrich,0
a salmon,68,a robin a penguin,1
a salmon,68,a robin a seal,0
a salmon,68,a robin a dolphin,0
a salmon,68,a robin a whale,0
a salmon,68,a chicken an eagle,1
a salmon,68,a chicken an ostrich,0
a salmon,68,a chicken a penguin,0
a salmon,68,a chicken a seal,0
a salmon,68,a chicken a dolphin,0
a salmon,68,a chicken a whale,0
a salmon,68,an eagle a penguin,0
a salmon,68,an eagle a seal,0
a salmon,68,an eagle a dolphin,0
a salmon,68,an eagle a whale,0
a salmon,68,an ostrich a penguin,0
a salmon,68,an ostrich a seal,1
a salmon,68,an ostrich a dolphin,0
a salmon,68,an ostrich a whale,0
a salmon,68,a penguin a seal,1
a salmon,68,a penguin a dolphin,0
a salmon,68,a penguin a whale,1
a salmon,68,a seal a dolphin,0
a salmon,68,a seal a whale,0
a salmon,68,a dolphin a whale,0
a dolphin,69,a finch a robin,0
a dolphin,69,a finch a chicken,0
a dolphin,69,a finch an eagle,0
a dolphin,69,a finch an ostrich,0
a dolphin,69,a finch a penguin,0
a dolphin,69,a finch a salmon,0
a dolphin,69,a finch a seal,0
a dolphin,69,a finch a whale,0
a dolphin,69,a robin a chicken,0
a dolphin,69,a robin an eagle,0
a dolphin,69,a robin an ostrich,0
a dolphin,69,a robin a penguin,0
a dolphin,69,a robin a salmon,1
a dolphin,69,a robin a seal,1
a dolphin,69,a robin a whale,0
a dolphin,69,a chicken an eagle,0
a dolphin,69,a chicken an ostrich,0
a dolphin,69,a chicken a penguin,0
a dolphin,69,a chicken a salmon,0
a dolphin,69,a chicken a seal,1
a dolphin,69,a chicken a whale,0
a dolphin,69,an eagle a salmon,0
a dolphin,69,an eagle a seal,1
a dolphin,69,an eagle a whale,0
a dolphin,69,an ostrich a penguin,0
a dolphin,69,an ostrich a salmon,0
a dolphin,69,an ostrich a seal,0
a dolphin,69,an ostrich a whale,1
a dolphin,69,a penguin a salmon,0
a dolphin,69,a penguin a seal,1
a dolphin,69,a penguin a whale,1
a dolphin,69,a salmon a seal,0
a dolphin,69,a salmon a whale,0
a dolphin,69,a seal a whale,0
a seal,70,a finch a robin,0
a seal,70,a finch a chicken,0
a seal,70,a finch an eagle,0
a seal,70,a finch an ostrich,0
a seal,70,a finch a penguin,0
a seal,70,a finch a salmon,0
a seal,70,a finch a dolphin,0
a seal,70,a finch a whale,0
a seal,70,a robin a chicken,0
a seal,70,a robin an eagle,0
a seal,70,a robin an ostrich,0
a seal,70,a robin a penguin,0
a seal,70,a robin a salmon,0
a seal,70,a robin a dolphin,0
a seal,70,a robin a whale,0
a seal,70,a chicken an eagle,0
a seal,70,a chicken an ostrich,0
a seal,70,a chicken a penguin,0
a seal,70,a chicken a salmon,0
a seal,70,a chicken a whale,0
a seal,70,an eagle an ostrich,0
a seal,70,an eagle a penguin,0
a seal,70,an eagle a salmon,1
a seal,70,an eagle a dolphin,0
a seal,70,an eagle a whale,1
a seal,70,an ostrich a penguin,0
a seal,70,an ostrich a salmon,0
a seal,70,an ostrich a dolphin,0
a seal,70,an ostrich a whale,1
a seal,70,a penguin a salmon,0
a seal,70,a penguin a dolphin,0
a seal,70,a penguin a whale,0
a seal,70,a salmon a dolphin,0
a seal,70,a salmon a whale,0
a seal,70,a dolphin a whale,0
an ostrich,71,a finch a robin,0
an ostrich,71,a finch a chicken,0
an ostrich,71,a finch an eagle,1
an ostrich,71,a finch a penguin,0
an ostrich,71,a finch a salmon,0
an ostrich,71,a finch a seal,0
an ostrich,71,a finch a dolphin,0
an ostrich,71,a finch a whale,0
an ostrich,71,a robin a chicken,0
an ostrich,71,a robin an eagle,0
an ostrich,71,a robin a penguin,0
an ostrich,71,a robin a salmon,0
an ostrich,71,a robin a seal,0
an ostrich,71,a robin a dolphin,0
an ostrich,71,a robin a whale,0
an ostrich,71,a chicken an eagle,0
an ostrich,71,a chicken a penguin,0
an ostrich,71,a chicken a salmon,0
an ostrich,71,a chicken a seal,0
an ostrich,71,a chicken a dolphin,0
an ostrich,71,a chicken a whale,0
an ostrich,71,an eagle a penguin,0
an ostrich,71,an eagle a salmon,0
an ostrich,71,an eagle a seal,0
an ostrich,71,an eagle a dolphin,0
an ostrich,71,an eagle a whale,0
an ostrich,71,a penguin a salmon,0
an ostrich,71,a penguin a seal,0
an ostrich,71,a penguin a dolphin,0
an ostrich,71,a penguin a whale,0
an ostrich,71,a salmon a seal,0
an ostrich,71,a salmon a dolphin,0
an ostrich,71,a salmon a whale,0
an ostrich,71,a seal a dolphin,0
an ostrich,71,a seal a whale,0
an ostrich,71,a dolphin a whale,0
a robin,72,a finch a chicken,0
a robin,72,a finch an eagle,0
a robin,72,a finch an ostrich,0
a robin,72,a finch a penguin,0
a robin,72,a finch a salmon,0
a robin,72,a finch a seal,0
a robin,72,a finch a dolphin,0
a robin,72,a finch a whale,0
a robin,72,a chicken an eagle,0
a robin,72,a chicken an ostrich,0
a robin,72,a chicken a penguin,0
a robin,72,a chicken a salmon,0
a robin,72,a chicken a seal,0
a robin,72,a chicken a dolphin,0
a robin,72,a chicken a whale,0
a robin,72,an eagle an ostrich,0
a robin,72,an eagle a penguin,0
a robin,72,an eagle a salmon,0
a robin,72,an eagle a seal,0
a robin,72,an eagle a dolphin,0
a robin,72,an eagle a whale,0
a robin,72,an ostrich a penguin,0
a robin,72,an ostrich a salmon,0
a robin,72,an ostrich a seal,0
a robin,72,an ostrich a dolphin,0
a robin,72,an ostrich a whale,0
a robin,72,a penguin a salmon,1
a robin,72,a penguin a seal,0
a robin,72,a penguin a dolphin,0
a robin,72,a penguin a whale,0
a robin,72,a salmon a seal,0
a robin,72,a salmon a dolphin,0
a robin,72,a salmon a whale,0
a robin,72,a seal a dolphin,0
a robin,72,a seal a whale,0
a robin,72,a dolphin a whale,0
an ostrich,73,a finch a robin,1
an ostrich,73,a finch a chicken,0
an ostrich,73,a finch an eagle,0
an ostrich,73,a finch a penguin,0
an ostrich,73,a finch a salmon,0
an ostrich,73,a finch a seal,0
an ostrich,73,a finch a dolphin,0
an ostrich,73,a finch a whale,0
an ostrich,73,a robin a chicken,0
an ostrich,73,a robin an eagle,0
an ostrich,73,a robin a penguin,0
an ostrich,73,a robin a salmon,0
an ostrich,73,a robin a seal,0
an ostrich,73,a robin a dolphin,0
an ostrich,73,a robin a whale,0
an ostrich,73,a chicken an eagle,0
an ostrich,73,a chicken a penguin,0
an ostrich,73,a chicken a salmon,0
an ostrich,73,a chicken a seal,0
an ostrich,73,a chicken a dolphin,0
an ostrich,73,a chicken a whale,0
an ostrich,73,an eagle a salmon,0
an ostrich,73,an eagle a seal,0
an ostrich,73,an eagle a dolphin,0
an ostrich,73,an eagle a whale,0
an ostrich,73,a penguin a salmon,0
an ostrich,73,a penguin a seal,0
an ostrich,73,a penguin a dolphin,0
an ostrich,73,a penguin a whale,0
an ostrich,73,a salmon a seal,0
an ostrich,73,a salmon a dolphin,0
an ostrich,73,a seal a dolphin,0
an ostrich,73,a seal a whale,0
an ostrich,73,a dolphin a whale,0
a seal,74,a finch a robin,0
a seal,74,a finch a chicken,0
a seal,74,a finch an eagle,0
a seal,74,a finch an ostrich,0
a seal,74,a finch a penguin,0
a seal,74,a finch a salmon,1
a seal,74,a finch a dolphin,0
a seal,74,a finch a whale,0
a seal,74,a robin a chicken,0
a seal,74,a robin an eagle,0
a seal,74,a robin an ostrich,0
a seal,74,a robin a penguin,0
a seal,74,a robin a salmon,0
a seal,74,a robin a dolphin,1
a seal,74,a robin a whale,0
a seal,74,a chicken an eagle,0
a seal,74,a chicken an ostrich,0
a seal,74,a chicken a penguin,0
a seal,74,a chicken a salmon,1
a seal,74,a chicken a dolphin,0
a seal,74,a chicken a whale,0
a seal,74,an eagle an ostrich,0
a seal,74,an eagle a penguin,0
a seal,74,an eagle a salmon,1
a seal,74,an eagle a dolphin,0
a seal,74,an eagle a whale,0
a seal,74,an ostrich a penguin,0
a seal,74,an ostrich a salmon,0
a seal,74,an ostrich a dolphin,0
a seal,74,an ostrich a whale,0
a seal,74,a penguin a salmon,0
a seal,74,a penguin a dolphin,0
a seal,74,a penguin a whale,0
a seal,74,a salmon a dolphin,0
a seal,74,a salmon a whale,0
a seal,74,a dolphin a whale,0
a whale,75,a finch a robin,0
a whale,75,a finch a chicken,0
a whale,75,a finch an eagle,0
a whale,75,a finch an ostrich,0
a whale,75,a finch a penguin,0
a whale,75,a finch a salmon,1
a whale,75,a finch a seal,0
a whale,75,a finch a dolphin,0
a whale,75,a robin a chicken,0
a whale,75,a robin an eagle,0
a whale,75,a robin an ostrich,0
a whale,75,a robin a penguin,0
a whale,75,a robin a salmon,0
a whale,75,a robin a seal,0
a whale,75,a robin a dolphin,0
a whale,75,a chicken an eagle,0
a whale,75,a chicken an ostrich,0
a whale,75,a chicken a penguin,0
a whale,75,a chicken a salmon,0
a whale,75,a chicken a seal,0
a whale,75,a chicken a dolphin,0
a whale,75,an eagle a penguin,0
a whale,75,an eagle a salmon,0
a whale,75,an eagle a seal,1
a whale,75,an eagle a dolphin,1
a whale,75,an ostrich a penguin,0
a whale,75,an ostrich a salmon,0
a whale,75,an ostrich a seal,0
a whale,75,an ostrich a dolphin,0
a whale,75,a penguin a salmon,0
a whale,75,a penguin a seal,1
a whale,75,a penguin a dolphin,0
a whale,75,a salmon a seal,1
a whale,75,a salmon a dolphin,1
a whale,75,a seal a dolphin,0
a dolphin,76,a finch a robin,0
a dolphin,76,a finch a chicken,0
a dolphin,76,a finch an eagle,0
a dolphin,76,a finch an ostrich,0
a dolphin,76,a finch a penguin,0
a dolphin,76,a finch a salmon,0
a dolphin,76,a finch a seal,1
a dolphin,76,a finch a whale,0
a dolphin,76,a robin a chicken,0
a dolphin,76,a robin an eagle,0
a dolphin,76,a robin an ostrich,0
a dolphin,76,a robin a penguin,0
a dolphin,76,a robin a salmon,0
a dolphin,76,a robin a seal,0
a dolphin,76,a robin a whale,0
a dolphin,76,a chicken an eagle,0
a dolphin,76,a chicken an ostrich,0
a dolphin,76,a chicken a penguin,0
a dolphin,76,a chicken a salmon,0
a dolphin,76,a chicken a seal,1
a dolphin,76,a chicken a whale,0
a dolphin,76,an eagle a penguin,0
a dolphin,76,an eagle a salmon,1
a dolphin,76,an eagle a seal,1
a dolphin,76,an eagle a whale,0
a dolphin,76,an ostrich a penguin,0
a dolphin,76,an ostrich a salmon,0
a dolphin,76,an ostrich a seal,1
a dolphin,76,an ostrich a whale,0
a dolphin,76,a penguin a salmon,0
a dolphin,76,a penguin a seal,1
a dolphin,76,a penguin a whale,1
a dolphin,76,a salmon a seal,1
a dolphin,76,a salmon a whale,1
a dolphin,76,a seal a whale,0
a dolphin,77,a finch a robin,0
a dolphin,77,a finch a chicken,0
a dolphin,77,a finch an eagle,0
a dolphin,77,a finch an ostrich,0
a dolphin,77,a finch a penguin,0
a dolphin,77,a finch a salmon,0
a dolphin,77,a finch a seal,0
a dolphin,77,a finch a whale,0
a dolphin,77,a robin a chicken,0
a dolphin,77,a robin an eagle,0
a dolphin,77,a robin an ostrich,1
a dolphin,77,a robin a penguin,0
a dolphin,77,a robin a salmon,0
a dolphin,77,a robin a seal,0
a dolphin,77,a robin a whale,0
a dolphin,77,a chicken an eagle,0
a dolphin,77,a chicken an ostrich,0
a dolphin,77,a chicken a penguin,0
a dolphin,77,a chicken a salmon,0
a dolphin,77,a chicken a seal,1
a dolphin,77,a chicken a whale,0
a dolphin,77,an eagle an ostrich,0
a dolphin,77,an eagle a penguin,0
a dolphin,77,an eagle a salmon,1
a dolphin,77,an eagle a seal,1
a dolphin,77,an eagle a whale,1
a dolphin,77,an ostrich a penguin,0
a dolphin,77,an ostrich a salmon,0
a dolphin,77,an ostrich a seal,0
a dolphin,77,an ostrich a whale,0
a dolphin,77,a penguin a seal,1
a dolphin,77,a penguin a whale,0
a dolphin,77,a salmon a seal,1
a dolphin,77,a salmon a whale,0
a dolphin,77,a seal a whale,0
a finch,78,a robin a chicken,0
a finch,78,a robin an eagle,0
a finch,78,a robin an ostrich,0
a finch,78,a robin a penguin,0
a finch,78,a robin a salmon,0
a finch,78,a robin a seal,0
a finch,78,a robin a dolphin,0
a finch,78,a robin a whale,0
a finch,78,a chicken an eagle,0
a finch,78,a chicken an ostrich,0
a finch,78,a chicken a penguin,0
a finch,78,a chicken a salmon,0
a finch,78,a chicken a seal,0
a finch,78,a chicken a dolphin,0
a finch,78,a chicken a whale,0
a finch,78,an eagle an ostrich,0
a finch,78,an eagle a penguin,0
a finch,78,an eagle a salmon,0
a finch,78,an eagle a seal,0
a finch,78,an eagle a dolphin,0
a finch,78,an eagle a whale,0
a finch,78,an ostrich a salmon,0
a finch,78,an ostrich a seal,0
a finch,78,an ostrich a dolphin,0
a finch,78,an ostrich a whale,0
a finch,78,a penguin a salmon,0
a finch,78,a penguin a seal,0
a finch,78,a penguin a dolphin,0
a finch,78,a penguin a whale,0
a finch,78,a salmon a seal,0
a finch,78,a salmon a dolphin,0
a finch,78,a salmon a whale,0
a finch,78,a seal a dolphin,0
a finch,78,a seal a whale,0
a dolphin,79,a finch a robin,0
a dolphin,79,a finch a chicken,0
a dolphin,79,a finch an eagle,0
a dolphin,79,a finch an ostrich,0
a dolphin,79,a finch a penguin,0
a dolphin,79,a finch a salmon,0
a dolphin,79,a finch a seal,1
a dolphin,79,a finch a whale,0
a dolphin,79,a robin a chicken,0
a dolphin,79,a robin an eagle,0
a dolphin,79,a robin an ostrich,0
a dolphin,79,a robin a penguin,0
a dolphin,79,a robin a salmon,0
a dolphin,79,a robin a seal,1
a dolphin,79,a robin a whale,0
a dolphin,79,a chicken an eagle,0
a dolphin,79,a chicken an ostrich,0
a dolphin,79,a chicken a penguin,0
a dolphin,79,a chicken a salmon,0
a dolphin,79,a chicken a seal,0
a dolphin,79,a chicken a whale,0
a dolphin,79,an eagle an ostrich,0
a dolphin,79,an eagle a penguin,0
a dolphin,79,an eagle a salmon,0
a dolphin,79,an eagle a seal,1
a dolphin,79,an eagle a whale,1
a dolphin,79,an ostrich a penguin,0
a dolphin,79,an ostrich a salmon,0
a dolphin,79,an ostrich a seal,1
a dolphin,79,an ostrich a whale,0
a dolphin,79,a penguin a salmon,0
a dolphin,79,a penguin a seal,1
a dolphin,79,a penguin a whale,1
a dolphin,79,a salmon a seal,1
a dolphin,79,a salmon a whale,1
a dolphin,79,a seal a whale,0
a salmon,80,a finch a robin,0
a salmon,80,a finch a chicken,0
a salmon,80,a finch an eagle,0
a salmon,80,a finch an ostrich,0
a salmon,80,a finch a penguin,0
a salmon,80,a finch a seal,1
a salmon,80,a finch a dolphin,0
a salmon,80,a finch a whale,0
a salmon,80,a robin an eagle,0
a salmon,80,a robin an ostrich,0
a salmon,80,a robin a penguin,0
a salmon,80,a robin a seal,0
a salmon,80,a robin a dolphin,0
a salmon,80,a robin a whale,0
a salmon,80,a chicken an eagle,1
a salmon,80,a chicken an ostrich,0
a salmon,80,a chicken a penguin,0
a salmon,80,a chicken a seal,1
a salmon,80,a chicken a dolphin,0
a salmon,80,a chicken a whale,0
a salmon,80,an eagle an ostrich,0
a salmon,80,an eagle a penguin,0
a salmon,80,an eagle a seal,1
a salmon,80,an eagle a dolphin,0
a salmon,80,an eagle a whale,0
a salmon,80,an ostrich a penguin,0
a salmon,80,an ostrich a seal,0
a salmon,80,an ostrich a dolphin,0
a salmon,80,an ostrich a whale,0
a salmon,80,a penguin a seal,1
a salmon,80,a penguin a dolphin,0
a salmon,80,a penguin a whale,0
a salmon,80,a seal a dolphin,0
a salmon,80,a seal a whale,0
a salmon,80,a dolphin a whale,0
a dolphin,81,a finch a robin,0
a dolphin,81,a finch a chicken,0
a dolphin,81,a finch an eagle,0
a dolphin,81,a finch an ostrich,0
a dolphin,81,a finch a penguin,0
a dolphin,81,a finch a salmon,0
a dolphin,81,a finch a seal,0
a dolphin,81,a finch a whale,0
a dolphin,81,a robin a chicken,0
a dolphin,81,a robin an eagle,1
a dolphin,81,a robin an ostrich,0
a dolphin,81,a robin a penguin,0
a dolphin,81,a robin a salmon,1
a dolphin,81,a robin a seal,0
a dolphin,81,a robin a whale,0
a dolphin,81,a chicken an eagle,0
a dolphin,81,a chicken an ostrich,0
a dolphin,81,a chicken a penguin,0
a dolphin,81,a chicken a salmon,0
a dolphin,81,a chicken a seal,1
a dolphin,81,a chicken a whale,0
a dolphin,81,an eagle an ostrich,0
a dolphin,81,an eagle a penguin,0
a dolphin,81,an eagle a salmon,0
a dolphin,81,an eagle a seal,1
a dolphin,81,an eagle a whale,0
a dolphin,81,an ostrich a penguin,0
a dolphin,81,an ostrich a salmon,0
a dolphin,81,an ostrich a seal,0
a dolphin,81,an ostrich a whale,0
a dolphin,81,a penguin a salmon,0
a dolphin,81,a penguin a seal,1
a dolphin,81,a penguin a whale,1
a dolphin,81,a salmon a seal,0
a dolphin,81,a salmon a whale,1
a dolphin,81,a seal a whale,0
a seal,82,a finch a robin,0
a seal,82,a finch a chicken,0
a seal,82,a finch an eagle,0
a seal,82,a finch an ostrich,0
a seal,82,a finch a penguin,0
a seal,82,a finch a salmon,0
a seal,82,a finch a dolphin,0
a seal,82,a finch a whale,0
a seal,82,a robin a chicken,0
a seal,82,a robin an eagle,1
a seal,82,a robin an ostrich,0
a seal,82,a robin a penguin,0
a seal,82,a robin a salmon,1
a seal,82,a robin a dolphin,0
a seal,82,a robin a whale,0
a seal,82,a chicken an eagle,0
a seal,82,a chicken an ostrich,0
a seal,82,a chicken a penguin,0
a seal,82,a chicken a salmon,0
a seal,82,a chicken a dolphin,0
a seal,82,a chicken a whale,0
a seal,82,an eagle an ostrich,0
a seal,82,an eagle a penguin,0
a seal,82,an eagle a salmon,0
a seal,82,an eagle a dolphin,0
a seal,82,an eagle a whale,0
a seal,82,an ostrich a penguin,0
a seal,82,an ostrich a salmon,0
a seal,82,an ostrich a dolphin,0
a seal,82,an ostrich a whale,0
a seal,82,a penguin a salmon,0
a seal,82,a penguin a dolphin,0
a seal,82,a penguin a whale,0
a seal,82,a salmon a dolphin,0
a seal,82,a salmon a whale,0
a seal,82,a dolphin a whale,0
a finch,83,a robin a chicken,0
a finch,83,a robin an eagle,0
a finch,83,a robin an ostrich,0
a finch,83,a robin a penguin,0
a finch,83,a robin a salmon,0
a finch,83,a robin a seal,0
a finch,83,a robin a dolphin,0
a finch,83,a robin a whale,0
a finch,83,a chicken an eagle,0
a finch,83,a chicken an ostrich,0
a finch,83,a chicken a penguin,0
a finch,83,a chicken a salmon,0
a finch,83,a chicken a seal,0
a finch,83,a chicken a dolphin,0
a finch,83,a chicken a whale,0
a finch,83,an eagle an ostrich,0
a finch,83,an eagle a penguin,0
a finch,83,an eagle a salmon,0
a finch,83,an eagle a seal,0
a finch,83,an eagle a dolphin,0
a finch,83,an eagle a whale,0
a finch,83,an ostrich a penguin,0
a finch,83,an ostrich a salmon,0
a finch,83,an ostrich a seal,0
a finch,83,an ostrich a dolphin,0
a finch,83,an ostrich a whale,0
a finch,83,a penguin a seal,0
a finch,83,a penguin a dolphin,0
a finch,83,a penguin a whale,0
a finch,83,a salmon a seal,0
a finch,83,a salmon a dolphin,0
a finch,83,a salmon a whale,0
a finch,83,a seal a dolphin,0
a finch,83,a seal a whale,0
a finch,83,a dolphin a whale,0
a seal,84,a finch a robin,0
a seal,84,a finch a chicken,0
a seal,84,a finch an eagle,0
a seal,84,a finch an ostrich,0
a seal,84,a finch a penguin,0
a seal,84,a finch a salmon,0
a seal,84,a finch a dolphin,0
a seal,84,a finch a whale,0
a seal,84,a robin a chicken,0
a seal,84,a robin an eagle,0
a seal,84,a robin an ostrich,0
a seal,84,a robin a penguin,0
a seal,84,a robin a salmon,1
a seal,84,a robin a dolphin,0
a seal,84,a robin a whale,0
a seal,84,a chicken an eagle,0
a seal,84,a chicken an ostrich,0
a seal,84,a chicken a penguin,0
a seal,84,a chicken a salmon,1
a seal,84,a chicken a dolphin,0
a seal,84,a chicken a whale,0
a seal,84,an eagle an ostrich,0
a seal,84,an eagle a penguin,0
a seal,84,an eagle a salmon,0
a seal,84,an eagle a dolphin,0
a seal,84,an eagle a whale,0
a seal,84,an ostrich a penguin,0
a seal,84,an ostrich a dolphin,0
a seal,84,an ostrich a whale,0
a seal,84,a penguin a salmon,0
a seal,84,a penguin a dolphin,0
a seal,84,a penguin a whale,0
a seal,84,a salmon a dolphin,0
a seal,84,a salmon a whale,0
a seal,84,a dolphin a whale,0
a seal,85,a finch a robin,0
a seal,85,a finch a chicken,0
a seal,85,a finch an eagle,0
a seal,85,a finch an ostrich,0
a seal,85,a finch a penguin,0
a seal,85,a finch a salmon,0
a seal,85,a finch a dolphin,0
a seal,85,a finch a whale,0
a seal,85,a robin an eagle,0
a seal,85,a robin an ostrich,0
a seal,85,a robin a penguin,0
a seal,85,a robin a salmon,0
a seal,85,a robin a dolphin,0
a seal,85,a robin a whale,1
a seal,85,a chicken an eagle,0
a seal,85,a chicken an ostrich,0
a seal,85,a chicken a penguin,0
a seal,85,a chicken a salmon,1
a seal,85,a chicken a dolphin,0
a seal,85,a chicken a whale,0
a seal,85,an eagle an ostrich,0
a seal,85,an eagle a penguin,0
a seal,85,an eagle a salmon,1
a seal,85,an eagle a whale,0
a seal,85,an ostrich a penguin,0
a seal,85,an ostrich a salmon,1
a seal,85,an ostrich a dolphin,0
a seal,85,an ostrich a whale,0
a seal,85,a penguin a salmon,0
a seal,85,a penguin a dolphin,0
a seal,85,a penguin a whale,0
a seal,85,a salmon a dolphin,0
a seal,85,a dolphin a whale,0
a chicken,86,a finch a robin,0
a chicken,86,a finch an eagle,0
a chicken,86,a finch an ostrich,0
a chicken,86,a finch a penguin,0
a chicken,86,a finch a salmon,0
a chicken,86,a finch a seal,0
a chicken,86,a finch a dolphin,0
a chicken,86,a finch a whale,0
a chicken,86,a robin an eagle,0
a chicken,86,a robin an ostrich,0
a chicken,86,a robin a penguin,0
a chicken,86,a robin a salmon,0
a chicken,86,a robin a seal,0
a chicken,86,a robin a dolphin,0
a chicken,86,a robin a whale,0
a chicken,86,an eagle an ostrich,0
a chicken,86,an eagle a penguin,0
a chicken,86,an eagle a salmon,0
a chicken,86,an eagle a seal,0
a chicken,86,an eagle a dolphin,0
a chicken,86,an eagle a whale,0
a chicken,86,an ostrich a penguin,0
a chicken,86,an ostrich a salmon,0
a chicken,86,an ostrich a seal,0
a chicken,86,an ostrich a dolphin,0
a chicken,86,an ostrich a whale,0
a chicken,86,a penguin a salmon,0
a chicken,86,a penguin a seal,0
a chicken,86,a penguin a whale,0
a chicken,86,a salmon a seal,0
a chicken,86,a salmon a dolphin,0
a chicken,86,a salmon a whale,0
a chicken,86,a seal a dolphin,0
a chicken,86,a seal a whale,0
a chicken,86,a dolphin a whale,0
a finch,87,a robin a chicken,0
a finch,87,a robin an eagle,0
a finch,87,a robin an ostrich,0
a finch,87,a robin a penguin,0
a finch,87,a robin a salmon,0
a finch,87,a robin a seal,0
a finch,87,a robin a dolphin,0
a finch,87,a robin a whale,0
a finch,87,a chicken an eagle,0
a finch,87,a chicken an ostrich,0
a finch,87,a chicken a penguin,0
a finch,87,a chicken a salmon,0
a finch,87,a chicken a seal,0
a finch,87,a chicken a dolphin,0
a finch,87,a chicken a whale,0
a finch,87,an eagle an ostrich,0
a finch,87,an eagle a penguin,0
a finch,87,an eagle a salmon,0
a finch,87,an eagle a seal,0
a finch,87,an eagle a dolphin,0
a finch,87,an eagle a whale,0
a finch,87,an ostrich a penguin,0
a finch,87,an ostrich a salmon,0
a finch,87,an ostrich a seal,0
a finch,87,an ostrich a dolphin,0
a finch,87,an ostrich a whale,0
a finch,87,a penguin a salmon,0
a finch,87,a penguin a seal,0
a finch,87,a penguin a dolphin,0
a finch,87,a penguin a whale,0
a finch,87,a salmon a seal,0
a finch,87,a salmon a dolphin,0
a finch,87,a salmon a whale,0
a finch,87,a seal a dolphin,0
a finch,87,a seal a whale,0
a finch,87,a dolphin a whale,0
a seal,88,a finch a robin,0
a seal,88,a finch a chicken,0
a seal,88,a finch an eagle,0
a seal,88,a finch an ostrich,0
a seal,88,a finch a penguin,0
a seal,88,a finch a salmon,0
a seal,88,a finch a dolphin,0
a seal,88,a finch a whale,0
a seal,88,a robin a chicken,0
a seal,88,a robin an eagle,0
a seal,88,a robin an ostrich,0
a seal,88,a robin a penguin,0
a seal,88,a robin a salmon,1
a seal,88,a robin a dolphin,0
a seal,88,a robin a whale,0
a seal,88,a chicken an eagle,0
a seal,88,a chicken an ostrich,0
a seal,88,a chicken a penguin,0
a seal,88,a chicken a salmon,0
a seal,88,a chicken a dolphin,0
a seal,88,a chicken a whale,0
a seal,88,an eagle an ostrich,0
a seal,88,an eagle a penguin,0
a seal,88,an eagle a salmon,0
a seal,88,an eagle a dolphin,0
a seal,88,an eagle a whale,0
a seal,88,an ostrich a penguin,0
a seal,88,an ostrich a salmon,1
a seal,88,an ostrich a dolphin,0
a seal,88,an ostrich a whale,0
a seal,88,a penguin a salmon,0
a seal,88,a penguin a dolphin,0
a seal,88,a penguin a whale,0
a seal,88,a salmon a dolphin,0
a seal,88,a salmon a whale,0
a seal,88,a dolphin a whale,0
a chicken,89,a finch a robin,0
a chicken,89,a finch an eagle,0
a chicken,89,a finch an ostrich,0
a chicken,89,a finch a penguin,0
a chicken,89,a finch a salmon,0
a chicken,89,a finch a seal,0
a chicken,89,a finch a dolphin,0
a chicken,89,a finch a whale,0
a chicken,89,a robin an eagle,0
a chicken,89,a robin an ostrich,0
a chicken,89,a robin a penguin,0
a chicken,89,a robin a salmon,0
a chicken,89,a robin a seal,0
a chicken,89,a robin a dolphin,0
a chicken,89,a robin a whale,0
a chicken,89,an eagle an ostrich,0
a chicken,89,an eagle a penguin,0
a chicken,89,an eagle a salmon,0
a chicken,89,an eagle a seal,0
a chicken,89,an eagle a dolphin,0
a chicken,89,an eagle a whale,0
a chicken,89,an ostrich a penguin,0
a chicken,89,an ostrich a salmon,0
a chicken,89,an ostrich a seal,0
a chicken,89,an ostrich a dolphin,0
a chicken,89,an ostrich a whale,0
a chicken,89,a penguin a salmon,0
a chicken,89,a penguin a seal,0
a chicken,89,a penguin a whale,0
a chicken,89,a salmon a seal,0
a chicken,89,a salmon a dolphin,0
a chicken,89,a salmon a whale,0
a chicken,89,a seal a dolphin,0
a chicken,89,a seal a whale,0
a chicken,89,a dolphin a whale,0
a chicken,90,a finch a robin,0
a chicken,90,a finch an eagle,0
a chicken,90,a finch an ostrich,0
a chicken,90,a finch a penguin,0
a chicken,90,a finch a salmon,0
a chicken,90,a finch a seal,0
a chicken,90,a finch a dolphin,0
a chicken,90,a finch a whale,0
a chicken,90,a robin an eagle,0
a chicken,90,a robin an ostrich,0
a chicken,90,a robin a penguin,0
a chicken,90,a robin a salmon,0
a chicken,90,a robin a seal,0
a chicken,90,a robin a dolphin,0
a chicken,90,a robin a whale,0
a chicken,90,an eagle an ostrich,0
a chicken,90,an eagle a penguin,0
a chicken,90,an eagle a salmon,0
a chicken,90,an eagle a seal,0
a chicken,90,an eagle a dolphin,0
a chicken,90,an eagle a whale,0
a chicken,90,an ostrich a penguin,0
a chicken,90,an ostrich a salmon,0
a chicken,90,an ostrich a seal,0
a chicken,90,an ostrich a dolphin,0
a chicken,90,an ostrich a whale,0
a chicken,90,a penguin a salmon,0
a chicken,90,a penguin a seal,0
a chicken,90,a penguin a dolphin,0
a chicken,90,a penguin a whale,0
a chicken,90,a salmon a seal,0
a chicken,90,a salmon a whale,0
a chicken,90,a seal a dolphin,0
a chicken,90,a seal a whale,0
a chicken,90,a dolphin a whale,0
a finch,91,a robin a chicken,0
a finch,91,a robin an eagle,0
a finch,91,a robin an ostrich,0
a finch,91,a robin a penguin,0
a finch,91,a robin a salmon,0
a finch,91,a robin a seal,0
a finch,91,a robin a whale,0
a finch,91,a chicken an eagle,0
a finch,91,a chicken an ostrich,0
a finch,91,a chicken a penguin,0
a finch,91,a chicken a salmon,0
a finch,91,a chicken a seal,0
a finch,91,a chicken a dolphin,0
a finch,91,a chicken a whale,0
a finch,91,an eagle an ostrich,0
a finch,91,an eagle a penguin,0
a finch,91,an eagle a salmon,0
a finch,91,an eagle a seal,0
a finch,91,an eagle a dolphin,0
a finch,91,an eagle a whale,0
a finch,91,an ostrich a penguin,0
a finch,91,an ostrich a salmon,0
a finch,91,an ostrich a seal,0
a finch,91,an ostrich a dolphin,0
a finch,91,an ostrich a whale,0
a finch,91,a penguin a salmon,0
a finch,91,a penguin a seal,0
a finch,91,a penguin a dolphin,0
a finch,91,a penguin a whale,0
a finch,91,a salmon a seal,0
a finch,91,a salmon a dolphin,0
a finch,91,a salmon a whale,0
a finch,91,a seal a dolphin,0
a finch,91,a seal a whale,0
a finch,91,a dolphin a whale,0
an ostrich,92,a finch a robin,0
an ostrich,92,a finch a chicken,0
an ostrich,92,a finch an eagle,1
an ostrich,92,a finch a penguin,0
an ostrich,92,a finch a salmon,0
an ostrich,92,a finch a seal,0
an ostrich,92,a finch a dolphin,0
an ostrich,92,a finch a whale,0
an ostrich,92,a robin a chicken,1
an ostrich,92,a robin an eagle,0
an ostrich,92,a robin a penguin,0
an ostrich,92,a robin a salmon,0
an ostrich,92,a robin a seal,0
an ostrich,92,a robin a dolphin,0
an ostrich,92,a robin a whale,0
an ostrich,92,a chicken an eagle,0
an ostrich,92,a chicken a penguin,0
an ostrich,92,a chicken a salmon,0
an ostrich,92,a chicken a seal,0
an ostrich,92,a chicken a dolphin,0
an ostrich,92,a chicken a whale,0
an ostrich,92,an eagle a penguin,0
an ostrich,92,an eagle a salmon,0
an ostrich,92,an eagle a seal,0
an ostrich,92,an eagle a dolphin,0
an ostrich,92,an eagle a whale,0
an ostrich,92,a penguin a salmon,0
an ostrich,92,a penguin a seal,0
an ostrich,92,a penguin a dolphin,0
an ostrich,92,a penguin a whale,0
an ostrich,92,a salmon a seal,0
an ostrich,92,a salmon a dolphin,0
an ostrich,92,a salmon a whale,0
an ostrich,92,a seal a dolphin,0
an ostrich,92,a seal a whale,0
an ostrich,92,a dolphin a whale,0
a whale,93,a finch a robin,0
a whale,93,a finch a chicken,0
a whale,93,a finch an eagle,0
a whale,93,a finch an ostrich,0
a whale,93,a finch a penguin,0
a whale,93,a finch a salmon,0
a whale,93,a finch a seal,0
a whale,93,a finch a dolphin,0
a whale,93,a robin a chicken,1
a whale,93,a robin an eagle,0
a whale,93,a robin an ostrich,1
a whale,93,a robin a penguin,0
a whale,93,a robin a salmon,0
a whale,93,a robin a seal,1
a whale,93,a robin a dolphin,0
a whale,93,a chicken an eagle,0
a whale,93,a chicken an ostrich,0
a whale,93,a chicken a penguin,0
a whale,93,a chicken a salmon,0
a whale,93,a chicken a seal,0
a whale,93,a chicken a dolphin,0
a whale,93,an eagle an ostrich,0
a whale,93,an eagle a penguin,0
a whale,93,an eagle a salmon,1
a whale,93,an eagle a seal,1
a whale,93,an eagle a dolphin,0
a whale,93,an ostrich a penguin,0
a whale,93,an ostrich a salmon,0
a whale,93,an ostrich a seal,0
a whale,93,an ostrich a dolphin,1
a whale,93,a penguin a salmon,0
a whale,93,a penguin a seal,1
a whale,93,a penguin a dolphin,1
a whale,93,a salmon a seal,1
a whale,93,a salmon a dolphin,0
a whale,93,a seal a dolphin,0
a salmon,94,a finch a robin,0
a salmon,94,a finch a chicken,0
a salmon,94,a finch an eagle,0
a salmon,94,a finch an ostrich,0
a salmon,94,a finch a penguin,0
a salmon,94,a finch a seal,0
a salmon,94,a finch a dolphin,0
a salmon,94,a finch a whale,0
a salmon,94,a robin a chicken,1
a salmon,94,a robin an eagle,0
a salmon,94,a robin an ostrich,0
a salmon,94,a robin a penguin,0
a salmon,94,a robin a seal,0
a salmon,94,a robin a dolphin,1
a salmon,94,a robin a whale,0
a salmon,94,a chicken an eagle,0
a salmon,94,a chicken an ostrich,0
a salmon,94,a chicken a penguin,0
a salmon,94,a chicken a seal,0
a salmon,94,a chicken a dolphin,1
a salmon,94,a chicken a whale,1
a salmon,94,an eagle an ostrich,0
a salmon,94,an eagle a penguin,0
a salmon,94,an eagle a seal,1
a salmon,94,an eagle a dolphin,0
a salmon,94,an eagle a whale,0
a salmon,94,an ostrich a penguin,0
a salmon,94,an ostrich a seal,0
a salmon,94,an ostrich a dolphin,1
a salmon,94,an ostrich a whale,0
a salmon,94,a penguin a seal,1
a salmon,94,a penguin a dolphin,0
a salmon,94,a seal a dolphin,0
a salmon,94,a seal a whale,0
a salmon,94,a dolphin a whale,0
a whale,95,a finch a robin,0
a whale,95,a finch a chicken,0
a whale,95,a finch an eagle,0
a whale,95,a finch an ostrich,0
a whale,95,a finch a penguin,0
a whale,95,a finch a salmon,0
a whale,95,a finch a seal,1
a whale,95,a finch a dolphin,0
a whale,95,a robin a chicken,0
a whale,95,a robin an eagle,1
a whale,95,a robin an ostrich,0
a whale,95,a robin a penguin,0
a whale,95,a robin a salmon,0
a whale,95,a robin a seal,1
a whale,95,a robin a dolphin,0
a whale,95,a chicken an eagle,0
a whale,95,a chicken an ostrich,0
a whale,95,a chicken a penguin,0
a whale,95,a chicken a salmon,0
a whale,95,a chicken a seal,0
a whale,95,a chicken a dolphin,0
a whale,95,an eagle a salmon,1
a whale,95,an eagle a seal,1
a whale,95,an eagle a dolphin,0
a whale,95,an ostrich a penguin,0
a whale,95,an ostrich a salmon,1
a whale,95,an ostrich a seal,1
a whale,95,an ostrich a dolphin,0
a whale,95,a penguin a salmon,0
a whale,95,a penguin a seal,1
a whale,95,a penguin a dolphin,0
a whale,95,a salmon a seal,1
a whale,95,a salmon a dolphin,0
a whale,95,a seal a dolphin,0
a dolphin,96,a finch a robin,0
a dolphin,96,a finch a chicken,0
a dolphin,96,a finch an eagle,0
a dolphin,96,a finch an ostrich,0
a dolphin,96,a finch a penguin,0
a dolphin,96,a finch a salmon,0
a dolphin,96,a finch a seal,0
a dolphin,96,a finch a whale,0
a dolphin,96,a robin a chicken,0
a dolphin,96,a robin an eagle,0
a dolphin,96,a robin an ostrich,0
a dolphin,96,a robin a penguin,0
a dolphin,96,a robin a salmon,0
a dolphin,96,a robin a seal,1
a dolphin,96,a robin a whale,0
a dolphin,96,a chicken an eagle,0
a dolphin,96,a chicken an ostrich,0
a dolphin,96,a chicken a penguin,0
a dolphin,96,a chicken a salmon,0
a dolphin,96,a chicken a seal,0
a dolphin,96,a chicken a whale,0
a dolphin,96,an eagle an ostrich,0
a dolphin,96,an eagle a penguin,0
a dolphin,96,an eagle a salmon,1
a dolphin,96,an eagle a seal,0
a dolphin,96,an eagle a whale,0
a dolphin,96,an ostrich a penguin,0
a dolphin,96,an ostrich a salmon,0
a dolphin,96,an ostrich a seal,0
a dolphin,96,an ostrich a whale,0
a dolphin,96,a penguin a salmon,0
a dolphin,96,a penguin a whale,0
a dolphin,96,a salmon a seal,1
a dolphin,96,a salmon a whale,0
a dolphin,96,a seal a whale,0
a salmon,97,a finch a robin,0
a salmon,97,a finch a chicken,1
a salmon,97,a finch an eagle,0
a salmon,97,a finch an ostrich,0
a salmon,97,a finch a penguin,0
a salmon,97,a finch a seal,0
a salmon,97,a finch a dolphin,0
a salmon,97,a finch a whale,0
a salmon,97,a robin a chicken,1
a salmon,97,a robin an ostrich,0
a salmon,97,a robin a penguin,0
a salmon,97,a robin a seal,0
a salmon,97,a robin a dolphin,0
a salmon,97,a robin a whale,0
a salmon,97,a chicken an eagle,0
a salmon,97,a chicken an ostrich,0
a salmon,97,a chicken a penguin,0
a salmon,97,a chicken a seal,1
a salmon,97,a chicken a dolphin,0
a salmon,97,a chicken a whale,0
a salmon,97,an eagle an ostrich,0
a salmon,97,an eagle a penguin,0
a salmon,97,an eagle a seal,1
a salmon,97,an eagle a dolphin,0
a salmon,97,an eagle a whale,0
a salmon,97,an ostrich a penguin,0
a salmon,97,an ostrich a seal,0
a salmon,97,an ostrich a whale,0
a salmon,97,a penguin a seal,0
a salmon,97,a penguin a dolphin,0
a salmon,97,a penguin a whale,0
a salmon,97,a seal a dolphin,0
a salmon,97,a dolphin a whale,0
a dolphin,98,a finch a robin,0
a dolphin,98,a finch a chicken,0
a dolphin,98,a finch an eagle,0
a dolphin,98,a finch an ostrich,0
a dolphin,98,a finch a penguin,0
a dolphin,98,a finch a salmon,0
a dolphin,98,a finch a seal,0
a dolphin,98,a finch a whale,0
a dolphin,98,a robin a chicken,0
a dolphin,98,a robin an eagle,0
a dolphin,98,a robin an ostrich,0
a dolphin,98,a robin a penguin,0
a dolphin,98,a robin a salmon,0
a dolphin,98,a robin a seal,1
a dolphin,98,a robin a whale,0
a dolphin,98,a chicken an eagle,0
a dolphin,98,a chicken an ostrich,0
a dolphin,98,a chicken a penguin,0
a dolphin,98,a chicken a salmon,0
a dolphin,98,a chicken a seal,0
a dolphin,98,a chicken a whale,0
a dolphin,98,an eagle an ostrich,0
a dolphin,98,an eagle a penguin,0
a dolphin,98,an eagle a salmon,0
a dolphin,98,an eagle a seal,1
a dolphin,98,an eagle a whale,1
a dolphin,98,an ostrich a penguin,0
a dolphin,98,an ostrich a salmon,0
a dolphin,98,an ostrich a seal,0
a dolphin,98,an ostrich a whale,0
a dolphin,98,a penguin a salmon,0
a dolphin,98,a penguin a seal,1
a dolphin,98,a penguin a whale,1
a dolphin,98,a salmon a seal,1
a dolphin,98,a salmon a whale,1
a dolphin,98,a seal a whale,0
a seal,99,a finch a robin,0
a seal,99,a finch a chicken,0
a seal,99,a finch an eagle,0
a seal,99,a finch an ostrich,0
a seal,99,a finch a penguin,0
a seal,99,a finch a salmon,0
a seal,99,a finch a dolphin,0
a seal,99,a finch a whale,0
a seal,99,a robin a chicken,0
a seal,99,a robin an eagle,0
a seal,99,a robin an ostrich,0
a seal,99,a robin a penguin,0
a seal,99,a robin a salmon,0
a seal,99,a robin a dolphin,0
a seal,99,a robin a whale,0
a seal,99,a chicken an eagle,0
a seal,99,a chicken an ostrich,0
a seal,99,a chicken a penguin,0
a seal,99,a chicken a salmon,1
a seal,99,a chicken a dolphin,0
a seal,99,a chicken a whale,0
a seal,99,an eagle a penguin,0
a seal,99,an eagle a salmon,0
a seal,99,an eagle a dolphin,0
a seal,99,an eagle a whale,0
a seal,99,an ostrich a penguin,0
a seal,99,an ostrich a salmon,0
a seal,99,an ostrich a dolphin,0
a seal,99,an ostrich a whale,0
a seal,99,a penguin a salmon,0
a seal,99,a penguin a dolphin,0
a seal,99,a penguin a whale,0
a seal,99,a salmon a dolphin,0
a seal,99,a salmon a whale,0
a seal,99,a dolphin a whale,0
a robin,100,a finch a chicken,0
a robin,100,a finch an eagle,0
a robin,100,a finch an ostrich,0
a robin,100,a finch a penguin,0
a robin,100,a finch a salmon,0
a robin,100,a finch a seal,0
a robin,100,a finch a dolphin,0
a robin,100,a finch a whale,0
a robin,100,a chicken an eagle,0
a robin,100,a chicken an ostrich,0
a robin,100,a chicken a penguin,0
a robin,100,a chicken a salmon,0
a robin,100,a chicken a seal,0
a robin,100,a chicken a dolphin,0
a robin,100,a chicken a whale,0
a robin,100,an eagle an ostrich,0
a robin,100,an eagle a penguin,0
a robin,100,an eagle a salmon,1
a robin,100,an eagle a seal,0
a robin,100,an eagle a dolphin,0
a robin,100,an eagle a whale,0
a robin,100,an ostrich a penguin,0
a robin,100,an ostrich a salmon,0
a robin,100,an ostrich a seal,0
a robin,100,an ostrich a dolphin,0
a robin,100,an ostrich a whale,0
a robin,100,a penguin a salmon,0
a robin,100,a penguin a seal,0
a robin,100,a penguin a dolphin,0
a robin,100,a penguin a whale,0
a robin,100,a salmon a seal,0
a robin,100,a salmon a dolphin,0
a robin,100,a salmon a whale,0
a robin,100,a seal a dolphin,0
a robin,100,a seal a whale,0
a robin,100,a dolphin a whale,0
a finch,101,a robin a chicken,0
a finch,101,a robin an eagle,0
a finch,101,a robin an ostrich,0
a finch,101,a robin a penguin,0
a finch,101,a robin a salmon,0
a finch,101,a robin a seal,0
a finch,101,a robin a dolphin,0
a finch,101,a robin a whale,0
a finch,101,a chicken an eagle,0
a finch,101,a chicken an ostrich,0
a finch,101,a chicken a penguin,0
a finch,101,a chicken a salmon,0
a finch,101,a chicken a seal,0
a finch,101,a chicken a dolphin,0
a finch,101,a chicken a whale,0
a finch,101,an eagle an ostrich,0
a finch,101,an eagle a penguin,0
a finch,101,an eagle a salmon,0
a finch,101,an eagle a seal,0
a finch,101,an eagle a dolphin,0
a finch,101,an eagle a whale,0
a finch,101,an ostrich a penguin,0
a finch,101,an ostrich a salmon,0
a finch,101,an ostrich a seal,0
a finch,101,an ostrich a dolphin,0
a finch,101,an ostrich a whale,0
a finch,101,a penguin a salmon,0
a finch,101,a penguin a seal,0
a finch,101,a penguin a dolphin,0
a finch,101,a penguin a whale,0
a finch,101,a salmon a seal,0
a finch,101,a salmon a dolphin,0
a finch,101,a salmon a whale,0
a finch,101,a seal a dolphin,0
a finch,101,a seal a whale,0
a finch,101,a dolphin a whale,0
a salmon,102,a finch a robin,0
a salmon,102,a finch a chicken,0
a salmon,102,a finch an eagle,0
a salmon,102,a finch an ostrich,0
a salmon,102,a finch a penguin,0
a salmon,102,a finch a seal,1
a salmon,102,a finch a dolphin,0
a salmon,102,a finch a whale,0
a salmon,102,a robin a chicken,0
a salmon,102,a robin an eagle,0
a salmon,102,a robin an ostrich,0
a salmon,102,a robin a penguin,0
a salmon,102,a robin a seal,1
a salmon,102,a robin a dolphin,0
a salmon,102,a robin a whale,0
a salmon,102,a chicken an eagle,0
a salmon,102,a chicken an ostrich,0
a salmon,102,a chicken a penguin,0
a salmon,102,a chicken a seal,1
a salmon,102,a chicken a dolphin,0
a salmon,102,a chicken a whale,0
a salmon,102,an eagle an ostrich,0
a salmon,102,an eagle a seal,1
a salmon,102,an eagle a dolphin,0
a salmon,102,an eagle a whale,0
a salmon,102,an ostrich a penguin,0
a salmon,102,an ostrich a seal,1
a salmon,102,an ostrich a whale,1
a salmon,102,a penguin a seal,1
a salmon,102,a penguin a dolphin,0
a salmon,102,a penguin a whale,1
a salmon,102,a seal a dolphin,0
a salmon,102,a seal a whale,0
a salmon,102,a dolphin a whale,0
a salmon,103,a finch a robin,0
a salmon,103,a finch a chicken,1
a salmon,103,a finch an eagle,0
a salmon,103,a finch an ostrich,0
a salmon,103,a finch a penguin,0
a salmon,103,a finch a seal,0
a salmon,103,a finch a dolphin,0
a salmon,103,a finch a whale,0
a salmon,103,a robin a chicken,0
a salmon,103,a robin an ostrich,0
a salmon,103,a robin a penguin,0
a salmon,103,a robin a seal,0
a salmon,103,a robin a dolphin,0
a salmon,103,a robin a whale,0
a salmon,103,a chicken an eagle,1
a salmon,103,a chicken an ostrich,0
a salmon,103,a chicken a penguin,0
a salmon,103,a chicken a seal,0
a salmon,103,a chicken a dolphin,0
a salmon,103,a chicken a whale,0
a salmon,103,an eagle an ostrich,0
a salmon,103,an eagle a penguin,0
a salmon,103,an eagle a seal,0
a salmon,103,an eagle a dolphin,0
a salmon,103,an eagle a whale,0
a salmon,103,an ostrich a penguin,0
a salmon,103,an ostrich a seal,0
a salmon,103,an ostrich a dolphin,0
a salmon,103,an ostrich a whale,0
a salmon,103,a penguin a seal,1
a salmon,103,a penguin a dolphin,0
a salmon,103,a penguin a whale,1
a salmon,103,a seal a dolphin,0
a salmon,103,a seal a whale,0
a salmon,103,a dolphin a whale,0
a seal,104,a finch a robin,0
a seal,104,a finch a chicken,0
a seal,104,a finch an eagle,0
a seal,104,a finch an ostrich,0
a seal,104,a finch a penguin,0
a seal,104,a finch a salmon,0
a seal,104,a finch a dolphin,0
a seal,104,a finch a whale,0
a seal,104,a robin a chicken,0
a seal,104,a robin an eagle,0
a seal,104,a robin an ostrich,0
a seal,104,a robin a penguin,0
a seal,104,a robin a salmon,0
a seal,104,a robin a dolphin,0
a seal,104,a robin a whale,0
a seal,104,a chicken an eagle,0
a seal,104,a chicken an ostrich,0
a seal,104,a chicken a penguin,0
a seal,104,a chicken a salmon,0
a seal,104,a chicken a dolphin,0
a seal,104,a chicken a whale,0
a seal,104,an eagle an ostrich,0
a seal,104,an eagle a penguin,0
a seal,104,an eagle a salmon,0
a seal,104,an eagle a dolphin,0
a seal,104,an eagle a whale,0
a seal,104,an ostrich a penguin,0
a seal,104,an ostrich a salmon,0
a seal,104,an ostrich a dolphin,0
a seal,104,an ostrich a whale,0
a seal,104,a penguin a salmon,0
a seal,104,a penguin a dolphin,0
a seal,104,a penguin a whale,0
a seal,104,a salmon a dolphin,0
a seal,104,a salmon a whale,0
a seal,104,a dolphin a whale,0
an ostrich,105,a finch a robin,0
an ostrich,105,a finch a chicken,1
an ostrich,105,a finch an eagle,0
an ostrich,105,a finch a penguin,0
an ostrich,105,a finch a salmon,0
an ostrich,105,a finch a seal,0
an ostrich,105,a finch a dolphin,0
an ostrich,105,a finch a whale,0
an ostrich,105,a robin a chicken,0
an ostrich,105,a robin an eagle,0
an ostrich,105,a robin a penguin,0
an ostrich,105,a robin a salmon,0
an ostrich,105,a robin a seal,0
an ostrich,105,a robin a dolphin,0
an ostrich,105,a robin a whale,0
an ostrich,105,a chicken an eagle,0
an ostrich,105,a chicken a penguin,0
an ostrich,105,a chicken a salmon,0
an ostrich,105,a chicken a seal,0
an ostrich,105,a chicken a dolphin,0
an ostrich,105,a chicken a whale,0
an ostrich,105,an eagle a penguin,0
an ostrich,105,an eagle a salmon,0
an ostrich,105,an eagle a seal,0
an ostrich,105,an eagle a dolphin,0
an ostrich,105,an eagle a whale,1
an ostrich,105,a penguin a salmon,0
an ostrich,105,a penguin a seal,0
an ostrich,105,a penguin a dolphin,0
an ostrich,105,a penguin a whale,0
an ostrich,105,a salmon a seal,0
an ostrich,105,a salmon a dolphin,0
an ostrich,105,a salmon a whale,0
an ostrich,105,a seal a dolphin,0
an ostrich,105,a seal a whale,0
a chicken,106,a finch a robin,0
a chicken,106,a finch an eagle,0
a chicken,106,a finch an ostrich,0
a chicken,106,a finch a penguin,0
a chicken,106,a finch a salmon,0
a chicken,106,a finch a seal,0
a chicken,106,a finch a dolphin,0
a chicken,106,a finch a whale,0
a chicken,106,a robin an eagle,0
a chicken,106,a robin an ostrich,0
a chicken,106,a robin a penguin,0
a chicken,106,a robin a salmon,0
a chicken,106,a robin a seal,0
a chicken,106,a robin a dolphin,0
a chicken,106,a robin a whale,0
a chicken,106,an eagle an ostrich,0
a chicken,106,an eagle a penguin,0
a chicken,106,an eagle a salmon,0
a chicken,106,an eagle a seal,0
a chicken,106,an eagle a dolphin,0
a chicken,106,an eagle a whale,0
a chicken,106,an ostrich a penguin,0
a chicken,106,an ostrich a salmon,0
a chicken,106,an ostrich a seal,0
a chicken,106,an ostrich a dolphin,0
a chicken,106,an ostrich a whale,0
a chicken,106,a penguin a salmon,0
a chicken,106,a penguin a seal,0
a chicken,106,a penguin a dolphin,0
a chicken,106,a penguin a whale,0
a chicken,106,a salmon a seal,0
a chicken,106,a salmon a dolphin,0
a chicken,106,a salmon a whale,0
a chicken,106,a seal a whale,0
a chicken,106,a dolphin a whale,0
a seal,107,a finch a robin,0
a seal,107,a finch a chicken,0
a seal,107,a finch an eagle,0
a seal,107,a finch an ostrich,0
a seal,107,a finch a penguin,0
a seal,107,a finch a salmon,0
a seal,107,a finch a dolphin,0
a seal,107,a finch a whale,0
a seal,107,a robin a chicken,0
a seal,107,a robin an eagle,0
a seal,107,a robin an ostrich,0
a seal,107,a robin a penguin,0
a seal,107,a robin a salmon,0
a seal,107,a robin a dolphin,0
a seal,107,a robin a whale,0
a seal,107,a chicken an eagle,0
a seal,107,a chicken an ostrich,0
a seal,107,a chicken a penguin,0
a seal,107,a chicken a salmon,0
a seal,107,a chicken a dolphin,0
a seal,107,a chicken a whale,0
a seal,107,an eagle an ostrich,0
a seal,107,an eagle a penguin,0
a seal,107,an eagle a salmon,1
a seal,107,an eagle a dolphin,0
a seal,107,an eagle a whale,0
a seal,107,an ostrich a penguin,0
a seal,107,an ostrich a salmon,0
a seal,107,an ostrich a dolphin,0
a seal,107,an ostrich a whale,0
a seal,107,a penguin a salmon,0
a seal,107,a penguin a dolphin,0
a seal,107,a penguin a whale,0
a seal,107,a salmon a dolphin,0
a seal,107,a salmon a whale,0
a seal,107,a dolphin a whale,0
a penguin,108,a finch a robin,0
a penguin,108,a finch a chicken,0
a penguin,108,a finch an eagle,0
a penguin,108,a finch an ostrich,0
a penguin,108,a finch a salmon,0
a penguin,108,a finch a seal,1
a penguin,108,a finch a dolphin,0
a penguin,108,a finch a whale,0
a penguin,108,a robin a chicken,1
a penguin,108,a robin an eagle,0
a penguin,108,a robin an ostrich,1
a penguin,108,a robin a salmon,0
a penguin,108,a robin a seal,1
a penguin,108,a robin a dolphin,0
a penguin,108,a robin a whale,0
a penguin,108,a chicken an eagle,0
a penguin,108,a chicken an ostrich,0
a penguin,108,a chicken a salmon,0
a penguin,108,a chicken a seal,1
a penguin,108,a chicken a dolphin,0
a penguin,108,a chicken a whale,0
a penguin,108,an eagle an ostrich,0
a penguin,108,an eagle a salmon,0
a penguin,108,an eagle a seal,1
a penguin,108,an eagle a dolphin,0
a penguin,108,an eagle a whale,0
a penguin,108,an ostrich a salmon,0
a penguin,108,an ostrich a seal,1
a penguin,108,an ostrich a dolphin,0
a penguin,108,an ostrich a whale,0
a penguin,108,a salmon a seal,1
a penguin,108,a salmon a dolphin,0
a penguin,108,a salmon a whale,0
a penguin,108,a seal a dolphin,0
a penguin,108,a seal a whale,0
a penguin,108,a dolphin a whale,0
a chicken,109,a finch a robin,0
a chicken,109,a finch an eagle,0
a chicken,109,a finch an ostrich,0
a chicken,109,a finch a penguin,0
a chicken,109,a finch a salmon,0
a chicken,109,a finch a seal,0
a chicken,109,a finch a dolphin,0
a chicken,109,a finch a whale,0
a chicken,109,a robin an eagle,0
a chicken,109,a robin an ostrich,0
a chicken,109,a robin a penguin,0
a chicken,109,a robin a seal,0
a chicken,109,a robin a dolphin,0
a chicken,109,a robin a whale,0
a chicken,109,an eagle an ostrich,1
a chicken,109,an eagle a penguin,0
a chicken,109,an eagle a salmon,0
a chicken,109,an eagle a seal,0
a chicken,109,an eagle a dolphin,0
a chicken,109,an eagle a whale,0
a chicken,109,an ostrich a penguin,0
a chicken,109,an ostrich a salmon,0
a chicken,109,an ostrich a seal,0
a chicken,109,an ostrich a dolphin,0
a chicken,109,an ostrich a whale,0
a chicken,109,a penguin a salmon,0
a chicken,109,a penguin a seal,0
a chicken,109,a penguin a dolphin,0
a chicken,109,a penguin a whale,0
a chicken,109,a salmon a seal,0
a chicken,109,a salmon a dolphin,0
a chicken,109,a salmon a whale,0
a chicken,109,a seal a dolphin,0
a chicken,109,a seal a whale,0
a chicken,109,a dolphin a whale,0
a finch,110,a robin a chicken,0
a finch,110,a robin an eagle,0
a finch,110,a robin an ostrich,0
a finch,110,a robin a penguin,0
a finch,110,a robin a salmon,0
a finch,110,a robin a seal,0
a finch,110,a robin a dolphin,0
a finch,110,a robin a whale,0
a finch,110,a chicken an eagle,0
a finch,110,a chicken an ostrich,0
a finch,110,a chicken a penguin,0
a finch,110,a chicken a salmon,0
a finch,110,a chicken a seal,0
a finch,110,a chicken a dolphin,0
a finch,110,a chicken a whale,0
a finch,110,an eagle an ostrich,0
a finch,110,an eagle a penguin,0
a finch,110,an eagle a salmon,0
a finch,110,an eagle a seal,0
a finch,110,an eagle a dolphin,0
a finch,110,an eagle a whale,0
a finch,110,an ostrich a penguin,0
a finch,110,an ostrich a salmon,0
a finch,110,an ostrich a seal,0
a finch,110,an ostrich a dolphin,0
a finch,110,an ostrich a whale,0
a finch,110,a penguin a salmon,0
a finch,110,a penguin a seal,0
a finch,110,a penguin a dolphin,0
a finch,110,a salmon a seal,0
a finch,110,a salmon a dolphin,0
a finch,110,a salmon a whale,0
a finch,110,a seal a whale,0
a finch,110,a dolphin a whale,0
a chicken,111,a finch a robin,0
a chicken,111,a finch an eagle,0
a chicken,111,a finch an ostrich,0
a chicken,111,a finch a penguin,0
a chicken,111,a finch a salmon,0
a chicken,111,a finch a seal,0
a chicken,111,a finch a dolphin,0
a chicken,111,a finch a whale,0
a chicken,111,a robin an eagle,0
a chicken,111,a robin an ostrich,0
a chicken,111,a robin a penguin,0
a chicken,111,a robin a salmon,0
a chicken,111,a robin a seal,0
a chicken,111,a robin a dolphin,0
a chicken,111,a robin a whale,0
a chicken,111,an eagle an ostrich,0
a chicken,111,an eagle a penguin,0
a chicken,111,an eagle a salmon,0
a chicken,111,an eagle a seal,0
a chicken,111,an eagle a dolphin,0
a chicken,111,an eagle a whale,0
a chicken,111,an ostrich a salmon,0
a chicken,111,an ostrich a seal,0
a chicken,111,an ostrich a dolphin,0
a chicken,111,an ostrich a whale,0
a chicken,111,a penguin a seal,0
a chicken,111,a penguin a dolphin,0
a chicken,111,a penguin a whale,0
a chicken,111,a salmon a seal,0
a chicken,111,a salmon a dolphin,0
a chicken,111,a salmon a whale,0
a chicken,111,a seal a dolphin,0
a chicken,111,a seal a whale,0
a chicken,111,a dolphin a whale,0
an ostrich,112,a finch a robin,0
an ostrich,112,a finch a chicken,0
an ostrich,112,a finch an eagle,0
an ostrich,112,a finch a penguin,0
an ostrich,112,a finch a salmon,0
an ostrich,112,a finch a seal,0
an ostrich,112,a finch a dolphin,0
an ostrich,112,a finch a whale,0
an ostrich,112,a robin a chicken,0
an ostrich,112,a robin an eagle,1
an ostrich,112,a robin a penguin,0
an ostrich,112,a robin a salmon,0
an ostrich,112,a robin a seal,0
an ostrich,112,a robin a dolphin,0
an ostrich,112,a robin a whale,0
an ostrich,112,a chicken an eagle,0
an ostrich,112,a chicken a penguin,0
an ostrich,112,a chicken a salmon,0
an ostrich,112,a chicken a seal,0
an ostrich,112,a chicken a dolphin,0
an ostrich,112,a chicken a whale,0
an ostrich,112,an eagle a penguin,0
an ostrich,112,an eagle a salmon,0
an ostrich,112,an eagle a seal,0
an ostrich,112,an eagle a dolphin,0
an ostrich,112,an eagle a whale,0
an ostrich,112,a penguin a seal,0
an ostrich,112,a penguin a dolphin,0
an ostrich,112,a penguin a whale,1
an ostrich,112,a salmon a dolphin,0
an ostrich,112,a salmon a whale,0
an ostrich,112,a seal a dolphin,0
an ostrich,112,a seal a whale,0
an ostrich,112,a dolphin a whale,0
a chicken,113,a finch a robin,0
a chicken,113,a finch an eagle,0
a chicken,113,a finch an ostrich,0
a chicken,113,a finch a penguin,0
a chicken,113,a finch a salmon,0
a chicken,113,a finch a seal,0
a chicken,113,a finch a dolphin,0
a chicken,113,a finch a whale,0
a chicken,113,a robin an eagle,0
a chicken,113,a robin an ostrich,0
a chicken,113,a robin a penguin,0
a chicken,113,a robin a salmon,0
a chicken,113,a robin a seal,0
a chicken,113,a robin a dolphin,0
a chicken,113,a robin a whale,0
a chicken,113,an eagle an ostrich,0
a chicken,113,an eagle a penguin,0
a chicken,113,an eagle a salmon,0
a chicken,113,an eagle a seal,0
a chicken,113,an eagle a dolphin,0
a chicken,113,an eagle a whale,0
a chicken,113,an ostrich a penguin,0
a chicken,113,an ostrich a salmon,0
a chicken,113,an ostrich a seal,0
a chicken,113,an ostrich a dolphin,0
a chicken,113,an ostrich a whale,0
a chicken,113,a penguin a salmon,1
a chicken,113,a penguin a seal,0
a chicken,113,a penguin a dolphin,0
a chicken,113,a penguin a whale,0
a chicken,113,a salmon a seal,0
a chicken,113,a salmon a dolphin,0
a chicken,113,a salmon a whale,0
a chicken,113,a seal a dolphin,0
a chicken,113,a seal a whale,0
a chicken,113,a dolphin a whale,0
a finch,114,a robin a chicken,0
a finch,114,a robin an eagle,0
a finch,114,a robin an ostrich,0
a finch,114,a robin a penguin,0
a finch,114,a robin a salmon,0
a finch,114,a robin a seal,0
a finch,114,a robin a dolphin,0
a finch,114,a robin a whale,0
a finch,114,a chicken an eagle,0
a finch,114,a chicken an ostrich,0
a finch,114,a chicken a penguin,0
a finch,114,a chicken a salmon,0
a finch,114,a chicken a seal,0
a finch,114,a chicken a dolphin,0
a finch,114,a chicken a whale,0
a finch,114,an eagle an ostrich,0
a finch,114,an eagle a penguin,0
a finch,114,an eagle a salmon,0
a finch,114,an eagle a seal,0
a finch,114,an eagle a dolphin,0
a finch,114,an eagle a whale,0
a finch,114,an ostrich a penguin,0
a finch,114,an ostrich a salmon,0
a finch,114,an ostrich a seal,0
a finch,114,an ostrich a dolphin,0
a finch,114,an ostrich a whale,0
a finch,114,a penguin a salmon,0
a finch,114,a penguin a seal,0
a finch,114,a penguin a dolphin,0
a finch,114,a penguin a whale,0
a finch,114,a salmon a seal,0
a finch,114,a salmon a whale,0
a finch,114,a seal a dolphin,0
a finch,114,a seal a whale,0
a finch,114,a dolphin a whale,0
an ostrich,115,a finch a robin,0
an ostrich,115,a finch a chicken,0
an ostrich,115,a finch an eagle,0
an ostrich,115,a finch a penguin,0
an ostrich,115,a finch a salmon,0
an ostrich,115,a finch a seal,0
an ostrich,115,a finch a dolphin,0
an ostrich,115,a finch a whale,0
an ostrich,115,a robin a chicken,0
an ostrich,115,a robin an eagle,0
an ostrich,115,a robin a penguin,0
an ostrich,115,a robin a salmon,0
an ostrich,115,a robin a seal,0
an ostrich,115,a robin a dolphin,0
an ostrich,115,a robin a whale,0
an ostrich,115,a chicken an eagle,0
an ostrich,115,a chicken a penguin,0
an ostrich,115,a chicken a salmon,0
an ostrich,115,a chicken a seal,0
an ostrich,115,a chicken a dolphin,0
an ostrich,115,a chicken a whale,0
an ostrich,115,an eagle a penguin,0
an ostrich,115,an eagle a salmon,0
an ostrich,115,an eagle a seal,0
an ostrich,115,an eagle a dolphin,0
an ostrich,115,an eagle a whale,0
an ostrich,115,a penguin a salmon,0
an ostrich,115,a penguin a seal,0
an ostrich,115,a penguin a dolphin,0
an ostrich,115,a penguin a whale,0
an ostrich,115,a salmon a seal,0
an ostrich,115,a salmon a dolphin,0
an ostrich,115,a salmon a whale,0
an ostrich,115,a seal a whale,0
an ostrich,115,a dolphin a whale,0
a whale,116,a finch a robin,0
a whale,116,a finch a chicken,0
a whale,116,a finch an eagle,0
a whale,116,a finch an ostrich,0
a whale,116,a finch a penguin,0
a whale,116,a finch a salmon,0
a whale,116,a finch a seal,0
a whale,116,a finch a dolphin,0
a whale,116,a robin a chicken,0
a whale,116,a robin an eagle,0
a whale,116,a robin an ostrich,0
a whale,116,a robin a penguin,0
a whale,116,a robin a salmon,1
a whale,116,a robin a seal,1
a whale,116,a robin a dolphin,0
a whale,116,a chicken an eagle,0
a whale,116,a chicken an ostrich,0
a whale,116,a chicken a penguin,0
a whale,116,a chicken a salmon,0
a whale,116,a chicken a seal,1
a whale,116,a chicken a dolphin,0
a whale,116,an eagle an ostrich,0
a whale,116,an eagle a penguin,0
a whale,116,an eagle a salmon,1
a whale,116,an eagle a seal,0
a whale,116,an eagle a dolphin,1
a whale,116,an ostrich a penguin,0
a whale,116,an ostrich a salmon,0
a whale,116,an ostrich a seal,1
a whale,116,an ostrich a dolphin,0
a whale,116,a penguin a salmon,0
a whale,116,a penguin a seal,0
a whale,116,a penguin a dolphin,1
a whale,116,a salmon a seal,0
a whale,116,a salmon a dolphin,0
a whale,116,a seal a dolphin,0
a salmon,117,a finch a robin,1
a salmon,117,a finch a chicken,0
a salmon,117,a finch an eagle,0
a salmon,117,a finch an ostrich,0
a salmon,117,a finch a penguin,0
a salmon,117,a finch a seal,1
a salmon,117,a finch a dolphin,0
a salmon,117,a finch a whale,0
a salmon,117,a robin a chicken,1
a salmon,117,a robin an eagle,0
a salmon,117,a robin an ostrich,0
a salmon,117,a robin a penguin,0
a salmon,117,a robin a seal,1
a salmon,117,a robin a dolphin,0
a salmon,117,a robin a whale,0
a salmon,117,a chicken an eagle,0
a salmon,117,a chicken an ostrich,0
a salmon,117,a chicken a penguin,0
a salmon,117,a chicken a seal,0
a salmon,117,a chicken a dolphin,0
a salmon,117,a chicken a whale,0
a salmon,117,an eagle an ostrich,0
a salmon,117,an eagle a penguin,0
a salmon,117,an eagle a seal,0
a salmon,117,an eagle a dolphin,0
a salmon,117,an eagle a whale,0
a salmon,117,an ostrich a penguin,0
a salmon,117,an ostrich a seal,1
a salmon,117,an ostrich a dolphin,0
a salmon,117,an ostrich a whale,0
a salmon,117,a penguin a seal,0
a salmon,117,a penguin a dolphin,0
a salmon,117,a penguin a whale,1
a salmon,117,a seal a dolphin,0
a salmon,117,a seal a whale,0
a salmon,117,a dolphin a whale,0
a salmon,118,a finch a robin,0
a salmon,118,a finch a chicken,0
a salmon,118,a finch an eagle,0
a salmon,118,a finch an ostrich,0
a salmon,118,a finch a penguin,0
a salmon,118,a finch a seal,1
a salmon,118,a finch a dolphin,0
a salmon,118,a finch a whale,0
a salmon,118,a robin a chicken,1
a salmon,118,a robin an eagle,1
a salmon,118,a robin an ostrich,0
a salmon,118,a robin a penguin,0
a salmon,118,a robin a seal,0
a salmon,118,a robin a dolphin,1
a salmon,118,a robin a whale,0
a salmon,118,a chicken an eagle,0
a salmon,118,a chicken an ostrich,0
a salmon,118,a chicken a penguin,0
a salmon,118,a chicken a seal,1
a salmon,118,a chicken a dolphin,0
a salmon,118,a chicken a whale,0
a salmon,118,an eagle an ostrich,0
a salmon,118,an eagle a penguin,0
a salmon,118,an eagle a seal,1
a salmon,118,an eagle a dolphin,0
a salmon,118,an eagle a whale,0
a salmon,118,an ostrich a penguin,0
a salmon,118,an ostrich a seal,1
a salmon,118,an ostrich a dolphin,0
a salmon,118,an ostrich a whale,0
a salmon,118,a penguin a seal,0
a salmon,118,a penguin a whale,0
a salmon,118,a seal a dolphin,0
a salmon,118,a seal a whale,0
a salmon,118,a dolphin a whale,0
a dolphin,119,a finch a robin,0
a dolphin,119,a finch a chicken,0
a dolphin,119,a finch an eagle,0
a dolphin,119,a finch an ostrich,0
a dolphin,119,a finch a penguin,0
a dolphin,119,a finch a salmon,0
a dolphin,119,a finch a seal,1
a dolphin,119,a finch a whale,0
a dolphin,119,a robin a chicken,1
a dolphin,119,a robin an eagle,0
a dolphin,119,a robin an ostrich,0
a dolphin,119,a robin a penguin,0
a dolphin,119,a robin a salmon,0
a dolphin,119,a robin a seal,1
a dolphin,119,a robin a whale,0
a dolphin,119,a chicken an eagle,0
a dolphin,119,a chicken an ostrich,0
a dolphin,119,a chicken a penguin,0
a dolphin,119,a chicken a salmon,0
a dolphin,119,a chicken a seal,1
a dolphin,119,a chicken a whale,0
a dolphin,119,an eagle an ostrich,1
a dolphin,119,an eagle a penguin,0
a dolphin,119,an eagle a salmon,1
a dolphin,119,an eagle a seal,1
a dolphin,119,an eagle a whale,0
a dolphin,119,an ostrich a penguin,0
a dolphin,119,an ostrich a salmon,0
a dolphin,119,an ostrich a seal,0
a dolphin,119,an ostrich a whale,0
a dolphin,119,a penguin a salmon,0
a dolphin,119,a penguin a seal,0
a dolphin,119,a penguin a whale,0
a dolphin,119,a salmon a seal,1
a dolphin,119,a salmon a whale,1
a dolphin,119,a seal a whale,0
a whale,120,a finch a robin,0
a whale,120,a finch a chicken,1
a whale,120,a finch an eagle,0
a whale,120,a finch an ostrich,0
a whale,120,a finch a penguin,0
a whale,120,a finch a salmon,0
a whale,120,a finch a seal,1
a whale,120,a finch a dolphin,0
a whale,120,a robin a chicken,0
a whale,120,a robin an eagle,0
a whale,120,a robin an ostrich,0
a whale,120,a robin a penguin,0
a whale,120,a robin a salmon,0
a whale,120,a robin a seal,1
a whale,120,a robin a dolphin,0
a whale,120,a chicken an eagle,0
a whale,120,a chicken an ostrich,0
a whale,120,a chicken a penguin,0
a whale,120,a chicken a salmon,0
a whale,120,a chicken a seal,0
a whale,120,a chicken a dolphin,0
a whale,120,an eagle an ostrich,0
a whale,120,an eagle a penguin,0
a whale,120,an eagle a salmon,0
a whale,120,an eagle a seal,1
a whale,120,an eagle a dolphin,0
a whale,120,an ostrich a penguin,0
a whale,120,an ostrich a salmon,0
a whale,120,an ostrich a seal,1
a whale,120,an ostrich a dolphin,0
a whale,120,a penguin a salmon,0
a whale,120,a penguin a seal,0
a whale,120,a penguin a dolphin,0
a whale,120,a salmon a seal,0
a whale,120,a salmon a dolphin,1
a whale,120,a seal a dolphin,0
a whale,121,a finch a robin,0
a whale,121,a finch a chicken,0
a whale,121,a finch an eagle,0
a whale,121,a finch an ostrich,0
a whale,121,a finch a penguin,0
a whale,121,a finch a salmon,0
a whale,121,a finch a seal,0
a whale,121,a finch a dolphin,0
a whale,121,a robin a chicken,0
a whale,121,a robin an eagle,0
a whale,121,a robin an ostrich,0
a whale,121,a robin a penguin,0
a whale,121,a robin a salmon,0
a whale,121,a robin a seal,0
a whale,121,a robin a dolphin,0
a whale,121,a chicken an eagle,0
a whale,121,a chicken an ostrich,0
a whale,121,a chicken a penguin,0
a whale,121,a chicken a salmon,0
a whale,121,a chicken a seal,1
a whale,121,a chicken a dolphin,0
a whale,121,an eagle an ostrich,0
a whale,121,an eagle a penguin,0
a whale,121,an eagle a salmon,0
a whale,121,an eagle a seal,1
a whale,121,an eagle a dolphin,0
a whale,121,an ostrich a penguin,0
a whale,121,an ostrich a salmon,0
a whale,121,an ostrich a seal,1
a whale,121,an ostrich a dolphin,0
a whale,121,a penguin a salmon,0
a whale,121,a penguin a seal,1
a whale,121,a penguin a dolphin,1
a whale,121,a salmon a seal,0
a whale,121,a salmon a dolphin,0
a whale,121,a seal a dolphin,0
a chicken,122,a finch a robin,0
a chicken,122,a finch an eagle,0
a chicken,122,a finch an ostrich,0
a chicken,122,a finch a penguin,0
a chicken,122,a finch a salmon,0
a chicken,122,a finch a seal,0
a chicken,122,a finch a dolphin,0
a chicken,122,a finch a whale,0
a chicken,122,a robin an eagle,0
a chicken,122,a robin an ostrich,0
a chicken,122,a robin a penguin,0
a chicken,122,a robin a salmon,0
a chicken,122,a robin a seal,0
a chicken,122,a robin a dolphin,0
a chicken,122,a robin a whale,0
a chicken,122,an eagle an ostrich,0
a chicken,122,an eagle a penguin,0
a chicken,122,an eagle a salmon,0
a chicken,122,an eagle a seal,0
a chicken,122,an eagle a dolphin,0
a chicken,122,an ostrich a penguin,0
a chicken,122,an ostrich a salmon,0
a chicken,122,an ostrich a seal,0
a chicken,122,an ostrich a dolphin,0
a chicken,122,an ostrich a whale,0
a chicken,122,a penguin a salmon,0
a chicken,122,a penguin a dolphin,0
a chicken,122,a penguin a whale,0
a chicken,122,a salmon a seal,0
a chicken,122,a salmon a whale,0
a chicken,122,a seal a dolphin,0
a chicken,122,a seal a whale,0
a chicken,122,a dolphin a whale,0
a salmon,123,a finch a robin,0
a salmon,123,a finch a chicken,0
a salmon,123,a finch an eagle,0
a salmon,123,a finch an ostrich,0
a salmon,123,a finch a penguin,0
a salmon,123,a finch a seal,1
a salmon,123,a finch a dolphin,0
a salmon,123,a finch a whale,0
a salmon,123,a robin a chicken,1
a salmon,123,a robin an eagle,0
a salmon,123,a robin an ostrich,0
a salmon,123,a robin a penguin,0
a salmon,123,a robin a seal,1
a salmon,123,a robin a dolphin,1
a salmon,123,a robin a whale,0
a salmon,123,a chicken an eagle,0
a salmon,123,a chicken an ostrich,0
a salmon,123,a chicken a seal,1
a salmon,123,a chicken a dolphin,1
a salmon,123,a chicken a whale,0
a salmon,123,an eagle a penguin,0
a salmon,123,an eagle a seal,0
a salmon,123,an eagle a dolphin,0
a salmon,123,an eagle a whale,0
a salmon,123,an ostrich a penguin,0
a salmon,123,an ostrich a seal,0
a salmon,123,an ostrich a dolphin,0
a salmon,123,an ostrich a whale,0
a salmon,123,a penguin a seal,0
a salmon,123,a penguin a dolphin,0
a salmon,123,a penguin a whale,1
a salmon,123,a seal a dolphin,0
a salmon,123,a seal a whale,0
a salmon,123,a dolphin a whale,0
a finch,124,a robin a chicken,1
a finch,124,a robin an eagle,0
a finch,124,a robin an ostrich,0
a finch,124,a robin a penguin,0
a finch,124,a robin a salmon,0
a finch,124,a robin a dolphin,0
a finch,124,a robin a whale,0
a finch,124,a chicken an eagle,0
a finch,124,a chicken an ostrich,0
a finch,124,a chicken a penguin,0
a finch,124,a chicken a salmon,0
a finch,124,a chicken a seal,0
a finch,124,a chicken a dolphin,0
a finch,124,a chicken a whale,0
a finch,124,an eagle an ostrich,0
a finch,124,an eagle a penguin,0
a finch,124,an eagle a salmon,0
a finch,124,an eagle a seal,0
a finch,124,an eagle a dolphin,0
a finch,124,an eagle a whale,0
a finch,124,an ostrich a penguin,0
a finch,124,an ostrich a salmon,0
a finch,124,an ostrich a seal,0
a finch,124,an ostrich a dolphin,0
a finch,124,an ostrich a whale,0
a finch,124,a penguin a salmon,0
a finch,124,a penguin a seal,0
a finch,124,a penguin a dolphin,0
a finch,124,a penguin a whale,0
a finch,124,a salmon a seal,0
a finch,124,a salmon a dolphin,0
a finch,124,a salmon a whale,0
a finch,124,a seal a dolphin,0
a finch,124,a seal a whale,0
an eagle,125,a finch a robin,0
an eagle,125,a finch a chicken,0
an eagle,125,a finch an ostrich,0
an eagle,125,a finch a penguin,0
an eagle,125,a finch a salmon,0
an eagle,125,a finch a seal,0
an eagle,125,a finch a dolphin,0
an eagle,125,a finch a whale,0
an eagle,125,a robin a chicken,0
an eagle,125,a robin an ostrich,0
an eagle,125,a robin a penguin,0
an eagle,125,a robin a salmon,0
an eagle,125,a robin a seal,0
an eagle,125,a robin a dolphin,0
an eagle,125,a robin a whale,0
an eagle,125,a chicken an ostrich,0
an eagle,125,a chicken a penguin,0
an eagle,125,a chicken a salmon,0
an eagle,125,a chicken a seal,0
an eagle,125,a chicken a dolphin,0
an eagle,125,a chicken a whale,0
an eagle,125,an ostrich a penguin,0
an eagle,125,an ostrich a salmon,0
an eagle,125,an ostrich a seal,0
an eagle,125,an ostrich a dolphin,0
an eagle,125,an ostrich a whale,0
an eagle,125,a penguin a salmon,0
an eagle,125,a penguin a seal,0
an eagle,125,a penguin a dolphin,0
an eagle,125,a penguin a whale,0
an eagle,125,a salmon a seal,1
an eagle,125,a salmon a dolphin,0
an eagle,125,a salmon a whale,0
an eagle,125,a seal a dolphin,0
an eagle,126,a finch a robin,0
an eagle,126,a finch a chicken,0
an eagle,126,a finch an ostrich,0
an eagle,126,a finch a penguin,0
an eagle,126,a finch a salmon,0
an eagle,126,a finch a seal,0
an eagle,126,a finch a dolphin,0
an eagle,126,a finch a whale,0
an eagle,126,a robin a chicken,0
an eagle,126,a robin an ostrich,0
an eagle,126,a robin a penguin,0
an eagle,126,a robin a salmon,0
an eagle,126,a robin a seal,0
an eagle,126,a robin a dolphin,0
an eagle,126,a robin a whale,0
an eagle,126,a chicken an ostrich,0
an eagle,126,a chicken a penguin,0
an eagle,126,a chicken a salmon,0
an eagle,126,a chicken a seal,0
an eagle,126,a chicken a dolphin,0
an eagle,126,a chicken a whale,0
an eagle,126,an ostrich a penguin,0
an eagle,126,an ostrich a salmon,0
an eagle,126,an ostrich a whale,0
an eagle,126,a penguin a salmon,0
an eagle,126,a penguin a seal,0
an eagle,126,a penguin a dolphin,0
an eagle,126,a penguin a whale,0
an eagle,126,a salmon a seal,0
an eagle,126,a salmon a dolphin,0
an eagle,126,a seal a whale,0
an ostrich,127,a finch a robin,0
an ostrich,127,a finch a chicken,0
an ostrich,127,a finch an eagle,0
an ostrich,127,a finch a penguin,0
an ostrich,127,a finch a salmon,0
an ostrich,127,a finch a seal,0
an ostrich,127,a finch a dolphin,0
an ostrich,127,a finch a whale,0
an ostrich,127,a robin a chicken,0
an ostrich,127,a robin an eagle,0
an ostrich,127,a robin a penguin,0
an ostrich,127,a robin a salmon,0
an ostrich,127,a robin a seal,0
an ostrich,127,a robin a dolphin,0
an ostrich,127,a robin a whale,0
an ostrich,127,a chicken an eagle,0
an ostrich,127,a chicken a penguin,0
an ostrich,127,a chicken a salmon,0
an ostrich,127,a chicken a seal,0
an ostrich,127,a chicken a dolphin,0
an ostrich,127,a chicken a whale,0
an ostrich,127,an eagle a penguin,0
an ostrich,127,an eagle a salmon,0
an ostrich,127,an eagle a seal,0
an ostrich,127,an eagle a dolphin,0
an ostrich,127,an eagle a whale,0
an ostrich,127,a penguin a salmon,0
an ostrich,127,a penguin a seal,0
an ostrich,127,a penguin a whale,0
an ostrich,127,a salmon a seal,0
an ostrich,127,a salmon a whale,0
an ostrich,127,a seal a dolphin,0
an ostrich,127,a seal a whale,0
an ostrich,127,a dolphin a whale,0
a salmon,128,a finch a robin,0
a salmon,128,a finch a chicken,0
a salmon,128,a finch an eagle,0
a salmon,128,a finch an ostrich,0
a salmon,128,a finch a penguin,0
a salmon,128,a finch a seal,0
a salmon,128,a finch a dolphin,0
a salmon,128,a finch a whale,0
a salmon,128,a robin a chicken,0
a salmon,128,a robin an eagle,0
a salmon,128,a robin a penguin,0
a salmon,128,a robin a seal,0
a salmon,128,a robin a dolphin,0
a salmon,128,a robin a whale,0
a salmon,128,a chicken an eagle,0
a salmon,128,a chicken an ostrich,0
a salmon,128,a chicken a penguin,0
a salmon,128,a chicken a seal,1
a salmon,128,a chicken a dolphin,0
a salmon,128,a chicken a whale,0
a salmon,128,an eagle an ostrich,0
a salmon,128,an eagle a penguin,0
a salmon,128,an eagle a seal,1
a salmon,128,an eagle a dolphin,0
a salmon,128,an eagle a whale,1
a salmon,128,an ostrich a penguin,0
a salmon,128,an ostrich a seal,1
a salmon,128,an ostrich a dolphin,0
a salmon,128,an ostrich a whale,0
a salmon,128,a penguin a seal,1
a salmon,128,a penguin a dolphin,0
a salmon,128,a penguin a whale,0
a salmon,128,a seal a dolphin,0
a salmon,128,a seal a whale,0
a salmon,128,a dolphin a whale,0
a salmon,129,a finch a robin,0
a salmon,129,a finch a chicken,1
a salmon,129,a finch an eagle,0
a salmon,129,a finch an ostrich,0
a salmon,129,a finch a penguin,0
a salmon,129,a finch a seal,1
a salmon,129,a finch a dolphin,0
a salmon,129,a finch a whale,0
a salmon,129,a robin a chicken,0
a salmon,129,a robin an eagle,0
a salmon,129,a robin an ostrich,0
a salmon,129,a robin a penguin,0
a salmon,129,a robin a seal,0
a salmon,129,a robin a dolphin,0
a salmon,129,a robin a whale,0
a salmon,129,a chicken an eagle,1
a salmon,129,a chicken an ostrich,0
a salmon,129,a chicken a penguin,0
a salmon,129,a chicken a seal,0
a salmon,129,a chicken a dolphin,0
a salmon,129,a chicken a whale,0
a salmon,129,an eagle an ostrich,0
a salmon,129,an eagle a penguin,0
a salmon,129,an eagle a seal,1
a salmon,129,an eagle a dolphin,0
a salmon,129,an eagle a whale,0
a salmon,129,an ostrich a penguin,0
a salmon,129,an ostrich a seal,0
a salmon,129,an ostrich a dolphin,0
a salmon,129,an ostrich a whale,0
a salmon,129,a penguin a dolphin,0
a salmon,129,a penguin a whale,1
a salmon,129,a seal a dolphin,0
a salmon,129,a seal a whale,0
a salmon,129,a dolphin a whale,0
an eagle,130,a finch a robin,0
an eagle,130,a finch a chicken,0
an eagle,130,a finch an ostrich,0
an eagle,130,a finch a penguin,0
an eagle,130,a finch a salmon,0
an eagle,130,a finch a seal,0
an eagle,130,a finch a dolphin,0
an eagle,130,a finch a whale,0
an eagle,130,a robin a chicken,1
an eagle,130,a robin an ostrich,0
an eagle,130,a robin a penguin,0
an eagle,130,a robin a salmon,0
an eagle,130,a robin a seal,0
an eagle,130,a robin a dolphin,0
an eagle,130,a robin a whale,0
an eagle,130,a chicken an ostrich,0
an eagle,130,a chicken a penguin,0
an eagle,130,a chicken a salmon,0
an eagle,130,a chicken a seal,0
an eagle,130,a chicken a dolphin,0
an eagle,130,a chicken a whale,0
an eagle,130,an ostrich a penguin,0
an eagle,130,an ostrich a salmon,0
an eagle,130,an ostrich a seal,0
an eagle,130,an ostrich a dolphin,0
an eagle,130,an ostrich a whale,0
an eagle,130,a penguin a salmon,0
an eagle,130,a penguin a dolphin,0
an eagle,130,a penguin a whale,0
an eagle,130,a salmon a seal,0
an eagle,130,a salmon a whale,0
an eagle,130,a seal a dolphin,0
an eagle,130,a seal a whale,0
an eagle,130,a dolphin a whale,0
a salmon,131,a finch a robin,0
a salmon,131,a finch a chicken,1
a salmon,131,a finch an eagle,0
a salmon,131,a finch an ostrich,0
a salmon,131,a finch a penguin,0
a salmon,131,a finch a seal,0
a salmon,131,a finch a dolphin,0
a salmon,131,a finch a whale,0
a salmon,131,a robin a chicken,0
a salmon,131,a robin an eagle,0
a salmon,131,a robin an ostrich,0
a salmon,131,a robin a penguin,0
a salmon,131,a robin a seal,0
a salmon,131,a robin a dolphin,0
a salmon,131,a robin a whale,0
a salmon,131,a chicken an eagle,1
a salmon,131,a chicken an ostrich,0
a salmon,131,a chicken a penguin,0
a salmon,131,a chicken a seal,0
a salmon,131,a chicken a dolphin,0
a salmon,131,a chicken a whale,0
a salmon,131,an eagle an ostrich,0
a salmon,131,an eagle a penguin,0
a salmon,131,an eagle a seal,0
a salmon,131,an eagle a dolphin,0
a salmon,131,an eagle a whale,0
a salmon,131,an ostrich a penguin,0
a salmon,131,an ostrich a seal,1
a salmon,131,an ostrich a whale,0
a salmon,131,a penguin a seal,1
a salmon,131,a penguin a dolphin,1
a salmon,131,a penguin a whale,1
a salmon,131,a seal a dolphin,0
a salmon,131,a seal a whale,0
a salmon,131,a dolphin a whale,0
a chicken,132,a finch a robin,0
a chicken,132,a finch an eagle,0
a chicken,132,a finch an ostrich,0
a chicken,132,a finch a penguin,0
a chicken,132,a finch a salmon,0
a chicken,132,a finch a seal,0
a chicken,132,a finch a dolphin,0
a chicken,132,a finch a whale,0
a chicken,132,a robin an eagle,0
a chicken,132,a robin an ostrich,0
a chicken,132,a robin a penguin,0
a chicken,132,a robin a salmon,0
a chicken,132,a robin a seal,0
a chicken,132,a robin a dolphin,0
a chicken,132,a robin a whale,0
a chicken,132,an eagle an ostrich,0
a chicken,132,an eagle a penguin,0
a chicken,132,an eagle a salmon,0
a chicken,132,an eagle a seal,0
a chicken,132,an eagle a dolphin,0
a chicken,132,an eagle a whale,0
a chicken,132,an ostrich a penguin,0
a chicken,132,an ostrich a salmon,0
a chicken,132,an ostrich a dolphin,0
a chicken,132,an ostrich a whale,0
a chicken,132,a penguin a salmon,0
a chicken,132,a penguin a seal,0
a chicken,132,a penguin a dolphin,0
a chicken,132,a penguin a whale,0
a chicken,132,a salmon a seal,0
a chicken,132,a salmon a dolphin,0
a chicken,132,a salmon a whale,0
a chicken,132,a seal a dolphin,0
a chicken,132,a seal a whale,0
a chicken,132,a dolphin a whale,0
a penguin,133,a finch a robin,0
a penguin,133,a finch a chicken,0
a penguin,133,a finch an eagle,0
a penguin,133,a finch an ostrich,0
a penguin,133,a finch a salmon,0
a penguin,133,a finch a seal,0
a penguin,133,a finch a dolphin,0
a penguin,133,a finch a whale,0
a penguin,133,a robin a chicken,0
a penguin,133,a robin an eagle,0
a penguin,133,a robin an ostrich,0
a penguin,133,a robin a salmon,0
a penguin,133,a robin a seal,1
a penguin,133,a robin a dolphin,0
a penguin,133,a robin a whale,0
a penguin,133,a chicken an eagle,0
a penguin,133,a chicken an ostrich,0
a penguin,133,a chicken a salmon,0
a penguin,133,a chicken a seal,1
a penguin,133,a chicken a dolphin,0
a penguin,133,a chicken a whale,0
a penguin,133,an eagle an ostrich,0
a penguin,133,an eagle a salmon,0
a penguin,133,an eagle a seal,1
a penguin,133,an eagle a dolphin,0
a penguin,133,an eagle a whale,1
a penguin,133,an ostrich a salmon,0
a penguin,133,an ostrich a seal,1
a penguin,133,an ostrich a dolphin,0
a penguin,133,an ostrich a whale,0
a penguin,133,a salmon a seal,1
a penguin,133,a salmon a dolphin,1
a penguin,133,a salmon a whale,1
a penguin,133,a seal a dolphin,0
a penguin,133,a seal a whale,0
a penguin,133,a dolphin a whale,0
a robin,134,a finch a chicken,0
a robin,134,a finch an eagle,0
a robin,134,a finch an ostrich,0
a robin,134,a finch a penguin,0
a robin,134,a finch a salmon,0
a robin,134,a finch a seal,0
a robin,134,a finch a dolphin,0
a robin,134,a finch a whale,0
a robin,134,a chicken an eagle,0
a robin,134,a chicken an ostrich,0
a robin,134,a chicken a penguin,0
a robin,134,a chicken a salmon,0
a robin,134,a chicken a seal,0
a robin,134,a chicken a dolphin,0
a robin,134,a chicken a whale,0
a robin,134,an eagle an ostrich,0
a robin,134,an eagle a penguin,0
a robin,134,an eagle a salmon,0
a robin,134,an eagle a seal,0
a robin,134,an eagle a dolphin,0
a robin,134,an eagle a whale,0
a robin,134,an ostrich a penguin,0
a robin,134,an ostrich a salmon,0
a robin,134,an ostrich a seal,0
a robin,134,an ostrich a dolphin,0
a robin,134,an ostrich a whale,0
a robin,134,a penguin a salmon,0
a robin,134,a penguin a seal,0
a robin,134,a penguin a dolphin,0
a robin,134,a penguin a whale,0
a robin,134,a salmon a seal,0
a robin,134,a salmon a dolphin,0
a robin,134,a salmon a whale,0
a robin,134,a seal a dolphin,0
a robin,134,a seal a whale,0
a robin,134,a dolphin a whale,0
a whale,135,a finch a robin,0
a whale,135,a finch a chicken,0
a whale,135,a finch an eagle,0
a whale,135,a finch an ostrich,0
a whale,135,a finch a penguin,0
a whale,135,a finch a salmon,0
a whale,135,a finch a seal,0
a whale,135,a finch a dolphin,0
a whale,135,a robin a chicken,1
a whale,135,a robin an eagle,0
a whale,135,a robin an ostrich,0
a whale,135,a robin a penguin,0
a whale,135,a robin a salmon,0
a whale,135,a robin a seal,0
a whale,135,a robin a dolphin,0
a whale,135,a chicken an eagle,0
a whale,135,a chicken an ostrich,0
a whale,135,a chicken a penguin,0
a whale,135,a chicken a salmon,0
a whale,135,a chicken a seal,0
a whale,135,a chicken a dolphin,0
a whale,135,an eagle a penguin,0
a whale,135,an eagle a salmon,0
a whale,135,an eagle a seal,1
a whale,135,an eagle a dolphin,0
a whale,135,an ostrich a penguin,0
a whale,135,an ostrich a salmon,0
a whale,135,an ostrich a seal,1
a whale,135,an ostrich a dolphin,0
a whale,135,a penguin a salmon,0
a whale,135,a penguin a seal,1
a whale,135,a penguin a dolphin,1
a whale,135,a salmon a seal,1
a whale,135,a salmon a dolphin,0
a whale,135,a seal a dolphin,0
a dolphin,136,a finch a robin,0
a dolphin,136,a finch a chicken,1
a dolphin,136,a finch an eagle,0
a dolphin,136,a finch an ostrich,0
a dolphin,136,a finch a penguin,0
a dolphin,136,a finch a salmon,0
a dolphin,136,a finch a seal,0
a dolphin,136,a finch a whale,0
a dolphin,136,a robin a chicken,1
a dolphin,136,a robin an eagle,0
a dolphin,136,a robin an ostrich,1
a dolphin,136,a robin a penguin,0
a dolphin,136,a robin a salmon,0
a dolphin,136,a robin a seal,1
a dolphin,136,a robin a whale,0
a dolphin,136,a chicken an ostrich,0
a dolphin,136,a chicken a penguin,0
a dolphin,136,a chicken a salmon,0
a dolphin,136,a chicken a seal,0
a dolphin,136,a chicken a whale,1
a dolphin,136,an eagle an ostrich,0
a dolphin,136,an eagle a penguin,0
a dolphin,136,an eagle a salmon,0
a dolphin,136,an eagle a seal,1
a dolphin,136,an eagle a whale,1
a dolphin,136,an ostrich a penguin,0
a dolphin,136,an ostrich a salmon,0
a dolphin,136,an ostrich a seal,1
a dolphin,136,an ostrich a whale,0
a dolphin,136,a penguin a salmon,0
a dolphin,136,a penguin a whale,1
a dolphin,136,a salmon a seal,1
a dolphin,136,a salmon a whale,1
a dolphin,136,a seal a whale,0
an ostrich,137,a finch a robin,0
an ostrich,137,a finch a chicken,0
an ostrich,137,a finch an eagle,1
an ostrich,137,a finch a penguin,0
an ostrich,137,a finch a salmon,0
an ostrich,137,a finch a seal,0
an ostrich,137,a finch a dolphin,0
an ostrich,137,a finch a whale,0
an ostrich,137,a robin a chicken,0
an ostrich,137,a robin an eagle,0
an ostrich,137,a robin a penguin,0
an ostrich,137,a robin a salmon,0
an ostrich,137,a robin a seal,0
an ostrich,137,a robin a dolphin,0
an ostrich,137,a robin a whale,0
an ostrich,137,a chicken an eagle,0
an ostrich,137,a chicken a penguin,0
an ostrich,137,a chicken a salmon,0
an ostrich,137,a chicken a seal,0
an ostrich,137,a chicken a dolphin,0
an ostrich,137,a chicken a whale,0
an ostrich,137,an eagle a penguin,0
an ostrich,137,an eagle a salmon,0
an ostrich,137,an eagle a seal,0
an ostrich,137,an eagle a dolphin,0
an ostrich,137,an eagle a whale,0
an ostrich,137,a penguin a salmon,0
an ostrich,137,a penguin a seal,0
an ostrich,137,a penguin a dolphin,0
an ostrich,137,a penguin a whale,0
an ostrich,137,a salmon a seal,0
an ostrich,137,a salmon a dolphin,0
an ostrich,137,a salmon a whale,0
an ostrich,137,a seal a dolphin,0
an ostrich,137,a seal a whale,0
an ostrich,137,a dolphin a whale,0
a penguin,138,a finch a robin,0
a penguin,138,a finch a chicken,0
a penguin,138,a finch an eagle,0
a penguin,138,a finch an ostrich,0
a penguin,138,a finch a salmon,0
a penguin,138,a finch a seal,1
a penguin,138,a finch a dolphin,0
a penguin,138,a finch a whale,0
a penguin,138,a robin a chicken,1
a penguin,138,a robin an eagle,0
a penguin,138,a robin an ostrich,0
a penguin,138,a robin a salmon,0
a penguin,138,a robin a seal,0
a penguin,138,a robin a dolphin,0
a penguin,138,a robin a whale,0
a penguin,138,a chicken an eagle,0
a penguin,138,a chicken an ostrich,0
a penguin,138,a chicken a salmon,0
a penguin,138,a chicken a seal,0
a penguin,138,a chicken a dolphin,0
a penguin,138,a chicken a whale,0
a penguin,138,an eagle an ostrich,0
a penguin,138,an eagle a salmon,0
a penguin,138,an eagle a seal,1
a penguin,138,an eagle a dolphin,1
a penguin,138,an eagle a whale,0
a penguin,138,an ostrich a salmon,0
a penguin,138,an ostrich a seal,0
a penguin,138,an ostrich a dolphin,0
a penguin,138,an ostrich a whale,0
a penguin,138,a salmon a seal,0
a penguin,138,a salmon a dolphin,0
a penguin,138,a salmon a whale,0
a penguin,138,a seal a dolphin,0
a penguin,138,a dolphin a whale,0
an eagle,139,a finch a robin,0
an eagle,139,a finch a chicken,0
an eagle,139,a finch an ostrich,0
an eagle,139,a finch a penguin,0
an eagle,139,a finch a salmon,0
an eagle,139,a finch a seal,0
an eagle,139,a finch a dolphin,0
an eagle,139,a finch a whale,0
an eagle,139,a robin a chicken,0
an eagle,139,a robin an ostrich,0
an eagle,139,a robin a penguin,0
an eagle,139,a robin a salmon,0
an eagle,139,a robin a seal,0
an eagle,139,a robin a dolphin,0
an eagle,139,a robin a whale,0
an eagle,139,a chicken an ostrich,0
an eagle,139,a chicken a penguin,0
an eagle,139,a chicken a salmon,0
an eagle,139,a chicken a seal,0
an eagle,139,a chicken a dolphin,0
an eagle,139,a chicken a whale,0
an eagle,139,an ostrich a salmon,0
an eagle,139,an ostrich a whale,0
an eagle,139,a penguin a salmon,0
an eagle,139,a penguin a seal,0
an eagle,139,a penguin a dolphin,0
an eagle,139,a penguin a whale,0
an eagle,139,a salmon a seal,0
an eagle,139,a salmon a dolphin,0
an eagle,139,a salmon a whale,0
an eagle,139,a seal a dolphin,0
an eagle,139,a seal a whale,0
an eagle,139,a dolphin a whale,0
a whale,140,a finch a robin,0
a whale,140,a finch a chicken,0
a whale,140,a finch an eagle,0
a whale,140,a finch an ostrich,0
a whale,140,a finch a penguin,0
a whale,140,a finch a salmon,0
a whale,140,a finch a seal,1
a whale,140,a finch a dolphin,0
a whale,140,a robin a chicken,1
a whale,140,a robin an eagle,0
a whale,140,a robin an ostrich,0
a whale,140,a robin a penguin,0
a whale,140,a robin a salmon,0
a whale,140,a robin a seal,1
a whale,140,a robin a dolphin,0
a whale,140,a chicken an eagle,0
a whale,140,a chicken an ostrich,0
a whale,140,a chicken a penguin,0
a whale,140,a chicken a salmon,0
a whale,140,a chicken a seal,0
a whale,140,a chicken a dolphin,0
a whale,140,an eagle a penguin,0
a whale,140,an eagle a salmon,1
a whale,140,an eagle a seal,0
a whale,140,an eagle a dolphin,1
a whale,140,an ostrich a penguin,0
a whale,140,an ostrich a salmon,1
a whale,140,an ostrich a seal,1
a whale,140,an ostrich a dolphin,0
a whale,140,a penguin a salmon,0
a whale,140,a penguin a seal,0
a whale,140,a penguin a dolphin,0
a whale,140,a salmon a seal,0
a whale,140,a salmon a dolphin,0
a whale,140,a seal a dolphin,0
a salmon,141,a finch a robin,0
a salmon,141,a finch a chicken,0
a salmon,141,a finch an eagle,0
a salmon,141,a finch an ostrich,0
a salmon,141,a finch a penguin,0
a salmon,141,a finch a seal,0
a salmon,141,a finch a dolphin,0
a salmon,141,a finch a whale,0
a salmon,141,a robin a chicken,1
a salmon,141,a robin an ostrich,0
a salmon,141,a robin a penguin,0
a salmon,141,a robin a seal,1
a salmon,141,a robin a dolphin,0
a salmon,141,a chicken an eagle,1
a salmon,141,a chicken an ostrich,0
a salmon,141,a chicken a penguin,0
a salmon,141,a chicken a seal,0
a salmon,141,a chicken a dolphin,0
a salmon,141,a chicken a whale,0
a salmon,141,an eagle an ostrich,0
a salmon,141,an eagle a penguin,0
a salmon,141,an eagle a seal,0
a salmon,141,an eagle a dolphin,0
a salmon,141,an eagle a whale,0
a salmon,141,an ostrich a penguin,0
a salmon,141,an ostrich a seal,1
a salmon,141,an ostrich a dolphin,0
a salmon,141,a penguin a seal,1
a salmon,141,a penguin a dolphin,0
a salmon,141,a penguin a whale,0
a salmon,141,a seal a dolphin,0
a salmon,141,a seal a whale,0
a salmon,141,a dolphin a whale,0
a dolphin,142,a finch a robin,0
a dolphin,142,a finch a chicken,0
a dolphin,142,a finch an eagle,0
a dolphin,142,a finch an ostrich,0
a dolphin,142,a finch a penguin,0
a dolphin,142,a finch a salmon,0
a dolphin,142,a finch a seal,0
a dolphin,142,a finch a whale,0
a dolphin,142,a robin a chicken,1
a dolphin,142,a robin an eagle,0
a dolphin,142,a robin an ostrich,0
a dolphin,142,a robin a penguin,0
a dolphin,142,a robin a salmon,1
a dolphin,142,a robin a seal,1
a dolphin,142,a robin a whale,0
a dolphin,142,a chicken an eagle,0
a dolphin,142,a chicken an ostrich,0
a dolphin,142,a chicken a penguin,0
a dolphin,142,a chicken a salmon,0
a dolphin,142,a chicken a seal,0
a dolphin,142,a chicken a whale,0
a dolphin,142,an eagle a penguin,0
a dolphin,142,an eagle a seal,1
a dolphin,142,an eagle a whale,0
a dolphin,142,an ostrich a penguin,0
a dolphin,142,an ostrich a salmon,0
a dolphin,142,an ostrich a seal,1
a dolphin,142,an ostrich a whale,0
a dolphin,142,a penguin a salmon,0
a dolphin,142,a penguin a seal,0
a dolphin,142,a penguin a whale,1
a dolphin,142,a salmon a seal,1
a dolphin,142,a salmon a whale,0
a dolphin,142,a seal a whale,0
a salmon,143,a finch a robin,0
a salmon,143,a finch a chicken,0
a salmon,143,a finch an eagle,1
a salmon,143,a finch an ostrich,0
a salmon,143,a finch a penguin,0
a salmon,143,a finch a seal,1
a salmon,143,a finch a dolphin,0
a salmon,143,a finch a whale,0
a salmon,143,a robin a chicken,0
a salmon,143,a robin an eagle,0
a salmon,143,a robin an ostrich,0
a salmon,143,a robin a penguin,0
a salmon,143,a robin a seal,1
a salmon,143,a robin a dolphin,0
a salmon,143,a robin a whale,0
a salmon,143,a chicken an eagle,0
a salmon,143,a chicken an ostrich,0
a salmon,143,a chicken a penguin,0
a salmon,143,a chicken a seal,1
a salmon,143,a chicken a dolphin,0
a salmon,143,a chicken a whale,0
a salmon,143,an eagle an ostrich,0
a salmon,143,an eagle a penguin,0
a salmon,143,an eagle a seal,1
a salmon,143,an eagle a dolphin,0
a salmon,143,an eagle a whale,1
a salmon,143,an ostrich a penguin,0
a salmon,143,an ostrich a seal,0
a salmon,143,an ostrich a dolphin,0
a salmon,143,an ostrich a whale,0
a salmon,143,a penguin a seal,0
a salmon,143,a penguin a whale,0
a salmon,143,a seal a dolphin,0
a salmon,143,a seal a whale,0
a salmon,143,a dolphin a whale,0
a finch,144,a robin a chicken,1
a finch,144,a robin an eagle,0
a finch,144,a robin an ostrich,0
a finch,144,a robin a penguin,0
a finch,144,a robin a salmon,0
a finch,144,a robin a seal,0
a finch,144,a robin a dolphin,0
a finch,144,a robin a whale,0
a finch,144,a chicken an eagle,0
a finch,144,a chicken an ostrich,0
a finch,144,a chicken a penguin,0
a finch,144,a chicken a salmon,0
a finch,144,a chicken a seal,0
a finch,144,a chicken a dolphin,0
a finch,144,a chicken a whale,0
a finch,144,an eagle an ostrich,0
a finch,144,an eagle a penguin,0
a finch,144,an eagle a salmon,0
a finch,144,an eagle a seal,0
a finch,144,an eagle a dolphin,0
a finch,144,an eagle a whale,0
a finch,144,an ostrich a penguin,0
a finch,144,an ostrich a salmon,0
a finch,144,an ostrich a seal,0
a finch,144,an ostrich a dolphin,0
a finch,144,an ostrich a whale,0
a finch,144,a penguin a salmon,0
a finch,144,a penguin a seal,0
a finch,144,a penguin a dolphin,0
a finch,144,a penguin a whale,0
a finch,144,a salmon a seal,0
a finch,144,a salmon a whale,0
a finch,144,a seal a dolphin,0
a finch,144,a seal a whale,0
a finch,144,a dolphin a whale,0
a finch,145,a robin a chicken,0
a finch,145,a robin an eagle,0
a finch,145,a robin an ostrich,0
a finch,145,a robin a penguin,0
a finch,145,a robin a salmon,0
a finch,145,a robin a seal,0
a finch,145,a robin a dolphin,0
a finch,145,a robin a whale,0
a finch,145,a chicken an eagle,0
a finch,145,a chicken an ostrich,0
a finch,145,a chicken a penguin,0
a finch,145,a chicken a salmon,0
a finch,145,a chicken a seal,0
a finch,145,a chicken a dolphin,0
a finch,145,a chicken a whale,0
a finch,145,an eagle an ostrich,0
a finch,145,an eagle a penguin,0
a finch,145,an eagle a salmon,0
a finch,145,an eagle a seal,0
a finch,145,an eagle a dolphin,0
a finch,145,an eagle a whale,0
a finch,145,an ostrich a penguin,0
a finch,145,an ostrich a salmon,0
a finch,145,an ostrich a seal,0
a finch,145,an ostrich a dolphin,0
a finch,145,an ostrich a whale,0
a finch,145,a penguin a salmon,0
a finch,145,a penguin a seal,0
a finch,145,a penguin a dolphin,0
a finch,145,a penguin a whale,0
a finch,145,a salmon a seal,0
a finch,145,a salmon a dolphin,0
a finch,145,a salmon a whale,0
a finch,145,a seal a dolphin,0
a finch,145,a seal a whale,0
a finch,145,a dolphin a whale,0
a dolphin,146,a finch a robin,0
a dolphin,146,a finch a chicken,0
a dolphin,146,a finch an eagle,0
a dolphin,146,a finch an ostrich,0
a dolphin,146,a finch a penguin,0
a dolphin,146,a finch a salmon,1
a dolphin,146,a finch a seal,0
a dolphin,146,a finch a whale,0
a dolphin,146,a robin a chicken,0
a dolphin,146,a robin an ostrich,0
a dolphin,146,a robin a penguin,0
a dolphin,146,a robin a salmon,0
a dolphin,146,a robin a seal,0
a dolphin,146,a robin a whale,0
a dolphin,146,a chicken an eagle,0
a dolphin,146,a chicken an ostrich,0
a dolphin,146,a chicken a penguin,0
a dolphin,146,a chicken a salmon,0
a dolphin,146,a chicken a seal,1
a dolphin,146,a chicken a whale,0
a dolphin,146,an eagle an ostrich,0
a dolphin,146,an eagle a penguin,0
a dolphin,146,an eagle a salmon,0
a dolphin,146,an eagle a seal,1
a dolphin,146,an eagle a whale,0
a dolphin,146,an ostrich a penguin,0
a dolphin,146,an ostrich a salmon,0
a dolphin,146,an ostrich a seal,1
a dolphin,146,an ostrich a whale,1
a dolphin,146,a penguin a salmon,0
a dolphin,146,a penguin a seal,1
a dolphin,146,a penguin a whale,1
a dolphin,146,a salmon a seal,1
a dolphin,146,a salmon a whale,0
a dolphin,146,a seal a whale,0
a dolphin,147,a finch a robin,0
a dolphin,147,a finch a chicken,0
a dolphin,147,a finch an eagle,0
a dolphin,147,a finch an ostrich,0
a dolphin,147,a finch a penguin,0
a dolphin,147,a finch a salmon,0
a dolphin,147,a finch a seal,1
a dolphin,147,a finch a whale,0
a dolphin,147,a robin a chicken,0
a dolphin,147,a robin an ostrich,0
a dolphin,147,a robin a penguin,0
a dolphin,147,a robin a salmon,0
a dolphin,147,a robin a seal,1
a dolphin,147,a robin a whale,0
a dolphin,147,a chicken an eagle,0
a dolphin,147,a chicken an ostrich,0
a dolphin,147,a chicken a penguin,0
a dolphin,147,a chicken a salmon,0
a dolphin,147,a chicken a seal,0
a dolphin,147,a chicken a whale,0
a dolphin,147,an eagle a penguin,0
a dolphin,147,an eagle a salmon,0
a dolphin,147,an eagle a whale,1
a dolphin,147,an ostrich a penguin,0
a dolphin,147,an ostrich a salmon,0
a dolphin,147,an ostrich a seal,1
a dolphin,147,an ostrich a whale,0
a dolphin,147,a penguin a salmon,0
a dolphin,147,a penguin a seal,0
a dolphin,147,a penguin a whale,1
a dolphin,147,a salmon a seal,1
a dolphin,147,a salmon a whale,0
a dolphin,147,a seal a whale,0
an eagle,148,a finch a robin,0
an eagle,148,a finch a chicken,0
an eagle,148,a finch an ostrich,0
an eagle,148,a finch a penguin,0
an eagle,148,a finch a salmon,0
an eagle,148,a finch a seal,0
an eagle,148,a finch a dolphin,0
an eagle,148,a finch a whale,0
an eagle,148,a robin a chicken,0
an eagle,148,a robin an ostrich,1
an eagle,148,a robin a penguin,0
an eagle,148,a robin a salmon,0
an eagle,148,a robin a seal,0
an eagle,148,a robin a dolphin,0
an eagle,148,a robin a whale,0
an eagle,148,a chicken an ostrich,0
an eagle,148,a chicken a penguin,0
an eagle,148,a chicken a salmon,0
an eagle,148,a chicken a seal,0
an eagle,148,a chicken a dolphin,0
an eagle,148,a chicken a whale,0
an eagle,148,an ostrich a penguin,0
an eagle,148,an ostrich a salmon,0
an eagle,148,an ostrich a seal,0
an eagle,148,an ostrich a dolphin,0
an eagle,148,an ostrich a whale,0
an eagle,148,a penguin a salmon,0
an eagle,148,a penguin a seal,0
an eagle,148,a penguin a dolphin,0
an eagle,148,a salmon a seal,1
an eagle,148,a salmon a dolphin,0
an eagle,148,a salmon a whale,0
an eagle,148,a seal a dolphin,0
an eagle,148,a seal a whale,0
an eagle,148,a dolphin a whale,0
a dolphin,149,a finch a robin,0
a dolphin,149,a finch a chicken,0
a dolphin,149,a finch an eagle,0
a dolphin,149,a finch an ostrich,0
a dolphin,149,a finch a penguin,0
a dolphin,149,a finch a salmon,0
a dolphin,149,a finch a seal,1
a dolphin,149,a finch a whale,0
a dolphin,149,a robin a chicken,0
a dolphin,149,a robin an eagle,0
a dolphin,149,a robin an ostrich,0
a dolphin,149,a robin a penguin,0
a dolphin,149,a robin a salmon,0
a dolphin,149,a robin a seal,0
a dolphin,149,a robin a whale,0
a dolphin,149,a chicken an eagle,0
a dolphin,149,a chicken an ostrich,0
a dolphin,149,a chicken a penguin,0
a dolphin,149,a chicken a salmon,0
a dolphin,149,a chicken a seal,0
a dolphin,149,a chicken a whale,0
a dolphin,149,an eagle an ostrich,0
a dolphin,149,an eagle a penguin,0
a dolphin,149,an eagle a salmon,1
a dolphin,149,an eagle a seal,0
a dolphin,149,an eagle a whale,0
a dolphin,149,an ostrich a penguin,0
a dolphin,149,an ostrich a salmon,0
a dolphin,149,an ostrich a seal,1
a dolphin,149,an ostrich a whale,0
a dolphin,149,a penguin a salmon,0
a dolphin,149,a penguin a seal,0
a dolphin,149,a penguin a whale,1
a dolphin,149,a salmon a seal,1
a dolphin,149,a salmon a whale,1
a dolphin,149,a seal a whale,0
a chicken,150,a finch a robin,0
a chicken,150,a finch an eagle,0
a chicken,150,a finch an ostrich,0
a chicken,150,a finch a penguin,0
a chicken,150,a finch a salmon,0
a chicken,150,a finch a seal,0
a chicken,150,a finch a dolphin,0
a chicken,150,a finch a whale,0
a chicken,150,a robin an eagle,0
a chicken,150,a robin an ostrich,0
a chicken,150,a robin a penguin,0
a chicken,150,a robin a salmon,0
a chicken,150,a robin a seal,0
a chicken,150,a robin a dolphin,0
a chicken,150,a robin a whale,0
a chicken,150,an eagle an ostrich,0
a chicken,150,an eagle a penguin,0
a chicken,150,an eagle a salmon,0
a chicken,150,an eagle a seal,0
a chicken,150,an eagle a dolphin,0
a chicken,150,an eagle a whale,0
a chicken,150,an ostrich a penguin,0
a chicken,150,an ostrich a salmon,0
a chicken,150,an ostrich a seal,0
a chicken,150,an ostrich a dolphin,0
a chicken,150,an ostrich a whale,0
a chicken,150,a penguin a salmon,0
a chicken,150,a penguin a dolphin,0
a chicken,150,a penguin a whale,0
a chicken,150,a salmon a seal,0
a chicken,150,a salmon a dolphin,0
a chicken,150,a salmon a whale,0
a chicken,150,a seal a dolphin,0
a chicken,150,a seal a whale,0
a chicken,150,a dolphin a whale,0
a salmon,151,a finch a robin,0
a salmon,151,a finch a chicken,0
a salmon,151,a finch an eagle,1
a salmon,151,a finch an ostrich,0
a salmon,151,a finch a penguin,0
a salmon,151,a finch a seal,1
a salmon,151,a finch a dolphin,0
a salmon,151,a finch a whale,0
a salmon,151,a robin a chicken,1
a salmon,151,a robin an eagle,0
a salmon,151,a robin an ostrich,0
a salmon,151,a robin a penguin,0
a salmon,151,a robin a seal,1
a salmon,151,a robin a dolphin,0
a salmon,151,a robin a whale,1
a salmon,151,a chicken an eagle,0
a salmon,151,a chicken an ostrich,0
a salmon,151,a chicken a penguin,0
a salmon,151,a chicken a seal,1
a salmon,151,a chicken a dolphin,0
a salmon,151,a chicken a whale,0
a salmon,151,an eagle a penguin,0
a salmon,151,an eagle a seal,1
a salmon,151,an eagle a dolphin,0
a salmon,151,an eagle a whale,0
a salmon,151,an ostrich a penguin,0
a salmon,151,an ostrich a seal,0
a salmon,151,an ostrich a dolphin,0
a salmon,151,an ostrich a whale,0
a salmon,151,a penguin a seal,1
a salmon,151,a penguin a dolphin,0
a salmon,151,a penguin a whale,0
a salmon,151,a seal a dolphin,0
a salmon,151,a seal a whale,0
a salmon,151,a dolphin a whale,0
a penguin,152,a finch a robin,0
a penguin,152,a finch a chicken,0
a penguin,152,a finch an eagle,0
a penguin,152,a finch an ostrich,0
a penguin,152,a finch a salmon,0
a penguin,152,a finch a seal,0
a penguin,152,a finch a dolphin,0
a penguin,152,a finch a whale,0
a penguin,152,a robin a chicken,1
a penguin,152,a robin an eagle,0
a penguin,152,a robin an ostrich,0
a penguin,152,a robin a salmon,0
a penguin,152,a robin a seal,0
a penguin,152,a robin a dolphin,0
a penguin,152,a robin a whale,0
a penguin,152,a chicken an eagle,0
a penguin,152,a chicken an ostrich,0
a penguin,152,a chicken a salmon,0
a penguin,152,a chicken a seal,1
a penguin,152,a chicken a dolphin,0
a penguin,152,a chicken a whale,0
a penguin,152,an eagle an ostrich,0
a penguin,152,an eagle a salmon,0
a penguin,152,an eagle a seal,1
a penguin,152,an eagle a dolphin,0
a penguin,152,an eagle a whale,1
a penguin,152,an ostrich a salmon,0
a penguin,152,an ostrich a seal,0
a penguin,152,an ostrich a dolphin,0
a penguin,152,an ostrich a whale,0
a penguin,152,a salmon a seal,0
a penguin,152,a salmon a dolphin,0
a penguin,152,a salmon a whale,1
a penguin,152,a seal a dolphin,0
a penguin,152,a seal a whale,0
a penguin,152,a dolphin a whale,0
a seal,153,a finch a robin,0
a seal,153,a finch a chicken,0
a seal,153,a finch an eagle,0
a seal,153,a finch an ostrich,0
a seal,153,a finch a penguin,0
a seal,153,a finch a salmon,0
a seal,153,a finch a dolphin,0
a seal,153,a finch a whale,0
a seal,153,a robin a chicken,0
a seal,153,a robin an eagle,0
a seal,153,a robin an ostrich,0
a seal,153,a robin a penguin,0
a seal,153,a robin a salmon,0
a seal,153,a robin a dolphin,1
a seal,153,a robin a whale,0
a seal,153,a chicken an eagle,0
a seal,153,a chicken an ostrich,0
a seal,153,a chicken a penguin,0
a seal,153,a chicken a salmon,0
a seal,153,a chicken a dolphin,0
a seal,153,a chicken a whale,0
a seal,153,an eagle an ostrich,0
a seal,153,an eagle a penguin,0
a seal,153,an eagle a salmon,0
a seal,153,an eagle a dolphin,0
a seal,153,an eagle a whale,0
a seal,153,an ostrich a penguin,0
a seal,153,an ostrich a salmon,0
a seal,153,an ostrich a dolphin,0
a seal,153,an ostrich a whale,1
a seal,153,a penguin a dolphin,0
a seal,153,a penguin a whale,0
a seal,153,a salmon a dolphin,1
a seal,153,a salmon a whale,0
a seal,153,a dolphin a whale,0
a dolphin,154,a finch a robin,0
a dolphin,154,a finch a chicken,0
a dolphin,154,a finch an eagle,0
a dolphin,154,a finch an ostrich,0
a dolphin,154,a finch a penguin,0
a dolphin,154,a finch a salmon,0
a dolphin,154,a finch a seal,0
a dolphin,154,a finch a whale,0
a dolphin,154,a robin a chicken,0
a dolphin,154,a robin an eagle,0
a dolphin,154,a robin an ostrich,1
a dolphin,154,a robin a penguin,0
a dolphin,154,a robin a salmon,1
a dolphin,154,a robin a seal,1
a dolphin,154,a robin a whale,0
a dolphin,154,a chicken an eagle,0
a dolphin,154,a chicken an ostrich,0
a dolphin,154,a chicken a penguin,0
a dolphin,154,a chicken a salmon,0
a dolphin,154,a chicken a seal,0
a dolphin,154,a chicken a whale,0
a dolphin,154,an eagle an ostrich,0
a dolphin,154,an eagle a penguin,0
a dolphin,154,an eagle a salmon,0
a dolphin,154,an eagle a seal,1
a dolphin,154,an eagle a whale,1
a dolphin,154,an ostrich a penguin,0
a dolphin,154,an ostrich a salmon,0
a dolphin,154,an ostrich a seal,0
a dolphin,154,an ostrich a whale,1
a dolphin,154,a penguin a salmon,0
a dolphin,154,a penguin a seal,1
a dolphin,154,a penguin a whale,1
a dolphin,154,a salmon a seal,1
a dolphin,154,a salmon a whale,1
a dolphin,154,a seal a whale,0
an ostrich,155,a finch a robin,0
an ostrich,155,a finch a chicken,0
an ostrich,155,a finch an eagle,0
an ostrich,155,a finch a penguin,0
an ostrich,155,a finch a salmon,0
an ostrich,155,a finch a seal,0
an ostrich,155,a finch a dolphin,0
an ostrich,155,a finch a whale,0
an ostrich,155,a robin a chicken,0
an ostrich,155,a robin an eagle,0
an ostrich,155,a robin a penguin,0
an ostrich,155,a robin a salmon,0
an ostrich,155,a robin a seal,0
an ostrich,155,a robin a dolphin,0
an ostrich,155,a robin a whale,0
an ostrich,155,a chicken an eagle,0
an ostrich,155,a chicken a penguin,0
an ostrich,155,a chicken a salmon,0
an ostrich,155,a chicken a seal,0
an ostrich,155,a chicken a dolphin,0
an ostrich,155,a chicken a whale,0
an ostrich,155,an eagle a penguin,0
an ostrich,155,an eagle a salmon,0
an ostrich,155,an eagle a seal,0
an ostrich,155,an eagle a dolphin,0
an ostrich,155,an eagle a whale,0
an ostrich,155,a penguin a salmon,0
an ostrich,155,a penguin a seal,0
an ostrich,155,a penguin a dolphin,0
an ostrich,155,a penguin a whale,0
an ostrich,155,a salmon a seal,0
an ostrich,155,a salmon a dolphin,0
an ostrich,155,a salmon a whale,0
an ostrich,155,a seal a dolphin,0
an ostrich,155,a seal a whale,0
an ostrich,155,a dolphin a whale,0
a finch,156,a robin a chicken,0
a finch,156,a robin an eagle,0
a finch,156,a robin an ostrich,0
a finch,156,a robin a penguin,0
a finch,156,a robin a salmon,0
a finch,156,a robin a seal,0
a finch,156,a robin a dolphin,0
a finch,156,a robin a whale,0
a finch,156,a chicken an eagle,0
a finch,156,a chicken an ostrich,0
a finch,156,a chicken a penguin,0
a finch,156,a chicken a salmon,0
a finch,156,a chicken a seal,0
a finch,156,a chicken a dolphin,0
a finch,156,a chicken a whale,0
a finch,156,an eagle an ostrich,0
a finch,156,an eagle a penguin,0
a finch,156,an eagle a salmon,0
a finch,156,an eagle a seal,0
a finch,156,an eagle a dolphin,0
a finch,156,an eagle a whale,0
a finch,156,an ostrich a salmon,0
a finch,156,an ostrich a seal,0
a finch,156,an ostrich a whale,0
a finch,156,a penguin a salmon,0
a finch,156,a penguin a seal,0
a finch,156,a penguin a whale,0
a finch,156,a salmon a seal,0
a finch,156,a salmon a dolphin,0
a finch,156,a seal a dolphin,0
a finch,156,a seal a whale,0
a finch,156,a dolphin a whale,0
a chicken,157,a finch a robin,0
a chicken,157,a finch an eagle,0
a chicken,157,a finch an ostrich,0
a chicken,157,a finch a penguin,0
a chicken,157,a finch a salmon,0
a chicken,157,a finch a seal,0
a chicken,157,a finch a dolphin,0
a chicken,157,a finch a whale,0
a chicken,157,a robin an eagle,0
a chicken,157,a robin an ostrich,0
a chicken,157,a robin a salmon,0
a chicken,157,a robin a seal,0
a chicken,157,a robin a dolphin,0
a chicken,157,a robin a whale,0
a chicken,157,an eagle an ostrich,0
a chicken,157,an eagle a penguin,0
a chicken,157,an eagle a salmon,0
a chicken,157,an eagle a seal,0
a chicken,157,an eagle a dolphin,0
a chicken,157,an eagle a whale,0
a chicken,157,an ostrich a penguin,0
a chicken,157,an ostrich a salmon,0
a chicken,157,an ostrich a seal,0
a chicken,157,an ostrich a dolphin,0
a chicken,157,an ostrich a whale,0
a chicken,157,a penguin a salmon,0
a chicken,157,a penguin a seal,0
a chicken,157,a penguin a dolphin,0
a chicken,157,a salmon a seal,0
a chicken,157,a salmon a dolphin,0
a chicken,157,a salmon a whale,0
a chicken,157,a seal a whale,0
a chicken,157,a dolphin a whale,0
a whale,158,a finch a robin,0
a whale,158,a finch a chicken,0
a whale,158,a finch an eagle,0
a whale,158,a finch an ostrich,0
a whale,158,a finch a penguin,0
a whale,158,a finch a salmon,1
a whale,158,a finch a seal,0
a whale,158,a finch a dolphin,0
a whale,158,a robin a chicken,0
a whale,158,a robin an eagle,0
a whale,158,a robin an ostrich,0
a whale,158,a robin a penguin,0
a whale,158,a robin a salmon,0
a whale,158,a robin a seal,1
a whale,158,a robin a dolphin,0
a whale,158,a chicken an eagle,0
a whale,158,a chicken an ostrich,0
a whale,158,a chicken a penguin,0
a whale,158,a chicken a salmon,0
a whale,158,a chicken a seal,1
a whale,158,a chicken a dolphin,0
a whale,158,an eagle an ostrich,0
a whale,158,an eagle a penguin,0
a whale,158,an eagle a salmon,0
a whale,158,an eagle a seal,1
a whale,158,an eagle a dolphin,1
a whale,158,an ostrich a penguin,0
a whale,158,an ostrich a salmon,0
a whale,158,an ostrich a seal,1
a whale,158,an ostrich a dolphin,0
a whale,158,a penguin a salmon,0
a whale,158,a penguin a seal,1
a whale,158,a penguin a dolphin,0
a whale,158,a salmon a seal,1
a whale,158,a salmon a dolphin,0
a whale,158,a seal a dolphin,0
a seal,159,a finch a robin,0
a seal,159,a finch a chicken,0
a seal,159,a finch an eagle,0
a seal,159,a finch an ostrich,0
a seal,159,a finch a penguin,0
a seal,159,a finch a salmon,0
a seal,159,a finch a dolphin,0
a seal,159,a finch a whale,0
a seal,159,a robin a chicken,0
a seal,159,a robin an eagle,0
a seal,159,a robin an ostrich,0
a seal,159,a robin a penguin,0
a seal,159,a robin a salmon,0
a seal,159,a robin a dolphin,0
a seal,159,a robin a whale,1
a seal,159,a chicken an eagle,0
a seal,159,a chicken an ostrich,0
a seal,159,a chicken a penguin,0
a seal,159,a chicken a salmon,1
a seal,159,a chicken a dolphin,0
a seal,159,a chicken a whale,0
a seal,159,an eagle an ostrich,0
a seal,159,an eagle a penguin,0
a seal,159,an eagle a salmon,0
a seal,159,an eagle a dolphin,0
a seal,159,an eagle a whale,0
a seal,159,an ostrich a penguin,0
a seal,159,an ostrich a salmon,0
a seal,159,an ostrich a dolphin,0
a seal,159,an ostrich a whale,0
a seal,159,a penguin a salmon,0
a seal,159,a penguin a dolphin,0
a seal,159,a penguin a whale,0
a seal,159,a salmon a dolphin,0
a seal,159,a salmon a whale,0
a seal,159,a dolphin a whale,0
a penguin,160,a finch a robin,0
a penguin,160,a finch a chicken,0
a penguin,160,a finch an eagle,0
a penguin,160,a finch an ostrich,0
a penguin,160,a finch a salmon,0
a penguin,160,a finch a seal,1
a penguin,160,a finch a dolphin,0
a penguin,160,a finch a whale,0
a penguin,160,a robin a chicken,1
a penguin,160,a robin an eagle,0
a penguin,160,a robin an ostrich,0
a penguin,160,a robin a salmon,0
a penguin,160,a robin a seal,1
a penguin,160,a robin a dolphin,0
a penguin,160,a robin a whale,0
a penguin,160,a chicken an eagle,0
a penguin,160,a chicken an ostrich,0
a penguin,160,a chicken a salmon,0
a penguin,160,a chicken a seal,1
a penguin,160,a chicken a dolphin,0
a penguin,160,a chicken a whale,0
a penguin,160,an eagle an ostrich,0
a penguin,160,an eagle a salmon,1
a penguin,160,an eagle a seal,1
a penguin,160,an eagle a dolphin,1
a penguin,160,an eagle a whale,1
a penguin,160,an ostrich a salmon,0
a penguin,160,an ostrich a seal,1
a penguin,160,an ostrich a dolphin,0
a penguin,160,an ostrich a whale,0
a penguin,160,a salmon a seal,1
a penguin,160,a salmon a dolphin,1
a penguin,160,a salmon a whale,0
a penguin,160,a seal a dolphin,0
a penguin,160,a seal a whale,0
a penguin,160,a dolphin a whale,0
a seal,161,a finch a robin,0
a seal,161,a finch a chicken,0
a seal,161,a finch an eagle,0
a seal,161,a finch an ostrich,0
a seal,161,a finch a penguin,0
a seal,161,a finch a salmon,0
a seal,161,a finch a dolphin,0
a seal,161,a finch a whale,0
a seal,161,a robin a chicken,0
a seal,161,a robin an eagle,0
a seal,161,a robin an ostrich,0
a seal,161,a robin a penguin,0
a seal,161,a robin a salmon,0
a seal,161,a robin a dolphin,0
a seal,161,a robin a whale,0
a seal,161,a chicken an eagle,0
a seal,161,a chicken an ostrich,0
a seal,161,a chicken a penguin,0
a seal,161,a chicken a salmon,0
a seal,161,a chicken a dolphin,0
a seal,161,a chicken a whale,0
a seal,161,an eagle an ostrich,0
a seal,161,an eagle a penguin,0
a seal,161,an eagle a salmon,0
a seal,161,an eagle a dolphin,0
a seal,161,an eagle a whale,0
a seal,161,an ostrich a penguin,0
a seal,161,an ostrich a salmon,0
a seal,161,an ostrich a dolphin,0
a seal,161,an ostrich a whale,0
a seal,161,a penguin a salmon,0
a seal,161,a penguin a dolphin,0
a seal,161,a penguin a whale,0
a seal,161,a salmon a dolphin,0
a seal,161,a salmon a whale,0
a seal,161,a dolphin a whale,0
a dolphin,162,a finch a robin,0
a dolphin,162,a finch a chicken,0
a dolphin,162,a finch an eagle,0
a dolphin,162,a finch an ostrich,0
a dolphin,162,a finch a penguin,0
a dolphin,162,a finch a salmon,0
a dolphin,162,a finch a seal,1
a dolphin,162,a finch a whale,0
a dolphin,162,a robin a chicken,0
a dolphin,162,a robin an eagle,0
a dolphin,162,a robin an ostrich,0
a dolphin,162,a robin a penguin,0
a dolphin,162,a robin a salmon,1
a dolphin,162,a robin a seal,1
a dolphin,162,a robin a whale,0
a dolphin,162,a chicken an ostrich,0
a dolphin,162,a chicken a penguin,0
a dolphin,162,a chicken a salmon,0
a dolphin,162,a chicken a seal,0
a dolphin,162,a chicken a whale,0
a dolphin,162,an eagle an ostrich,0
a dolphin,162,an eagle a penguin,0
a dolphin,162,an eagle a salmon,1
a dolphin,162,an eagle a seal,0
a dolphin,162,an eagle a whale,0
a dolphin,162,an ostrich a penguin,0
a dolphin,162,an ostrich a salmon,0
a dolphin,162,an ostrich a seal,0
a dolphin,162,an ostrich a whale,0
a dolphin,162,a penguin a salmon,0
a dolphin,162,a penguin a seal,1
a dolphin,162,a penguin a whale,1
a dolphin,162,a salmon a seal,1
a dolphin,162,a salmon a whale,0
a dolphin,162,a seal a whale,0
an eagle,163,a finch a robin,0
an eagle,163,a finch an ostrich,0
an eagle,163,a finch a penguin,0
an eagle,163,a finch a salmon,0
an eagle,163,a finch a seal,0
an eagle,163,a finch a dolphin,0
an eagle,163,a finch a whale,0
an eagle,163,a robin a chicken,0
an eagle,163,a robin an ostrich,1
an eagle,163,a robin a penguin,0
an eagle,163,a robin a salmon,0
an eagle,163,a robin a seal,0
an eagle,163,a robin a dolphin,0
an eagle,163,a robin a whale,0
an eagle,163,a chicken an ostrich,0
an eagle,163,a chicken a penguin,0
an eagle,163,a chicken a salmon,0
an eagle,163,a chicken a seal,0
an eagle,163,a chicken a dolphin,0
an eagle,163,a chicken a whale,0
an eagle,163,an ostrich a penguin,0
an eagle,163,an ostrich a salmon,0
an eagle,163,an ostrich a seal,0
an eagle,163,an ostrich a dolphin,0
an eagle,163,an ostrich a whale,0
an eagle,163,a penguin a salmon,0
an eagle,163,a penguin a dolphin,0
an eagle,163,a penguin a whale,0
an eagle,163,a salmon a seal,0
an eagle,163,a salmon a dolphin,0
an eagle,163,a salmon a whale,0
an eagle,163,a seal a dolphin,0
an eagle,163,a seal a whale,0
an eagle,163,a dolphin a whale,0
a finch,164,a robin a chicken,1
a finch,164,a robin an eagle,0
a finch,164,a robin an ostrich,0
a finch,164,a robin a penguin,0
a finch,164,a robin a salmon,0
a finch,164,a robin a seal,0
a finch,164,a robin a dolphin,0
a finch,164,a robin a whale,0
a finch,164,a chicken an eagle,0
a finch,164,a chicken an ostrich,0
a finch,164,a chicken a penguin,0
a finch,164,a chicken a salmon,0
a finch,164,a chicken a seal,0
a finch,164,a chicken a dolphin,0
a finch,164,a chicken a whale,0
a finch,164,an eagle an ostrich,0
a finch,164,an eagle a penguin,0
a finch,164,an eagle a salmon,0
a finch,164,an eagle a seal,0
a finch,164,an eagle a dolphin,0
a finch,164,an eagle a whale,0
a finch,164,an ostrich a penguin,0
a finch,164,an ostrich a salmon,0
a finch,164,an ostrich a seal,0
a finch,164,an ostrich a dolphin,0
a finch,164,an ostrich a whale,0
a finch,164,a penguin a salmon,0
a finch,164,a penguin a seal,0
a finch,164,a penguin a dolphin,0
a finch,164,a penguin a whale,0
a finch,164,a salmon a seal,0
a finch,164,a salmon a dolphin,0
a finch,164,a salmon a whale,0
a finch,164,a seal a dolphin,0
a finch,164,a seal a whale,0
a finch,164,a dolphin a whale,0
a finch,165,a robin a chicken,1
a finch,165,a robin an eagle,0
a finch,165,a robin an ostrich,0
a finch,165,a robin a penguin,0
a finch,165,a robin a salmon,0
a finch,165,a robin a seal,0
a finch,165,a robin a dolphin,0
a finch,165,a robin a whale,0
a finch,165,a chicken an eagle,0
a finch,165,a chicken an ostrich,0
a finch,165,a chicken a penguin,0
a finch,165,a chicken a salmon,0
a finch,165,a chicken a seal,0
a finch,165,a chicken a dolphin,0
a finch,165,a chicken a whale,0
a finch,165,an eagle an ostrich,0
a finch,165,an eagle a penguin,0
a finch,165,an eagle a salmon,0
a finch,165,an eagle a seal,0
a finch,165,an eagle a dolphin,0
a finch,165,an eagle a whale,0
a finch,165,an ostrich a penguin,0
a finch,165,an ostrich a salmon,0
a finch,165,an ostrich a seal,0
a finch,165,an ostrich a dolphin,0
a finch,165,an ostrich a whale,0
a finch,165,a penguin a salmon,0
a finch,165,a penguin a seal,0
a finch,165,a penguin a dolphin,0
a finch,165,a penguin a whale,0
a finch,165,a salmon a seal,0
a finch,165,a salmon a dolphin,0
a finch,165,a salmon a whale,0
a finch,165,a seal a dolphin,0
a finch,165,a seal a whale,0
a finch,165,a dolphin a whale,0
a whale,166,a finch a robin,0
a whale,166,a finch a chicken,0
a whale,166,a finch an eagle,0
a whale,166,a finch an ostrich,0
a whale,166,a finch a penguin,0
a whale,166,a finch a salmon,0
a whale,166,a finch a seal,0
a whale,166,a finch a dolphin,0
a whale,166,a robin a chicken,0
a whale,166,a robin an eagle,0
a whale,166,a robin an ostrich,0
a whale,166,a robin a penguin,0
a whale,166,a robin a salmon,0
a whale,166,a robin a seal,1
a whale,166,a robin a dolphin,0
a whale,166,a chicken an eagle,0
a whale,166,a chicken an ostrich,0
a whale,166,a chicken a penguin,0
a whale,166,a chicken a salmon,0
a whale,166,a chicken a seal,1
a whale,166,a chicken a dolphin,0
a whale,166,an eagle an ostrich,0
a whale,166,an eagle a penguin,0
a whale,166,an eagle a salmon,0
a whale,166,an eagle a seal,1
a whale,166,an eagle a dolphin,0
a whale,166,an ostrich a penguin,0
a whale,166,an ostrich a salmon,0
a whale,166,an ostrich a seal,0
a whale,166,an ostrich a dolphin,0
a whale,166,a penguin a salmon,1
a whale,166,a penguin a seal,1
a whale,166,a penguin a dolphin,0
a whale,166,a salmon a seal,0
a whale,166,a salmon a dolphin,1
a whale,166,a seal a dolphin,0
an eagle,167,a finch a robin,0
an eagle,167,a finch a chicken,0
an eagle,167,a finch an ostrich,0
an eagle,167,a finch a penguin,0
an eagle,167,a finch a salmon,0
an eagle,167,a finch a seal,0
an eagle,167,a finch a dolphin,0
an eagle,167,a finch a whale,0
an eagle,167,a robin a chicken,1
an eagle,167,a robin an ostrich,0
an eagle,167,a robin a penguin,0
an eagle,167,a robin a salmon,0
an eagle,167,a robin a seal,0
an eagle,167,a robin a dolphin,0
an eagle,167,a robin a whale,0
an eagle,167,a chicken an ostrich,0
an eagle,167,a chicken a penguin,0
an eagle,167,a chicken a salmon,0
an eagle,167,a chicken a seal,0
an eagle,167,a chicken a dolphin,0
an eagle,167,a chicken a whale,0
an eagle,167,an ostrich a penguin,0
an eagle,167,an ostrich a salmon,0
an eagle,167,an ostrich a seal,0
an eagle,167,an ostrich a dolphin,0
an eagle,167,an ostrich a whale,0
an eagle,167,a penguin a salmon,0
an eagle,167,a penguin a seal,0
an eagle,167,a penguin a dolphin,0
an eagle,167,a penguin a whale,0
an eagle,167,a salmon a seal,0
an eagle,167,a salmon a dolphin,0
an eagle,167,a salmon a whale,0
an eagle,167,a seal a whale,0
an eagle,167,a dolphin a whale,0
a salmon,168,a finch a robin,0
a salmon,168,a finch a chicken,1
a salmon,168,a finch an eagle,0
a salmon,168,a finch an ostrich,0
a salmon,168,a finch a penguin,1
a salmon,168,a finch a seal,0
a salmon,168,a finch a dolphin,0
a salmon,168,a finch a whale,0
a salmon,168,a robin a chicken,1
a salmon,168,a robin an eagle,0
a salmon,168,a robin an ostrich,0
a salmon,168,a robin a penguin,0
a salmon,168,a robin a seal,0
a salmon,168,a robin a whale,0
a salmon,168,a chicken an eagle,1
a salmon,168,a chicken an ostrich,0
a salmon,168,a chicken a penguin,0
a salmon,168,a chicken a seal,0
a salmon,168,a chicken a dolphin,0
a salmon,168,a chicken a whale,0
a salmon,168,an eagle an ostrich,0
a salmon,168,an eagle a penguin,0
a salmon,168,an eagle a seal,0
a salmon,168,an eagle a dolphin,0
a salmon,168,an eagle a whale,0
a salmon,168,an ostrich a penguin,0
a salmon,168,an ostrich a seal,1
a salmon,168,an ostrich a dolphin,0
a salmon,168,a penguin a seal,0
a salmon,168,a penguin a dolphin,0
a salmon,168,a penguin a whale,1
a salmon,168,a seal a dolphin,0
a salmon,168,a seal a whale,0
a salmon,168,a dolphin a whale,0
a robin,169,a finch a chicken,0
a robin,169,a finch an eagle,0
a robin,169,a finch an ostrich,0
a robin,169,a finch a penguin,0
a robin,169,a finch a salmon,0
a robin,169,a finch a seal,0
a robin,169,a finch a dolphin,0
a robin,169,a finch a whale,0
a robin,169,a chicken an eagle,0
a robin,169,a chicken an ostrich,0
a robin,169,a chicken a penguin,0
a robin,169,a chicken a salmon,0
a robin,169,a chicken a seal,0
a robin,169,a chicken a dolphin,0
a robin,169,a chicken a whale,0
a robin,169,an eagle an ostrich,0
a robin,169,an eagle a penguin,0
a robin,169,an eagle a salmon,0
a robin,169,an eagle a seal,0
a robin,169,an eagle a dolphin,0
a robin,169,an eagle a whale,0
a robin,169,an ostrich a penguin,0
a robin,169,an ostrich a salmon,0
a robin,169,an ostrich a seal,0
a robin,169,an ostrich a dolphin,0
a robin,169,an ostrich a whale,0
a robin,169,a penguin a salmon,0
a robin,169,a penguin a dolphin,0
a robin,169,a penguin a whale,0
a robin,169,a salmon a seal,0
a robin,169,a salmon a dolphin,0
a robin,169,a salmon a whale,0
a robin,169,a seal a dolphin,0
a robin,169,a seal a whale,0
a robin,169,a dolphin a whale,0
a chicken,170,a finch a robin,0
a chicken,170,a finch an eagle,0
a chicken,170,a finch an ostrich,0
a chicken,170,a finch a penguin,0
a chicken,170,a finch a salmon,0
a chicken,170,a finch a seal,0
a chicken,170,a finch a dolphin,0
a chicken,170,a finch a whale,0
a chicken,170,a robin an eagle,0
a chicken,170,a robin an ostrich,0
a chicken,170,a robin a penguin,0
a chicken,170,a robin a salmon,0
a chicken,170,a robin a seal,0
a chicken,170,a robin a dolphin,0
a chicken,170,a robin a whale,0
a chicken,170,an eagle an ostrich,0
a chicken,170,an eagle a penguin,0
a chicken,170,an eagle a salmon,0
a chicken,170,an eagle a seal,0
a chicken,170,an eagle a dolphin,0
a chicken,170,an eagle a whale,0
a chicken,170,an ostrich a penguin,0
a chicken,170,an ostrich a salmon,0
a chicken,170,an ostrich a seal,0
a chicken,170,an ostrich a dolphin,0
a chicken,170,an ostrich a whale,0
a chicken,170,a penguin a salmon,1
a chicken,170,a penguin a seal,0
a chicken,170,a penguin a dolphin,0
a chicken,170,a penguin a whale,0
a chicken,170,a salmon a seal,0
a chicken,170,a salmon a dolphin,0
a chicken,170,a salmon a whale,0
a chicken,170,a seal a dolphin,0
a chicken,170,a seal a whale,0
a chicken,170,a dolphin a whale,0
a finch,171,a robin a chicken,0
a finch,171,a robin an eagle,0
a finch,171,a robin an ostrich,0
a finch,171,a robin a penguin,0
a finch,171,a robin a salmon,0
a finch,171,a robin a seal,0
a finch,171,a robin a dolphin,0
a finch,171,a robin a whale,0
a finch,171,a chicken an eagle,0
a finch,171,a chicken an ostrich,0
a finch,171,a chicken a penguin,0
a finch,171,a chicken a salmon,0
a finch,171,a chicken a seal,0
a finch,171,a chicken a dolphin,0
a finch,171,a chicken a whale,0
a finch,171,an eagle an ostrich,0
a finch,171,an eagle a penguin,0
a finch,171,an eagle a salmon,0
a finch,171,an eagle a seal,0
a finch,171,an eagle a dolphin,0
a finch,171,an eagle a whale,0
a finch,171,an ostrich a penguin,0
a finch,171,an ostrich a salmon,0
a finch,171,an ostrich a seal,0
a finch,171,an ostrich a dolphin,0
a finch,171,an ostrich a whale,0
a finch,171,a penguin a salmon,0
a finch,171,a penguin a seal,0
a finch,171,a penguin a dolphin,0
a finch,171,a penguin a whale,0
a finch,171,a salmon a seal,0
a finch,171,a salmon a dolphin,0
a finch,171,a salmon a whale,0
a finch,171,a seal a whale,0
a finch,171,a dolphin a whale,0
an ostrich,172,a finch a robin,0
an ostrich,172,a finch a chicken,0
an ostrich,172,a finch an eagle,1
an ostrich,172,a finch a penguin,0
an ostrich,172,a finch a salmon,0
an ostrich,172,a finch a seal,0
an ostrich,172,a finch a dolphin,0
an ostrich,172,a finch a whale,0
an ostrich,172,a robin a chicken,0
an ostrich,172,a robin an eagle,0
an ostrich,172,a robin a penguin,0
an ostrich,172,a robin a salmon,0
an ostrich,172,a robin a seal,0
an ostrich,172,a robin a dolphin,0
an ostrich,172,a robin a whale,0
an ostrich,172,a chicken an eagle,0
an ostrich,172,a chicken a penguin,0
an ostrich,172,a chicken a salmon,0
an ostrich,172,a chicken a seal,0
an ostrich,172,a chicken a dolphin,0
an ostrich,172,a chicken a whale,0
an ostrich,172,an eagle a penguin,0
an ostrich,172,an eagle a salmon,0
an ostrich,172,an eagle a seal,0
an ostrich,172,an eagle a dolphin,0
an ostrich,172,an eagle a whale,0
an ostrich,172,a penguin a salmon,0
an ostrich,172,a penguin a seal,0
an ostrich,172,a penguin a dolphin,0
an ostrich,172,a penguin a whale,0
an ostrich,172,a salmon a seal,0
an ostrich,172,a salmon a dolphin,0
an ostrich,172,a salmon a whale,0
an ostrich,172,a seal a dolphin,1
an ostrich,172,a seal a whale,0
an ostrich,172,a dolphin a whale,0
a finch,173,a robin a chicken,0
a finch,173,a robin an eagle,0
a finch,173,a robin an ostrich,0
a finch,173,a robin a penguin,0
a finch,173,a robin a salmon,0
a finch,173,a robin a seal,0
a finch,173,a robin a dolphin,0
a finch,173,a robin a whale,0
a finch,173,a chicken an eagle,0
a finch,173,a chicken an ostrich,0
a finch,173,a chicken a penguin,0
a finch,173,a chicken a salmon,0
a finch,173,a chicken a seal,0
a finch,173,a chicken a dolphin,0
a finch,173,a chicken a whale,0
a finch,173,an eagle an ostrich,0
a finch,173,an eagle a penguin,0
a finch,173,an eagle a salmon,0
a finch,173,an eagle a seal,0
a finch,173,an eagle a dolphin,0
a finch,173,an eagle a whale,0
a finch,173,an ostrich a penguin,0
a finch,173,an ostrich a salmon,0
a finch,173,an ostrich a seal,0
a finch,173,an ostrich a dolphin,0
a finch,173,an ostrich a whale,0
a finch,173,a penguin a salmon,0
a finch,173,a penguin a seal,0
a finch,173,a penguin a dolphin,0
a finch,173,a penguin a whale,0
a finch,173,a salmon a seal,0
a finch,173,a salmon a dolphin,0
a finch,173,a salmon a whale,0
a finch,173,a seal a dolphin,0
a finch,173,a seal a whale,0
a finch,173,a dolphin a whale,0
a seal,174,a finch a robin,0
a seal,174,a finch a chicken,0
a seal,174,a finch an eagle,0
a seal,174,a finch an ostrich,0
a seal,174,a finch a penguin,0
a seal,174,a finch a salmon,0
a seal,174,a finch a dolphin,0
a seal,174,a finch a whale,0
a seal,174,a robin a chicken,0
a seal,174,a robin an eagle,0
a seal,174,a robin an ostrich,0
a seal,174,a robin a penguin,0
a seal,174,a robin a salmon,0
a seal,174,a robin a dolphin,0
a seal,174,a robin a whale,1
a seal,174,a chicken an eagle,0
a seal,174,a chicken an ostrich,0
a seal,174,a chicken a penguin,0
a seal,174,a chicken a salmon,0
a seal,174,a chicken a dolphin,0
a seal,174,a chicken a whale,0
a seal,174,an eagle an ostrich,1
a seal,174,an eagle a penguin,0
a seal,174,an eagle a salmon,0
a seal,174,an eagle a dolphin,0
a seal,174,an eagle a whale,0
a seal,174,an ostrich a penguin,0
a seal,174,an ostrich a salmon,0
a seal,174,an ostrich a dolphin,0
a seal,174,an ostrich a whale,0
a seal,174,a penguin a salmon,0
a seal,174,a penguin a dolphin,0
a seal,174,a penguin a whale,0
a seal,174,a salmon a whale,0
a seal,174,a dolphin a whale,0
a finch,175,a robin a chicken,0
a finch,175,a robin an eagle,0
a finch,175,a robin an ostrich,0
a finch,175,a robin a penguin,0
a finch,175,a robin a salmon,0
a finch,175,a robin a seal,0
a finch,175,a robin a dolphin,0
a finch,175,a robin a whale,0
a finch,175,a chicken an eagle,0
a finch,175,a chicken an ostrich,0
a finch,175,a chicken a penguin,0
a finch,175,a chicken a salmon,0
a finch,175,a chicken a seal,0
a finch,175,a chicken a dolphin,0
a finch,175,a chicken a whale,0
a finch,175,an eagle an ostrich,0
a finch,175,an eagle a penguin,0
a finch,175,an eagle a salmon,0
a finch,175,an eagle a seal,0
a finch,175,an eagle a dolphin,0
a finch,175,an eagle a whale,0
a finch,175,an ostrich a penguin,0
a finch,175,an ostrich a salmon,0
a finch,175,an ostrich a seal,0
a finch,175,an ostrich a dolphin,0
a finch,175,an ostrich a whale,0
a finch,175,a penguin a salmon,0
a finch,175,a penguin a seal,0
a finch,175,a penguin a dolphin,0
a finch,175,a penguin a whale,0
a finch,175,a salmon a seal,0
a finch,175,a salmon a dolphin,0
a finch,175,a salmon a whale,0
a finch,175,a seal a dolphin,0
a finch,175,a seal a whale,0
a finch,175,a dolphin a whale,0
a finch,176,a robin a chicken,0
a finch,176,a robin an eagle,0
a finch,176,a robin an ostrich,0
a finch,176,a robin a penguin,0
a finch,176,a robin a salmon,0
a finch,176,a robin a seal,0
a finch,176,a robin a dolphin,0
a finch,176,a robin a whale,0
a finch,176,a chicken an eagle,0
a finch,176,a chicken an ostrich,0
a finch,176,a chicken a salmon,0
a finch,176,a chicken a seal,0
a finch,176,a chicken a whale,0
a finch,176,an eagle an ostrich,0
a finch,176,an eagle a penguin,0
a finch,176,an eagle a salmon,0
a finch,176,an eagle a seal,0
a finch,176,an eagle a dolphin,0
a finch,176,an eagle a whale,0
a finch,176,an ostrich a penguin,0
a finch,176,an ostrich a salmon,0
a finch,176,an ostrich a seal,0
a finch,176,an ostrich a dolphin,0
a finch,176,an ostrich a whale,0
a finch,176,a penguin a salmon,0
a finch,176,a penguin a seal,0
a finch,176,a penguin a dolphin,0
a finch,176,a penguin a whale,0
a finch,176,a salmon a seal,0
a finch,176,a salmon a dolphin,0
a finch,176,a salmon a whale,0
a finch,176,a seal a dolphin,0
a finch,176,a seal a whale,0
a finch,176,a dolphin a whale,0
a robin,177,a finch a chicken,0
a robin,177,a finch an eagle,0
a robin,177,a finch an ostrich,0
a robin,177,a finch a penguin,0
a robin,177,a finch a salmon,0
a robin,177,a finch a seal,0
a robin,177,a finch a dolphin,0
a robin,177,a finch a whale,0
a robin,177,a chicken an eagle,0
a robin,177,a chicken an ostrich,0
a robin,177,a chicken a penguin,0
a robin,177,a chicken a salmon,0
a robin,177,a chicken a seal,0
a robin,177,a chicken a dolphin,0
a robin,177,a chicken a whale,0
a robin,177,an eagle an ostrich,0
a robin,177,an eagle a penguin,0
a robin,177,an eagle a salmon,0
a robin,177,an eagle a seal,0
a robin,177,an eagle a dolphin,0
a robin,177,an eagle a whale,0
a robin,177,an ostrich a penguin,0
a robin,177,an ostrich a salmon,0
a robin,177,an ostrich a seal,0
a robin,177,an ostrich a dolphin,0
a robin,177,an ostrich a whale,0
a robin,177,a penguin a salmon,0
a robin,177,a penguin a seal,0
a robin,177,a penguin a dolphin,0
a robin,177,a penguin a whale,0
a robin,177,a salmon a seal,0
a robin,177,a salmon a dolphin,0
a robin,177,a salmon a whale,0
a robin,177,a seal a dolphin,0
a robin,177,a seal a whale,0
a robin,177,a dolphin a whale,0
a robin,178,a finch a chicken,0
a robin,178,a finch an eagle,0
a robin,178,a finch an ostrich,0
a robin,178,a finch a penguin,0
a robin,178,a finch a salmon,0
a robin,178,a finch a seal,0
a robin,178,a finch a dolphin,0
a robin,178,a finch a whale,0
a robin,178,a chicken an eagle,0
a robin,178,a chicken an ostrich,0
a robin,178,a chicken a penguin,0
a robin,178,a chicken a salmon,0
a robin,178,a chicken a seal,0
a robin,178,a chicken a dolphin,0
a robin,178,a chicken a whale,0
a robin,178,an eagle an ostrich,0
a robin,178,an eagle a penguin,0
a robin,178,an eagle a salmon,0
a robin,178,an eagle a seal,0
a robin,178,an eagle a dolphin,0
a robin,178,an eagle a whale,0
a robin,178,an ostrich a penguin,0
a robin,178,an ostrich a salmon,0
a robin,178,an ostrich a seal,0
a robin,178,an ostrich a dolphin,0
a robin,178,an ostrich a whale,0
a robin,178,a penguin a salmon,0
a robin,178,a penguin a seal,0
a robin,178,a penguin a dolphin,0
a robin,178,a penguin a whale,0
a robin,178,a salmon a seal,0
a robin,178,a salmon a dolphin,0
a robin,178,a salmon a whale,0
a robin,178,a seal a dolphin,0
a robin,178,a seal a whale,0
a robin,178,a dolphin a whale,0
a penguin,179,a finch a robin,0
a penguin,179,a finch a chicken,0
a penguin,179,a finch an eagle,0
a penguin,179,a finch an ostrich,0
a penguin,179,a finch a salmon,0
a penguin,179,a finch a seal,0
a penguin,179,a finch a dolphin,0
a penguin,179,a finch a whale,0
a penguin,179,a robin a chicken,1
a penguin,179,a robin an eagle,0
a penguin,179,a robin an ostrich,0
a penguin,179,a robin a salmon,0
a penguin,179,a robin a seal,0
a penguin,179,a robin a dolphin,0
a penguin,179,a robin a whale,0
a penguin,179,a chicken an eagle,0
a penguin,179,a chicken an ostrich,0
a penguin,179,a chicken a salmon,0
a penguin,179,a chicken a seal,0
a penguin,179,a chicken a dolphin,0
a penguin,179,a chicken a whale,0
a penguin,179,an eagle an ostrich,0
a penguin,179,an eagle a salmon,1
a penguin,179,an eagle a seal,0
a penguin,179,an eagle a dolphin,0
a penguin,179,an eagle a whale,1
a penguin,179,an ostrich a salmon,0
a penguin,179,an ostrich a seal,1
a penguin,179,an ostrich a dolphin,0
a penguin,179,an ostrich a whale,1
a penguin,179,a salmon a seal,0
a penguin,179,a salmon a dolphin,0
a penguin,179,a salmon a whale,0
a penguin,179,a seal a dolphin,0
a penguin,179,a seal a whale,0
a penguin,179,a dolphin a whale,0
a salmon,180,a finch a robin,0
a salmon,180,a finch a chicken,1
a salmon,180,a finch an eagle,0
a salmon,180,a finch an ostrich,0
a salmon,180,a finch a penguin,0
a salmon,180,a finch a seal,1
a salmon,180,a finch a dolphin,0
a salmon,180,a finch a whale,0
a salmon,180,a robin a chicken,1
a salmon,180,a robin an eagle,0
a salmon,180,a robin an ostrich,0
a salmon,180,a robin a penguin,1
a salmon,180,a robin a seal,1
a salmon,180,a robin a dolphin,0
a salmon,180,a robin a whale,0
a salmon,180,a chicken an eagle,0
a salmon,180,a chicken an ostrich,0
a salmon,180,a chicken a penguin,0
a salmon,180,a chicken a seal,1
a salmon,180,a chicken a dolphin,0
a salmon,180,a chicken a whale,0
a salmon,180,an eagle an ostrich,0
a salmon,180,an eagle a penguin,0
a salmon,180,an eagle a seal,1
a salmon,180,an eagle a dolphin,0
a salmon,180,an eagle a whale,0
a salmon,180,an ostrich a penguin,0
a salmon,180,an ostrich a dolphin,0
a salmon,180,an ostrich a whale,0
a salmon,180,a penguin a seal,0
a salmon,180,a penguin a dolphin,1
a salmon,180,a penguin a whale,1
a salmon,180,a seal a whale,0
a salmon,180,a dolphin a whale,0
an ostrich,181,a finch a robin,0
an ostrich,181,a finch a chicken,1
an ostrich,181,a finch an eagle,1
an ostrich,181,a finch a penguin,0
an ostrich,181,a finch a salmon,0
an ostrich,181,a finch a seal,0
an ostrich,181,a finch a dolphin,0
an ostrich,181,a finch a whale,0
an ostrich,181,a robin a chicken,0
an ostrich,181,a robin an eagle,0
an ostrich,181,a robin a penguin,0
an ostrich,181,a robin a salmon,0
an ostrich,181,a robin a seal,0
an ostrich,181,a robin a dolphin,0
an ostrich,181,a robin a whale,0
an ostrich,181,a chicken an eagle,0
an ostrich,181,a chicken a penguin,0
an ostrich,181,a chicken a salmon,0
an ostrich,181,a chicken a seal,0
an ostrich,181,a chicken a dolphin,0
an ostrich,181,a chicken a whale,0
an ostrich,181,an eagle a penguin,0
an ostrich,181,an eagle a salmon,0
an ostrich,181,an eagle a seal,1
an ostrich,181,an eagle a dolphin,0
an ostrich,181,an eagle a whale,0
an ostrich,181,a penguin a salmon,0
an ostrich,181,a penguin a seal,0
an ostrich,181,a penguin a dolphin,0
an ostrich,181,a penguin a whale,0
an ostrich,181,a salmon a seal,0
an ostrich,181,a salmon a dolphin,0
an ostrich,181,a salmon a whale,0
an ostrich,181,a seal a dolphin,0
an ostrich,181,a seal a whale,0
an ostrich,181,a dolphin a whale,0
a finch,182,a robin a chicken,0
a finch,182,a robin an eagle,0
a finch,182,a robin an ostrich,0
a finch,182,a robin a penguin,0
a finch,182,a robin a salmon,0
a finch,182,a robin a seal,0
a finch,182,a robin a dolphin,0
a finch,182,a robin a whale,0
a finch,182,a chicken an eagle,0
a finch,182,a chicken an ostrich,0
a finch,182,a chicken a penguin,0
a finch,182,a chicken a salmon,0
a finch,182,a chicken a seal,0
a finch,182,a chicken a dolphin,0
a finch,182,a chicken a whale,0
a finch,182,an eagle an ostrich,0
a finch,182,an eagle a penguin,0
a finch,182,an eagle a salmon,0
a finch,182,an eagle a seal,0
a finch,182,an eagle a dolphin,0
a finch,182,an eagle a whale,0
a finch,182,an ostrich a penguin,0
a finch,182,an ostrich a salmon,0
a finch,182,an ostrich a seal,0
a finch,182,an ostrich a dolphin,0
a finch,182,an ostrich a whale,0
a finch,182,a penguin a seal,0
a finch,182,a penguin a dolphin,0
a finch,182,a penguin a whale,0
a finch,182,a salmon a seal,0
a finch,182,a salmon a dolphin,0
a finch,182,a salmon a whale,0
a finch,182,a seal a dolphin,0
a finch,182,a seal a whale,0
a finch,182,a dolphin a whale,0
a finch,183,a robin a chicken,0
a finch,183,a robin an eagle,0
a finch,183,a robin an ostrich,0
a finch,183,a robin a penguin,0
a finch,183,a robin a salmon,0
a finch,183,a robin a seal,0
a finch,183,a robin a dolphin,0
a finch,183,a robin a whale,0
a finch,183,a chicken an eagle,0
a finch,183,a chicken an ostrich,1
a finch,183,a chicken a penguin,0
a finch,183,a chicken a salmon,0
a finch,183,a chicken a seal,0
a finch,183,a chicken a dolphin,0
a finch,183,a chicken a whale,0
a finch,183,an eagle an ostrich,0
a finch,183,an eagle a penguin,0
a finch,183,an eagle a salmon,0
a finch,183,an eagle a seal,0
a finch,183,an eagle a dolphin,0
a finch,183,an eagle a whale,0
a finch,183,an ostrich a penguin,0
a finch,183,an ostrich a salmon,0
a finch,183,an ostrich a seal,0
a finch,183,an ostrich a dolphin,0
a finch,183,an ostrich a whale,0
a finch,183,a penguin a salmon,0
a finch,183,a penguin a seal,0
a finch,183,a penguin a whale,0
a finch,183,a salmon a seal,0
a finch,183,a salmon a dolphin,0
a finch,183,a salmon a whale,0
a finch,183,a seal a dolphin,0
a finch,183,a seal a whale,0
a finch,183,a dolphin a whale,0
a chicken,184,a finch a robin,0
a chicken,184,a finch an eagle,0
a chicken,184,a finch an ostrich,0
a chicken,184,a finch a penguin,0
a chicken,184,a finch a salmon,0
a chicken,184,a finch a seal,0
a chicken,184,a finch a dolphin,0
a chicken,184,a finch a whale,0
a chicken,184,a robin an eagle,0
a chicken,184,a robin an ostrich,0
a chicken,184,a robin a penguin,0
a chicken,184,a robin a salmon,0
a chicken,184,a robin a seal,0
a chicken,184,a robin a dolphin,0
a chicken,184,a robin a whale,0
a chicken,184,an eagle an ostrich,0
a chicken,184,an eagle a penguin,0
a chicken,184,an eagle a salmon,0
a chicken,184,an eagle a seal,0
a chicken,184,an eagle a dolphin,0
a chicken,184,an eagle a whale,0
a chicken,184,an ostrich a penguin,0
a chicken,184,an ostrich a salmon,0
a chicken,184,an ostrich a seal,0
a chicken,184,an ostrich a dolphin,0
a chicken,184,an ostrich a whale,0
a chicken,184,a penguin a salmon,0
a chicken,184,a penguin a seal,0
a chicken,184,a penguin a dolphin,0
a chicken,184,a penguin a whale,0
a chicken,184,a salmon a seal,0
a chicken,184,a salmon a dolphin,0
a chicken,184,a salmon a whale,0
a chicken,184,a seal a dolphin,0
a chicken,184,a seal a whale,0
a chicken,184,a dolphin a whale,0
a robin,185,a finch a chicken,0
a robin,185,a finch an eagle,0
a robin,185,a finch an ostrich,0
a robin,185,a finch a penguin,0
a robin,185,a finch a salmon,0
a robin,185,a finch a seal,0
a robin,185,a finch a dolphin,0
a robin,185,a finch a whale,0
a robin,185,a chicken an eagle,0
a robin,185,a chicken an ostrich,0
a robin,185,a chicken a penguin,0
a robin,185,a chicken a salmon,0
a robin,185,a chicken a seal,0
a robin,185,a chicken a dolphin,0
a robin,185,a chicken a whale,0
a robin,185,an eagle an ostrich,0
a robin,185,an eagle a penguin,0
a robin,185,an eagle a salmon,0
a robin,185,an eagle a seal,0
a robin,185,an eagle a dolphin,0
a robin,185,an eagle a whale,0
a robin,185,an ostrich a penguin,0
a robin,185,an ostrich a salmon,0
a robin,185,an ostrich a seal,0
a robin,185,an ostrich a dolphin,0
a robin,185,an ostrich a whale,0
a robin,185,a penguin a salmon,0
a robin,185,a penguin a seal,0
a robin,185,a penguin a dolphin,0
a robin,185,a penguin a whale,0
a robin,185,a salmon a seal,0
a robin,185,a salmon a dolphin,0
a robin,185,a salmon a whale,0
a robin,185,a seal a dolphin,0
a robin,185,a seal a whale,0
a robin,185,a dolphin a whale,0
an ostrich,186,a finch a robin,0
an ostrich,186,a finch a chicken,0
an ostrich,186,a finch an eagle,0
an ostrich,186,a finch a penguin,0
an ostrich,186,a finch a salmon,0
an ostrich,186,a finch a seal,0
an ostrich,186,a finch a dolphin,0
an ostrich,186,a finch a whale,0
an ostrich,186,a robin a chicken,0
an ostrich,186,a robin an eagle,0
an ostrich,186,a robin a penguin,0
an ostrich,186,a robin a salmon,0
an ostrich,186,a robin a seal,1
an ostrich,186,a robin a dolphin,0
an ostrich,186,a robin a whale,0
an ostrich,186,a chicken an eagle,0
an ostrich,186,a chicken a penguin,0
an ostrich,186,a chicken a salmon,0
an ostrich,186,a chicken a seal,0
an ostrich,186,a chicken a dolphin,0
an ostrich,186,a chicken a whale,0
an ostrich,186,an eagle a penguin,0
an ostrich,186,an eagle a salmon,0
an ostrich,186,an eagle a seal,0
an ostrich,186,an eagle a dolphin,0
an ostrich,186,an eagle a whale,0
an ostrich,186,a penguin a salmon,0
an ostrich,186,a penguin a seal,0
an ostrich,186,a penguin a dolphin,0
an ostrich,186,a penguin a whale,0
an ostrich,186,a salmon a seal,0
an ostrich,186,a salmon a dolphin,0
an ostrich,186,a salmon a whale,0
an ostrich,186,a seal a dolphin,0
an ostrich,186,a seal a whale,0
an ostrich,186,a dolphin a whale,0
a whale,187,a finch a robin,0
a whale,187,a finch a chicken,0
a whale,187,a finch an eagle,0
a whale,187,a finch an ostrich,0
a whale,187,a finch a penguin,0
a whale,187,a finch a salmon,0
a whale,187,a finch a seal,1
a whale,187,a finch a dolphin,0
a whale,187,a robin a chicken,1
a whale,187,a robin an eagle,0
a whale,187,a robin an ostrich,0
a whale,187,a robin a penguin,0
a whale,187,a robin a salmon,1
a whale,187,a robin a seal,1
a whale,187,a robin a dolphin,0
a whale,187,a chicken an eagle,0
a whale,187,a chicken an ostrich,0
a whale,187,a chicken a penguin,0
a whale,187,a chicken a salmon,0
a whale,187,a chicken a seal,0
a whale,187,a chicken a dolphin,0
a whale,187,an eagle an ostrich,0
a whale,187,an eagle a penguin,0
a whale,187,an eagle a salmon,1
a whale,187,an eagle a seal,1
a whale,187,an eagle a dolphin,0
a whale,187,an ostrich a penguin,0
a whale,187,an ostrich a salmon,0
a whale,187,an ostrich a seal,0
a whale,187,an ostrich a dolphin,0
a whale,187,a penguin a salmon,0
a whale,187,a penguin a seal,0
a whale,187,a salmon a seal,1
a whale,187,a salmon a dolphin,0
a whale,187,a seal a dolphin,0
a penguin,188,a finch a robin,0
a penguin,188,a finch a chicken,0
a penguin,188,a finch an eagle,0
a penguin,188,a finch an ostrich,0
a penguin,188,a finch a salmon,0
a penguin,188,a finch a seal,0
a penguin,188,a finch a dolphin,0
a penguin,188,a finch a whale,0
a penguin,188,a robin a chicken,1
a penguin,188,a robin an eagle,0
a penguin,188,a robin an ostrich,0
a penguin,188,a robin a salmon,0
a penguin,188,a robin a seal,0
a penguin,188,a robin a dolphin,0
a penguin,188,a robin a whale,0
a penguin,188,a chicken an eagle,0
a penguin,188,a chicken an ostrich,0
a penguin,188,a chicken a salmon,0
a penguin,188,a chicken a seal,1
a penguin,188,a chicken a dolphin,0
a penguin,188,a chicken a whale,0
a penguin,188,an eagle an ostrich,0
a penguin,188,an eagle a salmon,0
a penguin,188,an eagle a seal,1
a penguin,188,an eagle a dolphin,0
a penguin,188,an eagle a whale,0
a penguin,188,an ostrich a salmon,0
a penguin,188,an ostrich a seal,0
a penguin,188,an ostrich a dolphin,0
a penguin,188,an ostrich a whale,1
a penguin,188,a salmon a seal,1
a penguin,188,a salmon a dolphin,1
a penguin,188,a salmon a whale,1
a penguin,188,a seal a dolphin,0
a penguin,188,a seal a whale,0
a penguin,188,a dolphin a whale,0
a salmon,189,a finch a robin,0
a salmon,189,a finch a chicken,0
a salmon,189,a finch an eagle,0
a salmon,189,a finch an ostrich,0
a salmon,189,a finch a penguin,0
a salmon,189,a finch a seal,0
a salmon,189,a finch a dolphin,0
a salmon,189,a finch a whale,0
a salmon,189,a robin a chicken,0
a salmon,189,a robin an eagle,0
a salmon,189,a robin an ostrich,0
a salmon,189,a robin a penguin,0
a salmon,189,a robin a seal,0
a salmon,189,a robin a dolphin,0
a salmon,189,a robin a whale,0
a salmon,189,a chicken an eagle,0
a salmon,189,a chicken an ostrich,0
a salmon,189,a chicken a penguin,0
a salmon,189,a chicken a seal,0
a salmon,189,a chicken a dolphin,0
a salmon,189,a chicken a whale,0
a salmon,189,an eagle a penguin,0
a salmon,189,an eagle a seal,1
a salmon,189,an eagle a dolphin,0
a salmon,189,an eagle a whale,0
a salmon,189,an ostrich a penguin,0
a salmon,189,an ostrich a seal,0
a salmon,189,an ostrich a dolphin,0
a salmon,189,an ostrich a whale,0
a salmon,189,a penguin a seal,0
a salmon,189,a penguin a dolphin,0
a salmon,189,a penguin a whale,0
a salmon,189,a seal a dolphin,0
a salmon,189,a seal a whale,0
a salmon,189,a dolphin a whale,0
an eagle,190,a finch a robin,0
an eagle,190,a finch a chicken,0
an eagle,190,a finch an ostrich,0
an eagle,190,a finch a penguin,0
an eagle,190,a finch a salmon,0
an eagle,190,a finch a seal,0
an eagle,190,a finch a dolphin,0
an eagle,190,a finch a whale,0
an eagle,190,a robin a chicken,0
an eagle,190,a robin an ostrich,0
an eagle,190,a robin a penguin,0
an eagle,190,a robin a salmon,0
an eagle,190,a robin a seal,0
an eagle,190,a robin a dolphin,0
an eagle,190,a robin a whale,0
an eagle,190,a chicken an ostrich,0
an eagle,190,a chicken a penguin,0
an eagle,190,a chicken a salmon,0
an eagle,190,a chicken a seal,0
an eagle,190,a chicken a dolphin,0
an eagle,190,a chicken a whale,0
an eagle,190,an ostrich a penguin,0
an eagle,190,an ostrich a salmon,0
an eagle,190,an ostrich a whale,0
an eagle,190,a penguin a salmon,0
an eagle,190,a penguin a seal,0
an eagle,190,a penguin a whale,0
an eagle,190,a salmon a seal,0
an eagle,190,a salmon a dolphin,0
an eagle,190,a salmon a whale,0
an eagle,190,a seal a dolphin,0
an eagle,190,a seal a whale,0
an eagle,190,a dolphin a whale,0
a salmon,191,a finch a robin,0
a salmon,191,a finch a chicken,1
a salmon,191,a finch an eagle,0
a salmon,191,a finch an ostrich,0
a salmon,191,a finch a penguin,0
a salmon,191,a finch a seal,0
a salmon,191,a finch a dolphin,0
a salmon,191,a finch a whale,0
a salmon,191,a robin a chicken,1
a salmon,191,a robin an eagle,0
a salmon,191,a robin an ostrich,0
a salmon,191,a robin a penguin,0
a salmon,191,a robin a seal,0
a salmon,191,a robin a dolphin,0
a salmon,191,a robin a whale,0
a salmon,191,a chicken an eagle,0
a salmon,191,a chicken an ostrich,0
a salmon,191,a chicken a penguin,0
a salmon,191,a chicken a seal,1
a salmon,191,a chicken a dolphin,0
a salmon,191,a chicken a whale,0
a salmon,191,an eagle an ostrich,0
a salmon,191,an eagle a penguin,0
a salmon,191,an eagle a seal,1
a salmon,191,an eagle a dolphin,0
a salmon,191,an eagle a whale,0
a salmon,191,an ostrich a penguin,0
a salmon,191,an ostrich a seal,0
a salmon,191,an ostrich a dolphin,0
a salmon,191,a penguin a seal,1
a salmon,191,a penguin a dolphin,0
a salmon,191,a penguin a whale,0
a salmon,191,a seal a dolphin,0
a salmon,191,a seal a whale,0
a salmon,191,a dolphin a whale,0
a seal,192,a finch a robin,0
a seal,192,a finch a chicken,0
a seal,192,a finch an eagle,0
a seal,192,a finch an ostrich,0
a seal,192,a finch a penguin,0
a seal,192,a finch a salmon,0
a seal,192,a finch a dolphin,0
a seal,192,a finch a whale,0
a seal,192,a robin a chicken,0
a seal,192,a robin an eagle,0
a seal,192,a robin an ostrich,0
a seal,192,a robin a penguin,0
a seal,192,a robin a salmon,0
a seal,192,a robin a dolphin,0
a seal,192,a robin a whale,0
a seal,192,a chicken an eagle,0
a seal,192,a chicken an ostrich,0
a seal,192,a chicken a penguin,0
a seal,192,a chicken a salmon,0
a seal,192,a chicken a dolphin,0
a seal,192,a chicken a whale,0
a seal,192,an eagle an ostrich,0
a seal,192,an eagle a penguin,0
a seal,192,an eagle a salmon,0
a seal,192,an eagle a dolphin,0
a seal,192,an eagle a whale,0
a seal,192,an ostrich a penguin,0
a seal,192,an ostrich a salmon,0
a seal,192,an ostrich a dolphin,0
a seal,192,an ostrich a whale,0
a seal,192,a penguin a salmon,0
a seal,192,a penguin a dolphin,0
a seal,192,a penguin a whale,0
a seal,192,a salmon a dolphin,0
a seal,192,a salmon a whale,0
a seal,192,a dolphin a whale,0
a finch,193,a robin a chicken,0
a finch,193,a robin an eagle,1
a finch,193,a robin an ostrich,0
a finch,193,a robin a penguin,0
a finch,193,a robin a salmon,0
a finch,193,a robin a seal,0
a finch,193,a robin a dolphin,0
a finch,193,a robin a whale,0
a finch,193,a chicken an eagle,0
a finch,193,a chicken an ostrich,0
a finch,193,a chicken a penguin,0
a finch,193,a chicken a salmon,0
a finch,193,a chicken a seal,0
a finch,193,a chicken a dolphin,0
a finch,193,a chicken a whale,0
a finch,193,an eagle an ostrich,0
a finch,193,an eagle a penguin,0
a finch,193,an eagle a salmon,0
a finch,193,an eagle a seal,0
a finch,193,an eagle a dolphin,0
a finch,193,an eagle a whale,0
a finch,193,an ostrich a penguin,0
a finch,193,an ostrich a salmon,0
a finch,193,an ostrich a seal,0
a finch,193,an ostrich a dolphin,0
a finch,193,an ostrich a whale,0
a finch,193,a penguin a salmon,0
a finch,193,a penguin a seal,0
a finch,193,a penguin a dolphin,0
a finch,193,a penguin a whale,0
a finch,193,a salmon a seal,0
a finch,193,a salmon a dolphin,0
a finch,193,a salmon a whale,0
a finch,193,a seal a dolphin,0
a finch,193,a dolphin a whale,0
a penguin,194,a finch a robin,0
a penguin,194,a finch a chicken,0
a penguin,194,a finch an eagle,0
a penguin,194,a finch an ostrich,0
a penguin,194,a finch a salmon,0
a penguin,194,a finch a seal,1
a penguin,194,a finch a dolphin,0
a penguin,194,a finch a whale,0
a penguin,194,a robin a chicken,1
a penguin,194,a robin an eagle,0
a penguin,194,a robin an ostrich,0
a penguin,194,a robin a salmon,0
a penguin,194,a robin a seal,0
a penguin,194,a robin a dolphin,0
a penguin,194,a robin a whale,0
a penguin,194,a chicken an eagle,0
a penguin,194,a chicken an ostrich,0
a penguin,194,a chicken a salmon,0
a penguin,194,a chicken a seal,0
a penguin,194,a chicken a dolphin,0
a penguin,194,a chicken a whale,0
a penguin,194,an eagle an ostrich,0
a penguin,194,an eagle a salmon,1
a penguin,194,an eagle a seal,1
a penguin,194,an eagle a dolphin,1
a penguin,194,an eagle a whale,0
a penguin,194,an ostrich a salmon,0
a penguin,194,an ostrich a seal,1
a penguin,194,an ostrich a dolphin,0
a penguin,194,an ostrich a whale,0
a penguin,194,a salmon a seal,0
a penguin,194,a salmon a dolphin,0
a penguin,194,a salmon a whale,0
a penguin,194,a seal a dolphin,0
a penguin,194,a seal a whale,0
a penguin,194,a dolphin a whale,0
a seal,195,a finch a robin,0
a seal,195,a finch a chicken,0
a seal,195,a finch an eagle,0
a seal,195,a finch an ostrich,0
a seal,195,a finch a penguin,0
a seal,195,a finch a salmon,0
a seal,195,a finch a dolphin,0
a seal,195,a finch a whale,0
a seal,195,a robin a chicken,0
a seal,195,a robin an eagle,0
a seal,195,a robin an ostrich,0
a seal,195,a robin a penguin,0
a seal,195,a robin a salmon,0
a seal,195,a robin a dolphin,0
a seal,195,a robin a whale,1
a seal,195,a chicken an eagle,0
a seal,195,a chicken an ostrich,0
a seal,195,a chicken a penguin,0
a seal,195,a chicken a salmon,0
a seal,195,a chicken a dolphin,0
a seal,195,a chicken a whale,0
a seal,195,an eagle an ostrich,0
a seal,195,an eagle a penguin,0
a seal,195,an eagle a salmon,0
a seal,195,an eagle a dolphin,0
a seal,195,an eagle a whale,0
a seal,195,an ostrich a penguin,0
a seal,195,an ostrich a salmon,0
a seal,195,an ostrich a whale,0
a seal,195,a penguin a salmon,0
a seal,195,a penguin a dolphin,0
a seal,195,a penguin a whale,0
a seal,195,a salmon a dolphin,0
a seal,195,a salmon a whale,1
a seal,195,a dolphin a whale,0
an ostrich,196,a finch a robin,0
an ostrich,196,a finch a chicken,0
an ostrich,196,a finch an eagle,0
an ostrich,196,a finch a penguin,0
an ostrich,196,a finch a salmon,0
an ostrich,196,a finch a seal,0
an ostrich,196,a finch a dolphin,0
an ostrich,196,a finch a whale,0
an ostrich,196,a robin a chicken,0
an ostrich,196,a robin an eagle,0
an ostrich,196,a robin a penguin,0
an ostrich,196,a robin a salmon,0
an ostrich,196,a robin a seal,0
an ostrich,196,a robin a dolphin,0
an ostrich,196,a robin a whale,0
an ostrich,196,a chicken an eagle,0
an ostrich,196,a chicken a penguin,0
an ostrich,196,a chicken a salmon,0
an ostrich,196,a chicken a seal,0
an ostrich,196,a chicken a dolphin,0
an ostrich,196,a chicken a whale,0
an ostrich,196,an eagle a penguin,0
an ostrich,196,an eagle a seal,0
an ostrich,196,an eagle a dolphin,0
an ostrich,196,a penguin a salmon,0
an ostrich,196,a penguin a seal,0
an ostrich,196,a penguin a dolphin,0
an ostrich,196,a penguin a whale,0
an ostrich,196,a salmon a seal,0
an ostrich,196,a salmon a dolphin,1
an ostrich,196,a salmon a whale,0
an ostrich,196,a seal a dolphin,0
an ostrich,196,a seal a whale,0
an ostrich,196,a dolphin a whale,0
an eagle,197,a finch a robin,0
an eagle,197,a finch a chicken,0
an eagle,197,a finch an ostrich,0
an eagle,197,a finch a penguin,0
an eagle,197,a finch a salmon,0
an eagle,197,a finch a seal,0
an eagle,197,a finch a dolphin,0
an eagle,197,a finch a whale,0
an eagle,197,a robin a chicken,1
an eagle,197,a robin an ostrich,1
an eagle,197,a robin a penguin,0
an eagle,197,a robin a salmon,0
an eagle,197,a robin a seal,0
an eagle,197,a robin a dolphin,0
an eagle,197,a robin a whale,0
an eagle,197,a chicken an ostrich,0
an eagle,197,a chicken a penguin,0
an eagle,197,a chicken a salmon,0
an eagle,197,a chicken a seal,0
an eagle,197,a chicken a dolphin,0
an eagle,197,a chicken a whale,0
an eagle,197,an ostrich a penguin,0
an eagle,197,an ostrich a salmon,0
an eagle,197,an ostrich a seal,0
an eagle,197,an ostrich a dolphin,0
an eagle,197,an ostrich a whale,0
an eagle,197,a penguin a salmon,0
an eagle,197,a penguin a seal,0
an eagle,197,a penguin a whale,0
an eagle,197,a salmon a seal,0
an eagle,197,a salmon a dolphin,0
an eagle,197,a salmon a whale,0
an eagle,197,a seal a dolphin,0
a robin,198,a finch a chicken,0
a robin,198,a finch an eagle,0
a robin,198,a finch an ostrich,0
a robin,198,a finch a penguin,0
a robin,198,a finch a salmon,0
a robin,198,a finch a seal,0
a robin,198,a finch a dolphin,0
a robin,198,a finch a whale,0
a robin,198,a chicken an eagle,0
a robin,198,a chicken an ostrich,0
a robin,198,a chicken a penguin,0
a robin,198,a chicken a salmon,0
a robin,198,a chicken a seal,0
a robin,198,a chicken a dolphin,0
a robin,198,a chicken a whale,0
a robin,198,an eagle an ostrich,0
a robin,198,an eagle a penguin,0
a robin,198,an eagle a salmon,0
a robin,198,an eagle a dolphin,0
a robin,198,an eagle a whale,0
a robin,198,an ostrich a penguin,0
a robin,198,an ostrich a salmon,0
a robin,198,an ostrich a seal,0
a robin,198,an ostrich a dolphin,0
a robin,198,an ostrich a whale,0
a robin,198,a penguin a salmon,1
a robin,198,a penguin a seal,0
a robin,198,a penguin a dolphin,0
a robin,198,a penguin a whale,0
a robin,198,a salmon a seal,0
a robin,198,a salmon a dolphin,0
a robin,198,a salmon a whale,0
a robin,198,a seal a dolphin,0
a robin,198,a seal a whale,0
a robin,198,a dolphin a whale,0
a penguin,199,a finch a robin,0
a penguin,199,a finch a chicken,0
a penguin,199,a finch an eagle,0
a penguin,199,a finch an ostrich,0
a penguin,199,a finch a salmon,0
a penguin,199,a finch a seal,0
a penguin,199,a finch a dolphin,0
a penguin,199,a finch a whale,0
a penguin,199,a robin a chicken,0
a penguin,199,a robin an eagle,0
a penguin,199,a robin an ostrich,0
a penguin,199,a robin a salmon,0
a penguin,199,a robin a seal,1
a penguin,199,a robin a dolphin,0
a penguin,199,a robin a whale,0
a penguin,199,a chicken an eagle,0
a penguin,199,a chicken an ostrich,0
a penguin,199,a chicken a salmon,0
a penguin,199,a chicken a seal,0
a penguin,199,a chicken a dolphin,0
a penguin,199,a chicken a whale,0
a penguin,199,an eagle an ostrich,0
a penguin,199,an eagle a salmon,1
a penguin,199,an eagle a seal,1
a penguin,199,an eagle a dolphin,0
a penguin,199,an eagle a whale,1
a penguin,199,an ostrich a salmon,0
a penguin,199,an ostrich a seal,1
a penguin,199,an ostrich a dolphin,0
a penguin,199,an ostrich a whale,0
a penguin,199,a salmon a seal,0
a penguin,199,a salmon a dolphin,0
a penguin,199,a salmon a whale,0
a penguin,199,a seal a dolphin,0
a penguin,199,a seal a whale,0
a penguin,199,a dolphin a whale,0
a penguin,200,a finch a robin,0
a penguin,200,a finch a chicken,0
a penguin,200,a finch an eagle,0
a penguin,200,a finch an ostrich,0
a penguin,200,a finch a salmon,0
a penguin,200,a finch a seal,1
a penguin,200,a finch a dolphin,0
a penguin,200,a finch a whale,0
a penguin,200,a robin a chicken,0
a penguin,200,a robin an eagle,0
a penguin,200,a robin an ostrich,0
a penguin,200,a robin a salmon,0
a penguin,200,a robin a seal,1
a penguin,200,a robin a dolphin,0
a penguin,200,a robin a whale,0
a penguin,200,a chicken an eagle,0
a penguin,200,a chicken an ostrich,0
a penguin,200,a chicken a salmon,0
a penguin,200,a chicken a seal,1
a penguin,200,a chicken a dolphin,0
a penguin,200,a chicken a whale,0
a penguin,200,an eagle an ostrich,0
a penguin,200,an eagle a salmon,0
a penguin,200,an eagle a seal,1
a penguin,200,an eagle a dolphin,0
a penguin,200,an eagle a whale,1
a penguin,200,an ostrich a salmon,0
a penguin,200,an ostrich a seal,0
a penguin,200,an ostrich a dolphin,0
a penguin,200,an ostrich a whale,0
a penguin,200,a salmon a seal,1
a penguin,200,a salmon a dolphin,0
a penguin,200,a salmon a whale,0
a penguin,200,a seal a dolphin,0
a penguin,200,a seal a whale,0
a penguin,200,a dolphin a whale,0
a finch,201,a robin a chicken,0
a finch,201,a robin an eagle,0
a finch,201,a robin an ostrich,0
a finch,201,a robin a penguin,0
a finch,201,a robin a salmon,0
a finch,201,a robin a seal,0
a finch,201,a robin a dolphin,0
a finch,201,a robin a whale,0
a finch,201,a chicken an eagle,0
a finch,201,a chicken an ostrich,0
a finch,201,a chicken a penguin,0
a finch,201,a chicken a salmon,0
a finch,201,a chicken a seal,0
a finch,201,a chicken a dolphin,0
a finch,201,a chicken a whale,0
a finch,201,an eagle an ostrich,0
a finch,201,an eagle a penguin,0
a finch,201,an eagle a salmon,0
a finch,201,an eagle a seal,0
a finch,201,an eagle a dolphin,0
a finch,201,an eagle a whale,0
a finch,201,an ostrich a penguin,0
a finch,201,an ostrich a salmon,0
a finch,201,an ostrich a seal,0
a finch,201,an ostrich a dolphin,0
a finch,201,an ostrich a whale,0
a finch,201,a penguin a salmon,0
a finch,201,a penguin a seal,0
a finch,201,a penguin a dolphin,0
a finch,201,a penguin a whale,0
a finch,201,a salmon a seal,0
a finch,201,a salmon a dolphin,0
a finch,201,a salmon a whale,0
a finch,201,a seal a dolphin,0
a finch,201,a seal a whale,0
a finch,201,a dolphin a whale,0
a dolphin,202,a finch a robin,0
a dolphin,202,a finch a chicken,0
a dolphin,202,a finch an eagle,0
a dolphin,202,a finch an ostrich,0
a dolphin,202,a finch a penguin,0
a dolphin,202,a finch a salmon,0
a dolphin,202,a finch a seal,1
a dolphin,202,a finch a whale,0
a dolphin,202,a robin a chicken,0
a dolphin,202,a robin an eagle,0
a dolphin,202,a robin an ostrich,0
a dolphin,202,a robin a penguin,0
a dolphin,202,a robin a salmon,1
a dolphin,202,a robin a seal,0
a dolphin,202,a robin a whale,0
a dolphin,202,a chicken an eagle,0
a dolphin,202,a chicken an ostrich,0
a dolphin,202,a chicken a penguin,0
a dolphin,202,a chicken a salmon,0
a dolphin,202,a chicken a seal,0
a dolphin,202,a chicken a whale,0
a dolphin,202,an eagle a penguin,0
a dolphin,202,an eagle a salmon,0
a dolphin,202,an eagle a seal,1
a dolphin,202,an eagle a whale,0
a dolphin,202,an ostrich a penguin,0
a dolphin,202,an ostrich a salmon,0
a dolphin,202,an ostrich a seal,1
a dolphin,202,an ostrich a whale,0
a dolphin,202,a penguin a salmon,0
a dolphin,202,a penguin a seal,1
a dolphin,202,a penguin a whale,0
a dolphin,202,a salmon a seal,0
a dolphin,202,a salmon a whale,0
a dolphin,202,a seal a whale,0
a penguin,203,a finch a robin,0
a penguin,203,a finch a chicken,0
a penguin,203,a finch an eagle,0
a penguin,203,a finch an ostrich,0
a penguin,203,a finch a salmon,0
a penguin,203,a finch a seal,1
a penguin,203,a finch a dolphin,0
a penguin,203,a finch a whale,0
a penguin,203,a robin a chicken,1
a penguin,203,a robin an eagle,0
a penguin,203,a robin an ostrich,0
a penguin,203,a robin a salmon,0
a penguin,203,a robin a seal,1
a penguin,203,a robin a dolphin,0
a penguin,203,a robin a whale,0
a penguin,203,a chicken an eagle,0
a penguin,203,a chicken an ostrich,0
a penguin,203,a chicken a salmon,0
a penguin,203,a chicken a seal,0
a penguin,203,a chicken a dolphin,0
a penguin,203,a chicken a whale,0
a penguin,203,an eagle an ostrich,0
a penguin,203,an eagle a salmon,0
a penguin,203,an eagle a seal,1
a penguin,203,an eagle a dolphin,0
a penguin,203,an eagle a whale,1
a penguin,203,an ostrich a salmon,0
a penguin,203,an ostrich a seal,1
a penguin,203,an ostrich a dolphin,0
a penguin,203,an ostrich a whale,1
a penguin,203,a salmon a seal,0
a penguin,203,a salmon a dolphin,0
a penguin,203,a salmon a whale,0
a penguin,203,a seal a dolphin,0
a penguin,203,a seal a whale,0
a penguin,203,a dolphin a whale,0
a chicken,204,a finch a robin,0
a chicken,204,a finch an eagle,0
a chicken,204,a finch an ostrich,0
a chicken,204,a finch a penguin,0
a chicken,204,a finch a salmon,0
a chicken,204,a finch a seal,0
a chicken,204,a finch a dolphin,0
a chicken,204,a finch a whale,0
a chicken,204,a robin an eagle,0
a chicken,204,a robin an ostrich,0
a chicken,204,a robin a penguin,0
a chicken,204,a robin a salmon,0
a chicken,204,a robin a seal,0
a chicken,204,a robin a dolphin,0
a chicken,204,a robin a whale,0
a chicken,204,an eagle an ostrich,0
a chicken,204,an eagle a penguin,0
a chicken,204,an eagle a salmon,0
a chicken,204,an eagle a seal,0
a chicken,204,an eagle a dolphin,0
a chicken,204,an eagle a whale,0
a chicken,204,an ostrich a penguin,0
a chicken,204,an ostrich a salmon,0
a chicken,204,an ostrich a dolphin,0
a chicken,204,an ostrich a whale,0
a chicken,204,a penguin a salmon,0
a chicken,204,a penguin a seal,0
a chicken,204,a penguin a dolphin,0
a chicken,204,a penguin a whale,0
a chicken,204,a salmon a seal,0
a chicken,204,a salmon a dolphin,0
a chicken,204,a salmon a whale,0
a chicken,204,a seal a dolphin,0
a chicken,204,a seal a whale,0
a chicken,204,a dolphin a whale,0
an eagle,205,a finch a robin,0
an eagle,205,a finch a chicken,0
an eagle,205,a finch an ostrich,0
an eagle,205,a finch a penguin,0
an eagle,205,a finch a salmon,0
an eagle,205,a finch a seal,0
an eagle,205,a finch a dolphin,0
an eagle,205,a finch a whale,0
an eagle,205,a robin a chicken,0
an eagle,205,a robin an ostrich,1
an eagle,205,a robin a penguin,0
an eagle,205,a robin a salmon,0
an eagle,205,a robin a seal,0
an eagle,205,a robin a dolphin,0
an eagle,205,a robin a whale,0
an eagle,205,a chicken an ostrich,0
an eagle,205,a chicken a penguin,0
an eagle,205,a chicken a salmon,0
an eagle,205,a chicken a seal,0
an eagle,205,a chicken a dolphin,0
an eagle,205,a chicken a whale,0
an eagle,205,an ostrich a penguin,0
an eagle,205,an ostrich a salmon,0
an eagle,205,an ostrich a dolphin,0
an eagle,205,a penguin a salmon,0
an eagle,205,a penguin a seal,0
an eagle,205,a penguin a dolphin,0
an eagle,205,a penguin a whale,0
an eagle,205,a salmon a seal,1
an eagle,205,a salmon a dolphin,1
an eagle,205,a salmon a whale,0
an eagle,205,a seal a dolphin,0
an eagle,205,a seal a whale,0
an eagle,205,a dolphin a whale,0
an eagle,206,a finch a robin,0
an eagle,206,a finch a chicken,0
an eagle,206,a finch an ostrich,0
an eagle,206,a finch a penguin,0
an eagle,206,a finch a salmon,0
an eagle,206,a finch a seal,0
an eagle,206,a finch a dolphin,0
an eagle,206,a finch a whale,0
an eagle,206,a robin a chicken,0
an eagle,206,a robin an ostrich,0
an eagle,206,a robin a penguin,0
an eagle,206,a robin a salmon,0
an eagle,206,a robin a seal,0
an eagle,206,a robin a dolphin,0
an eagle,206,a robin a whale,0
an eagle,206,a chicken an ostrich,0
an eagle,206,a chicken a penguin,0
an eagle,206,a chicken a salmon,0
an eagle,206,a chicken a seal,0
an eagle,206,a chicken a dolphin,0
an eagle,206,a chicken a whale,0
an eagle,206,an ostrich a penguin,0
an eagle,206,an ostrich a salmon,0
an eagle,206,an ostrich a seal,0
an eagle,206,an ostrich a dolphin,0
an eagle,206,an ostrich a whale,0
an eagle,206,a penguin a salmon,0
an eagle,206,a penguin a seal,1
an eagle,206,a penguin a dolphin,0
an eagle,206,a penguin a whale,0
an eagle,206,a salmon a seal,0
an eagle,206,a salmon a dolphin,0
an eagle,206,a salmon a whale,0
an eagle,206,a seal a whale,0
a chicken,207,a finch a robin,0
a chicken,207,a finch an eagle,0
a chicken,207,a finch an ostrich,0
a chicken,207,a finch a penguin,0
a chicken,207,a finch a salmon,0
a chicken,207,a finch a seal,0
a chicken,207,a finch a whale,0
a chicken,207,a robin an eagle,0
a chicken,207,a robin an ostrich,0
a chicken,207,a robin a penguin,0
a chicken,207,a robin a salmon,0
a chicken,207,a robin a seal,0
a chicken,207,a robin a dolphin,0
a chicken,207,a robin a whale,0
a chicken,207,an eagle an ostrich,0
a chicken,207,an eagle a penguin,0
a chicken,207,an eagle a salmon,0
a chicken,207,an eagle a seal,0
a chicken,207,an eagle a dolphin,0
a chicken,207,an eagle a whale,0
a chicken,207,an ostrich a penguin,0
a chicken,207,an ostrich a salmon,0
a chicken,207,an ostrich a seal,0
a chicken,207,an ostrich a dolphin,0
a chicken,207,an ostrich a whale,0
a chicken,207,a penguin a salmon,0
a chicken,207,a penguin a seal,0
a chicken,207,a penguin a dolphin,0
a chicken,207,a penguin a whale,0
a chicken,207,a salmon a seal,0
a chicken,207,a salmon a dolphin,0
a chicken,207,a salmon a whale,0
a chicken,207,a seal a dolphin,0
a chicken,207,a seal a whale,0
a chicken,207,a dolphin a whale,0
a whale,208,a finch a robin,0
a whale,208,a finch a chicken,1
a whale,208,a finch an eagle,0
a whale,208,a finch an ostrich,0
a whale,208,a finch a penguin,0
a whale,208,a finch a salmon,0
a whale,208,a finch a seal,1
a whale,208,a finch a dolphin,0
a whale,208,a robin a chicken,0
a whale,208,a robin an eagle,0
a whale,208,a robin an ostrich,0
a whale,208,a robin a penguin,0
a whale,208,a robin a salmon,0
a whale,208,a robin a seal,0
a whale,208,a robin a dolphin,0
a whale,208,a chicken an eagle,0
a whale,208,a chicken an ostrich,0
a whale,208,a chicken a penguin,0
a whale,208,a chicken a salmon,0
a whale,208,a chicken a seal,0
a whale,208,a chicken a dolphin,0
a whale,208,an eagle a penguin,0
a whale,208,an eagle a salmon,1
a whale,208,an eagle a seal,0
a whale,208,an eagle a dolphin,0
a whale,208,an ostrich a salmon,0
a whale,208,an ostrich a seal,1
a whale,208,an ostrich a dolphin,0
a whale,208,a penguin a salmon,0
a whale,208,a penguin a seal,1
a whale,208,a salmon a seal,1
a whale,208,a salmon a dolphin,0
a whale,208,a seal a dolphin,0
a chicken,209,a finch a robin,0
a chicken,209,a finch an eagle,0
a chicken,209,a finch an ostrich,0
a chicken,209,a finch a penguin,0
a chicken,209,a finch a salmon,0
a chicken,209,a finch a seal,0
a chicken,209,a finch a dolphin,0
a chicken,209,a finch a whale,0
a chicken,209,a robin an eagle,0
a chicken,209,a robin an ostrich,0
a chicken,209,a robin a penguin,0
a chicken,209,a robin a salmon,0
a chicken,209,a robin a seal,0
a chicken,209,a robin a dolphin,0
a chicken,209,a robin a whale,0
a chicken,209,an eagle an ostrich,0
a chicken,209,an eagle a penguin,0
a chicken,209,an eagle a salmon,0
a chicken,209,an eagle a seal,0
a chicken,209,an eagle a dolphin,0
a chicken,209,an eagle a whale,0
a chicken,209,an ostrich a penguin,0
a chicken,209,an ostrich a salmon,0
a chicken,209,an ostrich a seal,0
a chicken,209,an ostrich a dolphin,0
a chicken,209,an ostrich a whale,0
a chicken,209,a penguin a seal,0
a chicken,209,a penguin a dolphin,0
a chicken,209,a penguin a whale,0
a chicken,209,a salmon a seal,0
a chicken,209,a salmon a dolphin,0
a chicken,209,a salmon a whale,0
a chicken,209,a seal a dolphin,0
a chicken,209,a seal a whale,0
a chicken,209,a dolphin a whale,0
a chicken,210,a finch a robin,0
a chicken,210,a finch an eagle,0
a chicken,210,a finch an ostrich,0
a chicken,210,a finch a penguin,0
a chicken,210,a finch a salmon,0
a chicken,210,a finch a seal,0
a chicken,210,a finch a dolphin,0
a chicken,210,a finch a whale,0
a chicken,210,a robin an eagle,0
a chicken,210,a robin an ostrich,0
a chicken,210,a robin a penguin,0
a chicken,210,a robin a salmon,0
a chicken,210,a robin a seal,0
a chicken,210,a robin a dolphin,0
a chicken,210,a robin a whale,0
a chicken,210,an eagle a penguin,0
a chicken,210,an eagle a salmon,0
a chicken,210,an eagle a seal,0
a chicken,210,an eagle a dolphin,0
a chicken,210,an eagle a whale,0
a chicken,210,an ostrich a penguin,0
a chicken,210,an ostrich a salmon,0
a chicken,210,an ostrich a seal,0
a chicken,210,an ostrich a dolphin,0
a chicken,210,an ostrich a whale,0
a chicken,210,a penguin a salmon,0
a chicken,210,a penguin a seal,0
a chicken,210,a penguin a dolphin,0
a chicken,210,a salmon a seal,0
a chicken,210,a salmon a dolphin,0
a chicken,210,a salmon a whale,0
a chicken,210,a seal a dolphin,0
a chicken,210,a seal a whale,0
a chicken,210,a dolphin a whale,0
an eagle,211,a finch a robin,0
an eagle,211,a finch a chicken,0
an eagle,211,a finch an ostrich,0
an eagle,211,a finch a penguin,0
an eagle,211,a finch a salmon,0
an eagle,211,a finch a seal,0
an eagle,211,a finch a dolphin,0
an eagle,211,a finch a whale,0
an eagle,211,a robin a chicken,0
an eagle,211,a robin an ostrich,0
an eagle,211,a robin a penguin,0
an eagle,211,a robin a salmon,0
an eagle,211,a robin a seal,0
an eagle,211,a robin a dolphin,0
an eagle,211,a robin a whale,0
an eagle,211,a chicken an ostrich,0
an eagle,211,a chicken a penguin,0
an eagle,211,a chicken a salmon,0
an eagle,211,a chicken a seal,0
an eagle,211,a chicken a dolphin,0
an eagle,211,a chicken a whale,0
an eagle,211,an ostrich a penguin,0
an eagle,211,an ostrich a salmon,0
an eagle,211,an ostrich a seal,0
an eagle,211,an ostrich a dolphin,0
an eagle,211,an ostrich a whale,0
an eagle,211,a penguin a salmon,0
an eagle,211,a penguin a seal,0
an eagle,211,a penguin a dolphin,0
an eagle,211,a penguin a whale,0
an eagle,211,a salmon a seal,0
an eagle,211,a salmon a dolphin,0
an eagle,211,a salmon a whale,0
an eagle,211,a seal a dolphin,1
an eagle,211,a seal a whale,0
a salmon,212,a finch a robin,0
a salmon,212,a finch a chicken,1
a salmon,212,a finch an eagle,1
a salmon,212,a finch an ostrich,0
a salmon,212,a finch a penguin,0
a salmon,212,a finch a seal,0
a salmon,212,a finch a dolphin,0
a salmon,212,a finch a whale,0
a salmon,212,a robin a chicken,1
a salmon,212,a robin an eagle,1
a salmon,212,a robin an ostrich,0
a salmon,212,a robin a penguin,0
a salmon,212,a robin a seal,1
a salmon,212,a robin a dolphin,1
a salmon,212,a robin a whale,0
a salmon,212,a chicken an eagle,0
a salmon,212,a chicken an ostrich,0
a salmon,212,a chicken a penguin,0
a salmon,212,a chicken a seal,0
a salmon,212,a chicken a dolphin,0
a salmon,212,a chicken a whale,0
a salmon,212,an eagle a penguin,0
a salmon,212,an eagle a dolphin,0
a salmon,212,an eagle a whale,0
a salmon,212,an ostrich a penguin,0
a salmon,212,an ostrich a seal,0
a salmon,212,an ostrich a whale,0
a salmon,212,a penguin a seal,1
a salmon,212,a penguin a whale,0
a salmon,212,a seal a dolphin,0
a salmon,212,a seal a whale,0
a salmon,212,a dolphin a whale,0
an eagle,213,a finch a robin,0
an eagle,213,a finch a chicken,0
an eagle,213,a finch an ostrich,0
an eagle,213,a finch a penguin,0
an eagle,213,a finch a salmon,0
an eagle,213,a finch a seal,0
an eagle,213,a finch a dolphin,0
an eagle,213,a finch a whale,0
an eagle,213,a robin a chicken,0
an eagle,213,a robin an ostrich,0
an eagle,213,a robin a penguin,0
an eagle,213,a robin a salmon,0
an eagle,213,a robin a seal,0
an eagle,213,a robin a dolphin,0
an eagle,213,a robin a whale,0
an eagle,213,a chicken an ostrich,0
an eagle,213,a chicken a penguin,0
an eagle,213,a chicken a salmon,0
an eagle,213,a chicken a seal,0
an eagle,213,a chicken a dolphin,0
an eagle,213,a chicken a whale,0
an eagle,213,an ostrich a penguin,0
an eagle,213,an ostrich a salmon,0
an eagle,213,an ostrich a seal,0
an eagle,213,an ostrich a whale,0
an eagle,213,a penguin a salmon,0
an eagle,213,a penguin a seal,0
an eagle,213,a penguin a whale,0
an eagle,213,a salmon a seal,0
an eagle,213,a salmon a dolphin,0
an eagle,213,a salmon a whale,0
a dolphin,214,a finch a robin,0
a dolphin,214,a finch a chicken,0
a dolphin,214,a finch an eagle,0
a dolphin,214,a finch an ostrich,0
a dolphin,214,a finch a penguin,0
a dolphin,214,a finch a salmon,0
a dolphin,214,a finch a seal,1
a dolphin,214,a finch a whale,0
a dolphin,214,a robin a chicken,0
a dolphin,214,a robin an eagle,1
a dolphin,214,a robin an ostrich,0
a dolphin,214,a robin a penguin,0
a dolphin,214,a robin a salmon,0
a dolphin,214,a robin a seal,0
a dolphin,214,a robin a whale,0
a dolphin,214,a chicken an eagle,0
a dolphin,214,a chicken an ostrich,0
a dolphin,214,a chicken a penguin,0
a dolphin,214,a chicken a salmon,0
a dolphin,214,a chicken a seal,1
a dolphin,214,a chicken a whale,0
a dolphin,214,an eagle an ostrich,0
a dolphin,214,an eagle a penguin,0
a dolphin,214,an eagle a salmon,1
a dolphin,214,an eagle a seal,1
a dolphin,214,an eagle a whale,1
a dolphin,214,an ostrich a penguin,0
a dolphin,214,an ostrich a salmon,0
a dolphin,214,an ostrich a seal,1
a dolphin,214,an ostrich a whale,0
a dolphin,214,a penguin a salmon,0
a dolphin,214,a penguin a seal,0
a dolphin,214,a penguin a whale,1
a dolphin,214,a salmon a seal,0
a dolphin,214,a salmon a whale,0
a finch,215,a robin a chicken,0
a finch,215,a robin an eagle,0
a finch,215,a robin an ostrich,0
a finch,215,a robin a penguin,0
a finch,215,a robin a salmon,0
a finch,215,a robin a seal,0
a finch,215,a robin a dolphin,0
a finch,215,a robin a whale,0
a finch,215,a chicken an eagle,0
a finch,215,a chicken an ostrich,0
a finch,215,a chicken a penguin,0
a finch,215,a chicken a salmon,0
a finch,215,a chicken a seal,0
a finch,215,a chicken a dolphin,0
a finch,215,a chicken a whale,0
a finch,215,an eagle a penguin,0
a finch,215,an eagle a salmon,0
a finch,215,an eagle a seal,0
a finch,215,an eagle a dolphin,0
a finch,215,an eagle a whale,0
a finch,215,an ostrich a penguin,0
a finch,215,an ostrich a salmon,0
a finch,215,an ostrich a seal,0
a finch,215,an ostrich a dolphin,0
a finch,215,an ostrich a whale,0
a finch,215,a penguin a seal,0
a finch,215,a penguin a dolphin,0
a finch,215,a penguin a whale,0
a finch,215,a salmon a seal,0
a finch,215,a salmon a dolphin,0
a finch,215,a salmon a whale,0
a finch,215,a seal a dolphin,0
a finch,215,a seal a whale,0
a finch,215,a dolphin a whale,0
a seal,216,a finch a robin,0
a seal,216,a finch a chicken,0
a seal,216,a finch an eagle,0
a seal,216,a finch an ostrich,0
a seal,216,a finch a penguin,0
a seal,216,a finch a salmon,0
a seal,216,a finch a dolphin,0
a seal,216,a finch a whale,0
a seal,216,a robin a chicken,0
a seal,216,a robin an eagle,0
a seal,216,a robin an ostrich,0
a seal,216,a robin a penguin,0
a seal,216,a robin a salmon,0
a seal,216,a robin a dolphin,0
a seal,216,a robin a whale,0
a seal,216,a chicken an eagle,0
a seal,216,a chicken an ostrich,0
a seal,216,a chicken a penguin,0
a seal,216,a chicken a salmon,0
a seal,216,a chicken a dolphin,0
a seal,216,a chicken a whale,0
a seal,216,an eagle an ostrich,0
a seal,216,an eagle a penguin,0
a seal,216,an eagle a salmon,0
a seal,216,an eagle a dolphin,0
a seal,216,an eagle a whale,1
a seal,216,an ostrich a penguin,0
a seal,216,an ostrich a salmon,0
a seal,216,an ostrich a dolphin,0
a seal,216,an ostrich a whale,0
a seal,216,a penguin a salmon,0
a seal,216,a penguin a dolphin,0
a seal,216,a penguin a whale,0
a seal,216,a salmon a dolphin,0
a seal,216,a salmon a whale,0
a seal,216,a dolphin a whale,0
a salmon,217,a finch a robin,0
a salmon,217,a finch a chicken,0
a salmon,217,a finch an eagle,1
a salmon,217,a finch an ostrich,0
a salmon,217,a finch a penguin,0
a salmon,217,a finch a seal,0
a salmon,217,a finch a dolphin,0
a salmon,217,a finch a whale,0
a salmon,217,a robin a chicken,0
a salmon,217,a robin an eagle,0
a salmon,217,a robin an ostrich,0
a salmon,217,a robin a penguin,0
a salmon,217,a robin a seal,0
a salmon,217,a robin a dolphin,0
a salmon,217,a robin a whale,0
a salmon,217,a chicken an ostrich,0
a salmon,217,a chicken a penguin,0
a salmon,217,a chicken a seal,0
a salmon,217,a chicken a dolphin,0
a salmon,217,a chicken a whale,0
a salmon,217,an eagle an ostrich,0
a salmon,217,an eagle a penguin,0
a salmon,217,an eagle a seal,1
a salmon,217,an eagle a dolphin,0
a salmon,217,an eagle a whale,1
a salmon,217,an ostrich a penguin,0
a salmon,217,an ostrich a dolphin,0
a salmon,217,an ostrich a whale,0
a salmon,217,a penguin a seal,1
a salmon,217,a penguin a dolphin,1
a salmon,217,a penguin a whale,0
a salmon,217,a seal a whale,0
a salmon,217,a dolphin a whale,0
a robin,218,a finch a chicken,0
a robin,218,a finch an eagle,0
a robin,218,a finch an ostrich,0
a robin,218,a finch a penguin,0
a robin,218,a finch a salmon,0
a robin,218,a finch a seal,0
a robin,218,a finch a dolphin,0
a robin,218,a finch a whale,0
a robin,218,a chicken an eagle,0
a robin,218,a chicken an ostrich,0
a robin,218,a chicken a salmon,0
a robin,218,a chicken a seal,0
a robin,218,a chicken a dolphin,0
a robin,218,a chicken a whale,0
a robin,218,an eagle an ostrich,0
a robin,218,an eagle a penguin,0
a robin,218,an eagle a salmon,0
a robin,218,an eagle a seal,0
a robin,218,an eagle a dolphin,0
a robin,218,an eagle a whale,0
a robin,218,an ostrich a penguin,0
a robin,218,an ostrich a salmon,0
a robin,218,an ostrich a seal,0
a robin,218,an ostrich a dolphin,0
a robin,218,an ostrich a whale,0
a robin,218,a penguin a salmon,0
a robin,218,a penguin a seal,0
a robin,218,a penguin a dolphin,0
a robin,218,a penguin a whale,0
a robin,218,a salmon a seal,0
a robin,218,a salmon a dolphin,0
a robin,218,a salmon a whale,0
a robin,218,a seal a dolphin,0
a robin,218,a seal a whale,0
a robin,218,a dolphin a whale,0
a seal,219,a finch a robin,0
a seal,219,a finch a chicken,0
a seal,219,a finch an eagle,0
a seal,219,a finch an ostrich,0
a seal,219,a finch a penguin,0
a seal,219,a finch a salmon,0
a seal,219,a finch a dolphin,0
a seal,219,a finch a whale,0
a seal,219,a robin a chicken,0
a seal,219,a robin an eagle,0
a seal,219,a robin an ostrich,0
a seal,219,a robin a penguin,0
a seal,219,a robin a salmon,1
a seal,219,a robin a dolphin,0
a seal,219,a robin a whale,0
a seal,219,a chicken an eagle,0
a seal,219,a chicken an ostrich,0
a seal,219,a chicken a penguin,0
a seal,219,a chicken a salmon,1
a seal,219,a chicken a dolphin,0
a seal,219,a chicken a whale,0
a seal,219,an eagle an ostrich,0
a seal,219,an eagle a penguin,0
a seal,219,an eagle a salmon,0
a seal,219,an eagle a dolphin,0
a seal,219,an eagle a whale,1
a seal,219,an ostrich a penguin,0
a seal,219,an ostrich a salmon,0
a seal,219,an ostrich a whale,1
a seal,219,a penguin a salmon,0
a seal,219,a penguin a dolphin,0
a seal,219,a salmon a dolphin,0
a seal,219,a dolphin a whale,0
a finch,220,a robin a chicken,0
a finch,220,a robin an eagle,0
a finch,220,a robin an ostrich,0
a finch,220,a robin a penguin,0
a finch,220,a robin a salmon,0
a finch,220,a robin a seal,0
a finch,220,a robin a dolphin,0
a finch,220,a robin a whale,0
a finch,220,a chicken an eagle,0
a finch,220,a chicken an ostrich,0
a finch,220,a chicken a penguin,0
a finch,220,a chicken a salmon,0
a finch,220,a chicken a seal,0
a finch,220,a chicken a dolphin,0
a finch,220,a chicken a whale,0
a finch,220,an eagle an ostrich,0
a finch,220,an eagle a penguin,0
a finch,220,an eagle a salmon,0
a finch,220,an eagle a seal,0
a finch,220,an eagle a dolphin,0
a finch,220,an eagle a whale,0
a finch,220,an ostrich a penguin,0
a finch,220,an ostrich a salmon,0
a finch,220,an ostrich a seal,0
a finch,220,an ostrich a dolphin,0
a finch,220,an ostrich a whale,0
a finch,220,a penguin a seal,0
a finch,220,a penguin a dolphin,0
a finch,220,a penguin a whale,0
a finch,220,a salmon a seal,0
a finch,220,a salmon a whale,0
a finch,220,a seal a dolphin,0
a finch,220,a seal a whale,0
a finch,220,a dolphin a whale,0
a dolphin,221,a finch a robin,0
a dolphin,221,a finch a chicken,0
a dolphin,221,a finch an eagle,0
a dolphin,221,a finch an ostrich,0
a dolphin,221,a finch a penguin,0
a dolphin,221,a finch a salmon,0
a dolphin,221,a finch a seal,1
a dolphin,221,a finch a whale,0
a dolphin,221,a robin an eagle,0
a dolphin,221,a robin an ostrich,0
a dolphin,221,a robin a penguin,0
a dolphin,221,a robin a salmon,0
a dolphin,221,a robin a seal,1
a dolphin,221,a robin a whale,0
a dolphin,221,a chicken an eagle,0
a dolphin,221,a chicken an ostrich,0
a dolphin,221,a chicken a penguin,0
a dolphin,221,a chicken a salmon,0
a dolphin,221,a chicken a seal,1
a dolphin,221,a chicken a whale,0
a dolphin,221,an eagle an ostrich,0
a dolphin,221,an eagle a penguin,1
a dolphin,221,an eagle a salmon,1
a dolphin,221,an eagle a seal,0
a dolphin,221,an eagle a whale,1
a dolphin,221,an ostrich a penguin,0
a dolphin,221,an ostrich a salmon,0
a dolphin,221,an ostrich a seal,0
a dolphin,221,an ostrich a whale,1
a dolphin,221,a penguin a salmon,0
a dolphin,221,a penguin a seal,1
a dolphin,221,a penguin a whale,1
a dolphin,221,a salmon a seal,0
a dolphin,221,a salmon a whale,0
a dolphin,221,a seal a whale,0
a dolphin,222,a finch a robin,0
a dolphin,222,a finch a chicken,1
a dolphin,222,a finch an eagle,0
a dolphin,222,a finch an ostrich,0
a dolphin,222,a finch a penguin,0
a dolphin,222,a finch a salmon,0
a dolphin,222,a finch a seal,1
a dolphin,222,a finch a whale,0
a dolphin,222,a robin an eagle,0
a dolphin,222,a robin an ostrich,0
a dolphin,222,a robin a penguin,0
a dolphin,222,a robin a salmon,0
a dolphin,222,a robin a seal,1
a dolphin,222,a robin a whale,0
a dolphin,222,a chicken an eagle,0
a dolphin,222,a chicken an ostrich,0
a dolphin,222,a chicken a penguin,0
a dolphin,222,a chicken a salmon,0
a dolphin,222,a chicken a seal,0
a dolphin,222,a chicken a whale,0
a dolphin,222,an eagle a penguin,0
a dolphin,222,an eagle a salmon,1
a dolphin,222,an eagle a seal,0
a dolphin,222,an eagle a whale,0
a dolphin,222,an ostrich a penguin,0
a dolphin,222,an ostrich a salmon,0
a dolphin,222,an ostrich a seal,0
a dolphin,222,an ostrich a whale,0
a dolphin,222,a penguin a salmon,0
a dolphin,222,a penguin a seal,0
a dolphin,222,a penguin a whale,0
a dolphin,222,a salmon a seal,1
a dolphin,222,a salmon a whale,0
a dolphin,222,a seal a whale,0
a robin,223,a finch a chicken,0
a robin,223,a finch an eagle,0
a robin,223,a finch an ostrich,0
a robin,223,a finch a penguin,0
a robin,223,a finch a salmon,0
a robin,223,a finch a seal,0
a robin,223,a finch a dolphin,0
a robin,223,a finch a whale,0
a robin,223,a chicken an eagle,0
a robin,223,a chicken an ostrich,0
a robin,223,a chicken a penguin,0
a robin,223,a chicken a salmon,0
a robin,223,a chicken a seal,0
a robin,223,a chicken a dolphin,0
a robin,223,a chicken a whale,0
a robin,223,an eagle an ostrich,0
a robin,223,an eagle a penguin,0
a robin,223,an eagle a salmon,0
a robin,223,an eagle a seal,0
a robin,223,an eagle a dolphin,0
a robin,223,an eagle a whale,0
a robin,223,an ostrich a penguin,0
a robin,223,an ostrich a seal,0
a robin,223,an ostrich a whale,0
a robin,223,a penguin a salmon,0
a robin,223,a penguin a seal,0
a robin,223,a penguin a dolphin,0
a robin,223,a penguin a whale,0
a robin,223,a salmon a seal,0
a robin,223,a salmon a whale,0
a robin,223,a seal a dolphin,0
a robin,223,a seal a whale,0
a robin,223,a dolphin a whale,0
a salmon,224,a finch a robin,0
a salmon,224,a finch a chicken,0
a salmon,224,a finch an eagle,0
a salmon,224,a finch an ostrich,0
a salmon,224,a finch a penguin,0
a salmon,224,a finch a seal,0
a salmon,224,a finch a dolphin,0
a salmon,224,a finch a whale,0
a salmon,224,a robin a chicken,0
a salmon,224,a robin an eagle,0
a salmon,224,a robin an ostrich,0
a salmon,224,a robin a penguin,0
a salmon,224,a robin a seal,0
a salmon,224,a robin a dolphin,1
a salmon,224,a robin a whale,0
a salmon,224,a chicken an eagle,0
a salmon,224,a chicken an ostrich,0
a salmon,224,a chicken a penguin,0
a salmon,224,a chicken a seal,1
a salmon,224,a chicken a dolphin,0
a salmon,224,a chicken a whale,0
a salmon,224,an eagle an ostrich,0
a salmon,224,an eagle a penguin,0
a salmon,224,an eagle a seal,0
a salmon,224,an eagle a dolphin,0
a salmon,224,an eagle a whale,1
a salmon,224,an ostrich a penguin,0
a salmon,224,an ostrich a seal,0
a salmon,224,an ostrich a dolphin,0
a salmon,224,an ostrich a whale,0
a salmon,224,a penguin a seal,0
a salmon,224,a penguin a dolphin,0
a salmon,224,a penguin a whale,0
a salmon,224,a seal a dolphin,0
a salmon,224,a seal a whale,0
a salmon,224,a dolphin a whale,0
a whale,225,a finch a robin,0
a whale,225,a finch a chicken,0
a whale,225,a finch an eagle,0
a whale,225,a finch an ostrich,0
a whale,225,a finch a penguin,0
a whale,225,a finch a salmon,0
a whale,225,a finch a seal,1
a whale,225,a finch a dolphin,0
a whale,225,a robin a chicken,0
a whale,225,a robin an eagle,0
a whale,225,a robin an ostrich,1
a whale,225,a robin a penguin,0
a whale,225,a robin a salmon,0
a whale,225,a robin a seal,1
a whale,225,a robin a dolphin,0
a whale,225,a chicken an eagle,0
a whale,225,a chicken an ostrich,0
a whale,225,a chicken a penguin,0
a whale,225,a chicken a salmon,1
a whale,225,a chicken a seal,1
a whale,225,a chicken a dolphin,0
a whale,225,an eagle an ostrich,0
a whale,225,an eagle a penguin,0
a whale,225,an eagle a salmon,0
a whale,225,an eagle a seal,1
a whale,225,an eagle a dolphin,1
a whale,225,an ostrich a penguin,0
a whale,225,an ostrich a salmon,0
a whale,225,an ostrich a seal,1
a whale,225,an ostrich a dolphin,0
a whale,225,a penguin a salmon,0
a whale,225,a penguin a seal,1
a whale,225,a penguin a dolphin,0
a whale,225,a salmon a seal,0
a whale,225,a salmon a dolphin,0
a whale,225,a seal a dolphin,0
a chicken,226,a finch a robin,0
a chicken,226,a finch an eagle,0
a chicken,226,a finch an ostrich,0
a chicken,226,a finch a penguin,0
a chicken,226,a finch a salmon,0
a chicken,226,a finch a seal,0
a chicken,226,a finch a dolphin,0
a chicken,226,a finch a whale,0
a chicken,226,a robin an eagle,0
a chicken,226,a robin an ostrich,0
a chicken,226,a robin a penguin,0
a chicken,226,a robin a salmon,0
a chicken,226,a robin a seal,0
a chicken,226,a robin a dolphin,0
a chicken,226,a robin a whale,0
a chicken,226,an eagle an ostrich,0
a chicken,226,an eagle a penguin,0
a chicken,226,an eagle a salmon,0
a chicken,226,an eagle a seal,0
a chicken,226,an eagle a dolphin,0
a chicken,226,an eagle a whale,0
a chicken,226,an ostrich a penguin,0
a chicken,226,an ostrich a salmon,0
a chicken,226,an ostrich a seal,0
a chicken,226,an ostrich a dolphin,0
a chicken,226,an ostrich a whale,0
a chicken,226,a penguin a salmon,1
a chicken,226,a penguin a seal,0
a chicken,226,a penguin a whale,0
a chicken,226,a salmon a seal,0
a chicken,226,a salmon a dolphin,0
a chicken,226,a salmon a whale,0
a chicken,226,a seal a dolphin,0
a chicken,226,a seal a whale,0
a chicken,226,a dolphin a whale,0
a salmon,227,a finch a robin,0
a salmon,227,a finch a chicken,0
a salmon,227,a finch an eagle,0
a salmon,227,a finch an ostrich,0
a salmon,227,a finch a penguin,0
a salmon,227,a finch a seal,0
a salmon,227,a finch a dolphin,0
a salmon,227,a finch a whale,0
a salmon,227,a robin a chicken,0
a salmon,227,a robin an eagle,0
a salmon,227,a robin an ostrich,0
a salmon,227,a robin a penguin,0
a salmon,227,a robin a seal,0
a salmon,227,a robin a whale,0
a salmon,227,a chicken an eagle,0
a salmon,227,a chicken an ostrich,0
a salmon,227,a chicken a penguin,0
a salmon,227,a chicken a seal,1
a salmon,227,a chicken a dolphin,0
a salmon,227,a chicken a whale,1
a salmon,227,an eagle an ostrich,0
a salmon,227,an eagle a penguin,0
a salmon,227,an eagle a seal,0
a salmon,227,an eagle a dolphin,0
a salmon,227,an eagle a whale,0
a salmon,227,an ostrich a penguin,0
a salmon,227,an ostrich a dolphin,0
a salmon,227,an ostrich a whale,0
a salmon,227,a penguin a dolphin,0
a salmon,227,a penguin a whale,1
a salmon,227,a seal a whale,0
a salmon,227,a dolphin a whale,0
a whale,228,a finch a robin,0
a whale,228,a finch a chicken,0
a whale,228,a finch an eagle,0
a whale,228,a finch an ostrich,0
a whale,228,a finch a penguin,0
a whale,228,a finch a salmon,0
a whale,228,a finch a seal,1
a whale,228,a finch a dolphin,0
a whale,228,a robin a chicken,0
a whale,228,a robin an eagle,0
a whale,228,a robin an ostrich,0
a whale,228,a robin a penguin,0
a whale,228,a robin a salmon,0
a whale,228,a robin a seal,0
a whale,228,a robin a dolphin,0
a whale,228,a chicken an eagle,0
a whale,228,a chicken an ostrich,0
a whale,228,a chicken a penguin,0
a whale,228,a chicken a salmon,0
a whale,228,a chicken a seal,0
a whale,228,a chicken a dolphin,0
a whale,228,an eagle an ostrich,0
a whale,228,an eagle a penguin,0
a whale,228,an eagle a salmon,0
a whale,228,an eagle a seal,1
a whale,228,an eagle a dolphin,0
a whale,228,an ostrich a penguin,0
a whale,228,an ostrich a salmon,0
a whale,228,an ostrich a seal,1
a whale,228,an ostrich a dolphin,0
a whale,228,a penguin a salmon,0
a whale,228,a penguin a seal,1
a whale,228,a penguin a dolphin,0
a whale,228,a salmon a seal,1
a whale,228,a salmon a dolphin,0
a whale,228,a seal a dolphin,0
a dolphin,229,a finch a robin,0
a dolphin,229,a finch a chicken,0
a dolphin,229,a finch an eagle,0
a dolphin,229,a finch an ostrich,0
a dolphin,229,a finch a penguin,0
a dolphin,229,a finch a salmon,0
a dolphin,229,a finch a seal,0
a dolphin,229,a finch a whale,0
a dolphin,229,a robin a chicken,0
a dolphin,229,a robin an eagle,0
a dolphin,229,a robin an ostrich,0
a dolphin,229,a robin a penguin,0
a dolphin,229,a robin a salmon,1
a dolphin,229,a robin a seal,0
a dolphin,229,a robin a whale,0
a dolphin,229,a chicken an eagle,0
a dolphin,229,a chicken an ostrich,0
a dolphin,229,a chicken a penguin,0
a dolphin,229,a chicken a salmon,0
a dolphin,229,a chicken a seal,0
a dolphin,229,a chicken a whale,1
a dolphin,229,an eagle an ostrich,0
a dolphin,229,an eagle a penguin,0
a dolphin,229,an eagle a salmon,1
a dolphin,229,an eagle a seal,1
a dolphin,229,an eagle a whale,0
a dolphin,229,an ostrich a penguin,0
a dolphin,229,an ostrich a seal,0
a dolphin,229,an ostrich a whale,0
a dolphin,229,a penguin a salmon,0
a dolphin,229,a penguin a seal,1
a dolphin,229,a penguin a whale,0
a dolphin,229,a salmon a seal,0
a dolphin,229,a salmon a whale,0
an eagle,230,a finch a robin,0
an eagle,230,a finch a chicken,0
an eagle,230,a finch an ostrich,0
an eagle,230,a finch a penguin,0
an eagle,230,a finch a salmon,0
an eagle,230,a finch a seal,0
an eagle,230,a finch a dolphin,0
an eagle,230,a finch a whale,0
an eagle,230,a robin a chicken,0
an eagle,230,a robin an ostrich,0
an eagle,230,a robin a penguin,0
an eagle,230,a robin a salmon,0
an eagle,230,a robin a seal,0
an eagle,230,a robin a dolphin,0
an eagle,230,a robin a whale,0
an eagle,230,a chicken an ostrich,0
an eagle,230,a chicken a penguin,0
an eagle,230,a chicken a salmon,0
an eagle,230,a chicken a seal,0
an eagle,230,a chicken a dolphin,0
an eagle,230,a chicken a whale,0
an eagle,230,an ostrich a penguin,0
an eagle,230,an ostrich a salmon,0
an eagle,230,an ostrich a seal,0
an eagle,230,an ostrich a dolphin,0
an eagle,230,an ostrich a whale,0
an eagle,230,a penguin a salmon,0
an eagle,230,a penguin a seal,0
an eagle,230,a penguin a dolphin,0
an eagle,230,a penguin a whale,0
an eagle,230,a salmon a seal,0
an eagle,230,a salmon a dolphin,0
an eagle,230,a salmon a whale,0
an eagle,230,a seal a dolphin,0
an eagle,230,a seal a whale,0
an eagle,230,a dolphin a whale,0
a finch,231,a robin a chicken,1
a finch,231,a robin an eagle,1
a finch,231,a robin an ostrich,0
a finch,231,a robin a penguin,0
a finch,231,a robin a salmon,0
a finch,231,a robin a seal,0
a finch,231,a robin a dolphin,0
a finch,231,a robin a whale,0
a finch,231,a chicken an eagle,0
a finch,231,a chicken an ostrich,0
a finch,231,a chicken a penguin,0
a finch,231,a chicken a salmon,0
a finch,231,a chicken a seal,0
a finch,231,a chicken a dolphin,0
a finch,231,a chicken a whale,0
a finch,231,an eagle an ostrich,0
a finch,231,an eagle a penguin,0
a finch,231,an eagle a salmon,0
a finch,231,an eagle a seal,0
a finch,231,an eagle a dolphin,0
a finch,231,an eagle a whale,0
a finch,231,an ostrich a penguin,0
a finch,231,an ostrich a salmon,0
a finch,231,an ostrich a seal,0
a finch,231,an ostrich a dolphin,0
a finch,231,an ostrich a whale,0
a finch,231,a penguin a salmon,0
a finch,231,a penguin a seal,0
a finch,231,a penguin a dolphin,0
a finch,231,a penguin a whale,0
a finch,231,a salmon a seal,0
a finch,231,a salmon a dolphin,0
a finch,231,a salmon a whale,0
a finch,231,a seal a dolphin,0
a finch,231,a seal a whale,0
a finch,231,a dolphin a whale,0
a robin,232,a finch a chicken,0
a robin,232,a finch an eagle,0
a robin,232,a finch an ostrich,0
a robin,232,a finch a penguin,0
a robin,232,a finch a salmon,0
a robin,232,a finch a seal,0
a robin,232,a finch a dolphin,0
a robin,232,a finch a whale,0
a robin,232,a chicken an eagle,0
a robin,232,a chicken an ostrich,0
a robin,232,a chicken a penguin,0
a robin,232,a chicken a salmon,0
a robin,232,a chicken a seal,0
a robin,232,a chicken a dolphin,0
a robin,232,a chicken a whale,0
a robin,232,an eagle an ostrich,0
a robin,232,an eagle a penguin,0
a robin,232,an eagle a salmon,0
a robin,232,an eagle a seal,0
a robin,232,an eagle a dolphin,0
a robin,232,an eagle a whale,0
a robin,232,an ostrich a penguin,0
a robin,232,an ostrich a seal,0
a robin,232,an ostrich a dolphin,0
a robin,232,an ostrich a whale,0
a robin,232,a penguin a salmon,0
a robin,232,a penguin a seal,0
a robin,232,a penguin a dolphin,0
a robin,232,a salmon a seal,0
a robin,232,a salmon a dolphin,0
a robin,232,a salmon a whale,0
a robin,232,a seal a dolphin,0
a robin,232,a dolphin a whale,0
a finch,233,a robin a chicken,0
a finch,233,a robin an eagle,0
a finch,233,a robin an ostrich,0
a finch,233,a robin a penguin,0
a finch,233,a robin a salmon,0
a finch,233,a robin a seal,0
a finch,233,a robin a dolphin,0
a finch,233,a robin a whale,0
a finch,233,a chicken an eagle,0
a finch,233,a chicken an ostrich,0
a finch,233,a chicken a penguin,0
a finch,233,a chicken a salmon,0
a finch,233,a chicken a seal,0
a finch,233,a chicken a dolphin,0
a finch,233,a chicken a whale,0
a finch,233,an eagle an ostrich,0
a finch,233,an eagle a penguin,0
a finch,233,an eagle a salmon,0
a finch,233,an eagle a seal,0
a finch,233,an eagle a dolphin,0
a finch,233,an eagle a whale,0
a finch,233,an ostrich a penguin,0
a finch,233,an ostrich a salmon,0
a finch,233,an ostrich a seal,0
a finch,233,an ostrich a dolphin,0
a finch,233,an ostrich a whale,0
a finch,233,a penguin a salmon,0
a finch,233,a penguin a seal,0
a finch,233,a penguin a dolphin,0
a finch,233,a penguin a whale,0
a finch,233,a salmon a seal,0
a finch,233,a salmon a dolphin,0
a finch,233,a salmon a whale,0
a finch,233,a dolphin a whale,0
an ostrich,234,a finch a robin,0
an ostrich,234,a finch a chicken,0
an ostrich,234,a finch an eagle,0
an ostrich,234,a finch a penguin,0
an ostrich,234,a finch a salmon,0
an ostrich,234,a finch a seal,0
an ostrich,234,a finch a dolphin,0
an ostrich,234,a finch a whale,0
an ostrich,234,a robin a chicken,0
an ostrich,234,a robin an eagle,0
an ostrich,234,a robin a penguin,0
an ostrich,234,a robin a salmon,0
an ostrich,234,a robin a seal,0
an ostrich,234,a robin a dolphin,0
an ostrich,234,a robin a whale,0
an ostrich,234,a chicken an eagle,0
an ostrich,234,a chicken a penguin,0
an ostrich,234,a chicken a salmon,0
an ostrich,234,a chicken a seal,0
an ostrich,234,a chicken a dolphin,0
an ostrich,234,a chicken a whale,0
an ostrich,234,an eagle a penguin,0
an ostrich,234,an eagle a salmon,0
an ostrich,234,an eagle a seal,0
an ostrich,234,an eagle a dolphin,0
an ostrich,234,an eagle a whale,0
an ostrich,234,a penguin a salmon,0
an ostrich,234,a penguin a seal,0
an ostrich,234,a penguin a dolphin,0
an ostrich,234,a penguin a whale,0
an ostrich,234,a salmon a seal,0
an ostrich,234,a salmon a dolphin,0
an ostrich,234,a salmon a whale,1
an ostrich,234,a seal a dolphin,0
an ostrich,234,a seal a whale,0
an ostrich,234,a dolphin a whale,0
an ostrich,235,a finch a robin,0
an ostrich,235,a finch a chicken,0
an ostrich,235,a finch an eagle,0
an ostrich,235,a finch a penguin,0
an ostrich,235,a finch a salmon,0
an ostrich,235,a finch a seal,0
an ostrich,235,a finch a dolphin,0
an ostrich,235,a finch a whale,0
an ostrich,235,a robin a chicken,0
an ostrich,235,a robin an eagle,0
an ostrich,235,a robin a penguin,0
an ostrich,235,a robin a salmon,0
an ostrich,235,a robin a seal,1
an ostrich,235,a robin a dolphin,0
an ostrich,235,a robin a whale,0
an ostrich,235,a chicken an eagle,0
an ostrich,235,a chicken a penguin,0
an ostrich,235,a chicken a salmon,0
an ostrich,235,a chicken a seal,0
an ostrich,235,a chicken a dolphin,0
an ostrich,235,a chicken a whale,0
an ostrich,235,an eagle a penguin,0
an ostrich,235,an eagle a salmon,0
an ostrich,235,an eagle a seal,0
an ostrich,235,an eagle a dolphin,0
an ostrich,235,an eagle a whale,0
an ostrich,235,a penguin a salmon,0
an ostrich,235,a penguin a seal,0
an ostrich,235,a penguin a dolphin,0
an ostrich,235,a penguin a whale,0
an ostrich,235,a salmon a seal,0
an ostrich,235,a salmon a dolphin,0
an ostrich,235,a salmon a whale,0
an ostrich,235,a seal a dolphin,0
an ostrich,235,a seal a whale,0
an ostrich,235,a dolphin a whale,0
a salmon,236,a finch a robin,0
a salmon,236,a finch a chicken,0
a salmon,236,a finch an eagle,1
a salmon,236,a finch an ostrich,0
a salmon,236,a finch a penguin,0
a salmon,236,a finch a seal,1
a salmon,236,a finch a dolphin,0
a salmon,236,a finch a whale,0
a salmon,236,a robin a chicken,1
a salmon,236,a robin an eagle,0
a salmon,236,a robin an ostrich,0
a salmon,236,a robin a penguin,0
a salmon,236,a robin a seal,0
a salmon,236,a robin a dolphin,0
a salmon,236,a robin a whale,0
a salmon,236,a chicken an eagle,0
a salmon,236,a chicken an ostrich,0
a salmon,236,a chicken a penguin,0
a salmon,236,a chicken a seal,1
a salmon,236,a chicken a dolphin,0
a salmon,236,a chicken a whale,0
a salmon,236,an eagle an ostrich,0
a salmon,236,an eagle a penguin,0
a salmon,236,an eagle a seal,0
a salmon,236,an eagle a whale,1
a salmon,236,an ostrich a penguin,0
a salmon,236,an ostrich a seal,0
a salmon,236,an ostrich a dolphin,0
a salmon,236,an ostrich a whale,0
a salmon,236,a penguin a seal,1
a salmon,236,a penguin a dolphin,0
a salmon,236,a seal a dolphin,0
a salmon,236,a seal a whale,0
a salmon,236,a dolphin a whale,0
a dolphin,237,a finch a robin,0
a dolphin,237,a finch a chicken,0
a dolphin,237,a finch an eagle,0
a dolphin,237,a finch an ostrich,0
a dolphin,237,a finch a penguin,0
a dolphin,237,a finch a salmon,0
a dolphin,237,a finch a seal,0
a dolphin,237,a finch a whale,0
a dolphin,237,a robin a chicken,0
a dolphin,237,a robin an eagle,0
a dolphin,237,a robin an ostrich,0
a dolphin,237,a robin a penguin,0
a dolphin,237,a robin a salmon,1
a dolphin,237,a robin a seal,1
a dolphin,237,a robin a whale,0
a dolphin,237,a chicken an eagle,0
a dolphin,237,a chicken an ostrich,0
a dolphin,237,a chicken a penguin,0
a dolphin,237,a chicken a salmon,0
a dolphin,237,a chicken a seal,1
a dolphin,237,a chicken a whale,0
a dolphin,237,an eagle a penguin,0
a dolphin,237,an eagle a salmon,1
a dolphin,237,an eagle a seal,0
a dolphin,237,an eagle a whale,0
a dolphin,237,an ostrich a penguin,0
a dolphin,237,an ostrich a salmon,0
a dolphin,237,an ostrich a seal,1
a dolphin,237,an ostrich a whale,0
a dolphin,237,a penguin a salmon,0
a dolphin,237,a penguin a seal,0
a dolphin,237,a penguin a whale,1
a dolphin,237,a salmon a seal,0
a dolphin,237,a salmon a whale,1
a dolphin,238,a finch a robin,0
a dolphin,238,a finch a chicken,0
a dolphin,238,a finch an eagle,0
a dolphin,238,a finch an ostrich,0
a dolphin,238,a finch a penguin,0
a dolphin,238,a finch a salmon,0
a dolphin,238,a finch a seal,1
a dolphin,238,a finch a whale,0
a dolphin,238,a robin a chicken,0
a dolphin,238,a robin an eagle,0
a dolphin,238,a robin an ostrich,0
a dolphin,238,a robin a penguin,0
a dolphin,238,a robin a salmon,1
a dolphin,238,a robin a seal,1
a dolphin,238,a robin a whale,0
a dolphin,238,a chicken an eagle,0
a dolphin,238,a chicken an ostrich,0
a dolphin,238,a chicken a penguin,0
a dolphin,238,a chicken a salmon,0
a dolphin,238,a chicken a seal,0
a dolphin,238,a chicken a whale,0
a dolphin,238,an eagle an ostrich,0
a dolphin,238,an eagle a penguin,0
a dolphin,238,an eagle a salmon,0
a dolphin,238,an eagle a seal,1
a dolphin,238,an eagle a whale,0
a dolphin,238,an ostrich a penguin,0
a dolphin,238,an ostrich a salmon,0
a dolphin,238,an ostrich a seal,0
a dolphin,238,an ostrich a whale,0
a dolphin,238,a penguin a salmon,0
a dolphin,238,a penguin a seal,0
a dolphin,238,a penguin a whale,0
a dolphin,238,a salmon a seal,0
a dolphin,238,a salmon a whale,0
a chicken,239,a finch a robin,0
a chicken,239,a finch an eagle,0
a chicken,239,a finch an ostrich,0
a chicken,239,a finch a penguin,0
a chicken,239,a finch a salmon,0
a chicken,239,a finch a seal,0
a chicken,239,a finch a dolphin,0
a chicken,239,a finch a whale,0
a chicken,239,a robin an eagle,0
a chicken,239,a robin an ostrich,0
a chicken,239,a robin a penguin,0
a chicken,239,a robin a salmon,0
a chicken,239,a robin a seal,0
a chicken,239,a robin a dolphin,0
a chicken,239,a robin a whale,0
a chicken,239,an eagle an ostrich,0
a chicken,239,an eagle a penguin,0
a chicken,239,an eagle a salmon,0
a chicken,239,an eagle a seal,0
a chicken,239,an eagle a dolphin,0
a chicken,239,an eagle a whale,0
a chicken,239,an ostrich a penguin,0
a chicken,239,an ostrich a salmon,0
a chicken,239,an ostrich a seal,0
a chicken,239,an ostrich a dolphin,0
a chicken,239,an ostrich a whale,0
a chicken,239,a penguin a salmon,0
a chicken,239,a penguin a seal,0
a chicken,239,a penguin a dolphin,0
a chicken,239,a penguin a whale,0
a chicken,239,a salmon a seal,0
a chicken,239,a salmon a dolphin,0
a chicken,239,a salmon a whale,0
a chicken,239,a seal a dolphin,0
a chicken,239,a seal a whale,0
a chicken,239,a dolphin a whale,0
a chicken,240,a finch a robin,0
a chicken,240,a finch an eagle,0
a chicken,240,a finch an ostrich,0
a chicken,240,a finch a penguin,0
a chicken,240,a finch a salmon,0
a chicken,240,a finch a seal,0
a chicken,240,a finch a dolphin,0
a chicken,240,a finch a whale,0
a chicken,240,a robin an eagle,0
a chicken,240,a robin an ostrich,0
a chicken,240,a robin a penguin,0
a chicken,240,a robin a salmon,0
a chicken,240,a robin a seal,0
a chicken,240,a robin a dolphin,0
a chicken,240,a robin a whale,0
a chicken,240,an eagle an ostrich,0
a chicken,240,an eagle a penguin,0
a chicken,240,an eagle a salmon,0
a chicken,240,an eagle a seal,0
a chicken,240,an eagle a dolphin,0
a chicken,240,an eagle a whale,0
a chicken,240,an ostrich a penguin,0
a chicken,240,an ostrich a salmon,0
a chicken,240,an ostrich a seal,0
a chicken,240,an ostrich a dolphin,0
a chicken,240,an ostrich a whale,0
a chicken,240,a penguin a salmon,0
a chicken,240,a penguin a seal,0
a chicken,240,a penguin a dolphin,0
a chicken,240,a penguin a whale,0
a chicken,240,a salmon a seal,0
a chicken,240,a salmon a whale,0
a chicken,240,a seal a dolphin,0
a chicken,240,a seal a whale,0
a chicken,240,a dolphin a whale,0
a chicken,241,a finch a robin,0
a chicken,241,a finch an eagle,0
a chicken,241,a finch an ostrich,0
a chicken,241,a finch a penguin,0
a chicken,241,a finch a salmon,0
a chicken,241,a finch a seal,0
a chicken,241,a finch a dolphin,0
a chicken,241,a finch a whale,0
a chicken,241,a robin an eagle,0
a chicken,241,a robin an ostrich,0
a chicken,241,a robin a penguin,0
a chicken,241,a robin a salmon,0
a chicken,241,a robin a seal,0
a chicken,241,a robin a dolphin,0
a chicken,241,a robin a whale,0
a chicken,241,an eagle an ostrich,0
a chicken,241,an eagle a penguin,0
a chicken,241,an eagle a salmon,0
a chicken,241,an eagle a seal,0
a chicken,241,an eagle a dolphin,0
a chicken,241,an eagle a whale,0
a chicken,241,an ostrich a penguin,0
a chicken,241,an ostrich a salmon,0
a chicken,241,an ostrich a seal,0
a chicken,241,an ostrich a dolphin,0
a chicken,241,an ostrich a whale,0
a chicken,241,a penguin a salmon,0
a chicken,241,a penguin a seal,0
a chicken,241,a penguin a dolphin,0
a chicken,241,a penguin a whale,0
a chicken,241,a salmon a seal,0
a chicken,241,a salmon a dolphin,0
a chicken,241,a salmon a whale,0
a chicken,241,a seal a dolphin,0
a chicken,241,a seal a whale,0
a chicken,241,a dolphin a whale,0
an eagle,242,a finch a robin,0
an eagle,242,a finch a chicken,0
an eagle,242,a finch an ostrich,0
an eagle,242,a finch a penguin,0
an eagle,242,a finch a salmon,0
an eagle,242,a finch a seal,0
an eagle,242,a finch a dolphin,0
an eagle,242,a finch a whale,0
an eagle,242,a robin a chicken,0
an eagle,242,a robin an ostrich,0
an eagle,242,a robin a penguin,0
an eagle,242,a robin a salmon,0
an eagle,242,a robin a seal,0
an eagle,242,a robin a dolphin,0
an eagle,242,a robin a whale,0
an eagle,242,a chicken an ostrich,0
an eagle,242,a chicken a penguin,0
an eagle,242,a chicken a salmon,0
an eagle,242,a chicken a seal,0
an eagle,242,a chicken a dolphin,0
an eagle,242,a chicken a whale,0
an eagle,242,an ostrich a penguin,0
an eagle,242,an ostrich a dolphin,0
an eagle,242,an ostrich a whale,0
an eagle,242,a penguin a salmon,0
an eagle,242,a penguin a seal,0
an eagle,242,a penguin a dolphin,0
an eagle,242,a penguin a whale,0
an eagle,242,a salmon a seal,0
an eagle,242,a salmon a dolphin,0
an eagle,242,a salmon a whale,0
an eagle,242,a seal a dolphin,0
an eagle,242,a seal a whale,0
an eagle,242,a dolphin a whale,0
a seal,243,a finch a robin,0
a seal,243,a finch a chicken,0
a seal,243,a finch an eagle,0
a seal,243,a finch an ostrich,0
a seal,243,a finch a penguin,0
a seal,243,a finch a salmon,0
a seal,243,a finch a dolphin,0
a seal,243,a finch a whale,0
a seal,243,a robin a chicken,0
a seal,243,a robin an eagle,0
a seal,243,a robin a penguin,0
a seal,243,a robin a salmon,0
a seal,243,a robin a dolphin,0
a seal,243,a robin a whale,0
a seal,243,a chicken an eagle,0
a seal,243,a chicken an ostrich,0
a seal,243,a chicken a penguin,0
a seal,243,a chicken a salmon,1
a seal,243,a chicken a dolphin,0
a seal,243,a chicken a whale,0
a seal,243,an eagle an ostrich,0
a seal,243,an eagle a penguin,0
a seal,243,an eagle a salmon,1
a seal,243,an eagle a dolphin,0
a seal,243,an eagle a whale,0
a seal,243,an ostrich a penguin,0
a seal,243,an ostrich a salmon,0
a seal,243,an ostrich a dolphin,0
a seal,243,an ostrich a whale,0
a seal,243,a penguin a salmon,0
a seal,243,a penguin a dolphin,0
a seal,243,a penguin a whale,0
a seal,243,a salmon a dolphin,0
a seal,243,a salmon a whale,0
a seal,243,a dolphin a whale,0
a penguin,244,a finch a robin,0
a penguin,244,a finch a chicken,0
a penguin,244,a finch an eagle,0
a penguin,244,a finch an ostrich,0
a penguin,244,a finch a salmon,0
a penguin,244,a finch a seal,0
a penguin,244,a finch a dolphin,0
a penguin,244,a finch a whale,0
a penguin,244,a robin a chicken,1
a penguin,244,a robin an eagle,0
a penguin,244,a robin an ostrich,0
a penguin,244,a robin a salmon,0
a penguin,244,a robin a seal,1
a penguin,244,a robin a dolphin,0
a penguin,244,a robin a whale,0
a penguin,244,a chicken an eagle,0
a penguin,244,a chicken an ostrich,0
a penguin,244,a chicken a salmon,0
a penguin,244,a chicken a seal,1
a penguin,244,a chicken a dolphin,0
a penguin,244,a chicken a whale,0
a penguin,244,an eagle an ostrich,0
a penguin,244,an eagle a salmon,0
a penguin,244,an eagle a seal,1
a penguin,244,an eagle a dolphin,0
a penguin,244,an eagle a whale,1
a penguin,244,an ostrich a salmon,0
a penguin,244,an ostrich a seal,0
a penguin,244,an ostrich a dolphin,0
a penguin,244,an ostrich a whale,0
a penguin,244,a salmon a seal,1
a penguin,244,a salmon a dolphin,0
a penguin,244,a salmon a whale,1
a penguin,244,a seal a dolphin,0
a penguin,244,a seal a whale,0
a penguin,244,a dolphin a whale,0
a seal,245,a finch a robin,0
a seal,245,a finch a chicken,0
a seal,245,a finch an eagle,0
a seal,245,a finch an ostrich,0
a seal,245,a finch a penguin,0
a seal,245,a finch a salmon,0
a seal,245,a finch a dolphin,0
a seal,245,a finch a whale,0
a seal,245,a robin a chicken,0
a seal,245,a robin an eagle,0
a seal,245,a robin an ostrich,0
a seal,245,a robin a penguin,1
a seal,245,a robin a salmon,0
a seal,245,a robin a dolphin,0
a seal,245,a robin a whale,0
a seal,245,a chicken an eagle,0
a seal,245,a chicken an ostrich,0
a seal,245,a chicken a penguin,0
a seal,245,a chicken a salmon,1
a seal,245,a chicken a dolphin,0
a seal,245,a chicken a whale,0
a seal,245,an eagle an ostrich,0
a seal,245,an eagle a penguin,0
a seal,245,an eagle a salmon,1
a seal,245,an eagle a dolphin,0
a seal,245,an eagle a whale,0
a seal,245,an ostrich a penguin,0
a seal,245,an ostrich a salmon,0
a seal,245,an ostrich a dolphin,0
a seal,245,an ostrich a whale,0
a seal,245,a penguin a salmon,0
a seal,245,a penguin a dolphin,0
a seal,245,a penguin a whale,0
a seal,245,a salmon a dolphin,0
a seal,245,a salmon a whale,0
a seal,245,a dolphin a whale,0
a finch,246,a robin a chicken,0
a finch,246,a robin an eagle,0
a finch,246,a robin an ostrich,0
a finch,246,a robin a penguin,0
a finch,246,a robin a salmon,0
a finch,246,a robin a seal,1
a finch,246,a robin a dolphin,0
a finch,246,a robin a whale,0
a finch,246,a chicken an eagle,0
a finch,246,a chicken an ostrich,0
a finch,246,a chicken a penguin,0
a finch,246,a chicken a salmon,0
a finch,246,a chicken a seal,0
a finch,246,a chicken a dolphin,0
a finch,246,a chicken a whale,0
a finch,246,an eagle an ostrich,0
a finch,246,an eagle a penguin,0
a finch,246,an eagle a salmon,0
a finch,246,an eagle a seal,0
a finch,246,an eagle a dolphin,0
a finch,246,an eagle a whale,0
a finch,246,an ostrich a penguin,0
a finch,246,an ostrich a salmon,0
a finch,246,an ostrich a seal,0
a finch,246,an ostrich a dolphin,0
a finch,246,an ostrich a whale,0
a finch,246,a penguin a salmon,0
a finch,246,a penguin a seal,0
a finch,246,a penguin a dolphin,0
a finch,246,a penguin a whale,0
a finch,246,a salmon a seal,0
a finch,246,a salmon a dolphin,0
a finch,246,a salmon a whale,0
a finch,246,a seal a dolphin,0
a finch,246,a seal a whale,0
a finch,246,a dolphin a whale,0
a seal,247,a finch a robin,0
a seal,247,a finch a chicken,0
a seal,247,a finch an eagle,0
a seal,247,a finch an ostrich,0
a seal,247,a finch a penguin,0
a seal,247,a finch a salmon,0
a seal,247,a finch a dolphin,0
a seal,247,a finch a whale,0
a seal,247,a robin a chicken,0
a seal,247,a robin an eagle,1
a seal,247,a robin an ostrich,0
a seal,247,a robin a penguin,0
a seal,247,a robin a salmon,0
a seal,247,a robin a dolphin,0
a seal,247,a robin a whale,0
a seal,247,a chicken an eagle,0
a seal,247,a chicken an ostrich,0
a seal,247,a chicken a penguin,0
a seal,247,a chicken a salmon,1
a seal,247,a chicken a dolphin,0
a seal,247,a chicken a whale,0
a seal,247,an eagle an ostrich,0
a seal,247,an eagle a penguin,0
a seal,247,an eagle a salmon,0
a seal,247,an eagle a dolphin,0
a seal,247,an eagle a whale,0
a seal,247,an ostrich a penguin,0
a seal,247,an ostrich a salmon,0
a seal,247,an ostrich a dolphin,0
a seal,247,an ostrich a whale,0
a seal,247,a penguin a salmon,0
a seal,247,a penguin a dolphin,0
a seal,247,a penguin a whale,0
a seal,247,a salmon a dolphin,0
a seal,247,a salmon a whale,0
a seal,247,a dolphin a whale,0
an eagle,248,a finch a robin,0
an eagle,248,a finch a chicken,0
an eagle,248,a finch an ostrich,0
an eagle,248,a finch a penguin,0
an eagle,248,a finch a salmon,0
an eagle,248,a finch a seal,0
an eagle,248,a finch a dolphin,0
an eagle,248,a finch a whale,0
an eagle,248,a robin a chicken,0
an eagle,248,a robin an ostrich,0
an eagle,248,a robin a penguin,0
an eagle,248,a robin a salmon,0
an eagle,248,a robin a seal,0
an eagle,248,a robin a dolphin,0
an eagle,248,a robin a whale,0
an eagle,248,a chicken an ostrich,0
an eagle,248,a chicken a penguin,0
an eagle,248,a chicken a salmon,0
an eagle,248,a chicken a seal,0
an eagle,248,a chicken a dolphin,0
an eagle,248,a chicken a whale,0
an eagle,248,an ostrich a penguin,0
an eagle,248,an ostrich a salmon,0
an eagle,248,an ostrich a dolphin,0
an eagle,248,an ostrich a whale,0
an eagle,248,a penguin a salmon,0
an eagle,248,a penguin a seal,0
an eagle,248,a penguin a dolphin,0
an eagle,248,a penguin a whale,0
an eagle,248,a salmon a seal,0
an eagle,248,a salmon a dolphin,0
an eagle,248,a salmon a whale,0
an eagle,248,a seal a dolphin,0
an eagle,248,a seal a whale,0
an eagle,248,a dolphin a whale,0
a finch,249,a robin a chicken,0
a finch,249,a robin an eagle,0
a finch,249,a robin an ostrich,0
a finch,249,a robin a penguin,0
a finch,249,a robin a salmon,0
a finch,249,a robin a seal,0
a finch,249,a robin a dolphin,0
a finch,249,a robin a whale,0
a finch,249,a chicken an eagle,0
a finch,249,a chicken an ostrich,0
a finch,249,a chicken a penguin,0
a finch,249,a chicken a salmon,0
a finch,249,a chicken a seal,0
a finch,249,a chicken a dolphin,0
a finch,249,a chicken a whale,0
a finch,249,an eagle an ostrich,0
a finch,249,an eagle a penguin,0
a finch,249,an eagle a salmon,0
a finch,249,an eagle a seal,0
a finch,249,an eagle a dolphin,0
a finch,249,an eagle a whale,0
a finch,249,an ostrich a penguin,0
a finch,249,an ostrich a salmon,0
a finch,249,an ostrich a seal,0
a finch,249,an ostrich a dolphin,0
a finch,249,an ostrich a whale,0
a finch,249,a penguin a salmon,0
a finch,249,a penguin a seal,0
a finch,249,a penguin a dolphin,0
a finch,249,a penguin a whale,0
a finch,249,a salmon a seal,0
a finch,249,a salmon a dolphin,0
a finch,249,a salmon a whale,0
a finch,249,a seal a dolphin,0
a finch,249,a seal a whale,0
a finch,249,a dolphin a whale,0
a seal,250,a finch a robin,0
a seal,250,a finch a chicken,0
a seal,250,a finch an eagle,0
a seal,250,a finch an ostrich,0
a seal,250,a finch a penguin,0
a seal,250,a finch a salmon,0
a seal,250,a finch a dolphin,0
a seal,250,a finch a whale,0
a seal,250,a robin a chicken,0
a seal,250,a robin an eagle,0
a seal,250,a robin an ostrich,0
a seal,250,a robin a penguin,0
a seal,250,a robin a salmon,0
a seal,250,a robin a dolphin,0
a seal,250,a robin a whale,0
a seal,250,a chicken an eagle,0
a seal,250,a chicken an ostrich,0
a seal,250,a chicken a penguin,0
a seal,250,a chicken a salmon,1
a seal,250,a chicken a dolphin,0
a seal,250,a chicken a whale,0
a seal,250,an eagle an ostrich,0
a seal,250,an eagle a penguin,0
a seal,250,an eagle a salmon,1
a seal,250,an eagle a dolphin,0
a seal,250,an eagle a whale,0
a seal,250,an ostrich a penguin,0
a seal,250,an ostrich a salmon,0
a seal,250,an ostrich a whale,0
a seal,250,a penguin a salmon,0
a seal,250,a penguin a dolphin,0
a seal,250,a penguin a whale,0
a seal,250,a salmon a dolphin,0
a seal,250,a salmon a whale,0
a seal,250,a dolphin a whale,0
an eagle,251,a finch a robin,0
an eagle,251,a finch a chicken,0
an eagle,251,a finch an ostrich,0
an eagle,251,a finch a penguin,0
an eagle,251,a finch a salmon,0
an eagle,251,a finch a seal,0
an eagle,251,a finch a dolphin,0
an eagle,251,a finch a whale,0
an eagle,251,a robin a chicken,0
an eagle,251,a robin an ostrich,0
an eagle,251,a robin a penguin,0
an eagle,251,a robin a salmon,0
an eagle,251,a robin a seal,0
an eagle,251,a robin a dolphin,0
an eagle,251,a robin a whale,0
an eagle,251,a chicken an ostrich,0
an eagle,251,a chicken a penguin,0
an eagle,251,a chicken a salmon,0
an eagle,251,a chicken a seal,0
an eagle,251,a chicken a dolphin,0
an eagle,251,a chicken a whale,0
an eagle,251,an ostrich a penguin,0
an eagle,251,an ostrich a salmon,0
an eagle,251,an ostrich a seal,0
an eagle,251,an ostrich a dolphin,0
an eagle,251,an ostrich a whale,0
an eagle,251,a penguin a salmon,0
an eagle,251,a penguin a seal,0
an eagle,251,a penguin a whale,0
an eagle,251,a salmon a seal,0
an eagle,251,a salmon a whale,0
an eagle,251,a seal a dolphin,0
an eagle,251,a seal a whale,0
a penguin,252,a finch a robin,0
a penguin,252,a finch a chicken,0
a penguin,252,a finch an eagle,0
a penguin,252,a finch an ostrich,0
a penguin,252,a finch a salmon,0
a penguin,252,a finch a seal,0
a penguin,252,a finch a dolphin,0
a penguin,252,a finch a whale,0
a penguin,252,a robin a chicken,0
a penguin,252,a robin an eagle,0
a penguin,252,a robin an ostrich,0
a penguin,252,a robin a salmon,1
a penguin,252,a robin a seal,0
a penguin,252,a robin a dolphin,0
a penguin,252,a robin a whale,0
a penguin,252,a chicken an eagle,0
a penguin,252,a chicken an ostrich,0
a penguin,252,a chicken a salmon,0
a penguin,252,a chicken a seal,1
a penguin,252,a chicken a dolphin,0
a penguin,252,a chicken a whale,0
a penguin,252,an eagle an ostrich,0
a penguin,252,an eagle a salmon,1
a penguin,252,an eagle a seal,1
a penguin,252,an eagle a dolphin,1
a penguin,252,an eagle a whale,1
a penguin,252,an ostrich a salmon,0
a penguin,252,an ostrich a seal,1
a penguin,252,an ostrich a dolphin,1
a penguin,252,an ostrich a whale,0
a penguin,252,a salmon a seal,0
a penguin,252,a salmon a dolphin,0
a penguin,252,a salmon a whale,1
a penguin,252,a seal a dolphin,0
a penguin,252,a seal a whale,0
a penguin,252,a dolphin a whale,0
a seal,253,a finch a robin,0
a seal,253,a finch a chicken,0
a seal,253,a finch an eagle,0
a seal,253,a finch an ostrich,0
a seal,253,a finch a penguin,0
a seal,253,a finch a salmon,0
a seal,253,a finch a dolphin,0
a seal,253,a finch a whale,0
a seal,253,a robin a chicken,0
a seal,253,a robin an eagle,0
a seal,253,a robin an ostrich,0
a seal,253,a robin a penguin,0
a seal,253,a robin a salmon,0
a seal,253,a robin a dolphin,0
a seal,253,a robin a whale,0
a seal,253,a chicken an eagle,0
a seal,253,a chicken an ostrich,0
a seal,253,a chicken a penguin,0
a seal,253,a chicken a salmon,1
a seal,253,a chicken a dolphin,0
a seal,253,a chicken a whale,0
a seal,253,an eagle an ostrich,0
a seal,253,an eagle a penguin,0
a seal,253,an eagle a salmon,1
a seal,253,an eagle a dolphin,1
a seal,253,an eagle a whale,0
a seal,253,an ostrich a penguin,0
a seal,253,an ostrich a salmon,0
a seal,253,an ostrich a dolphin,0
a seal,253,an ostrich a whale,0
a seal,253,a penguin a salmon,0
a seal,253,a penguin a dolphin,0
a seal,253,a penguin a whale,0
a seal,253,a salmon a whale,0
a seal,253,a dolphin a whale,0
an eagle,254,a finch a robin,0
an eagle,254,a finch a chicken,0
an eagle,254,a finch an ostrich,0
an eagle,254,a finch a penguin,0
an eagle,254,a finch a salmon,0
an eagle,254,a finch a seal,0
an eagle,254,a finch a dolphin,0
an eagle,254,a finch a whale,0
an eagle,254,a robin a chicken,0
an eagle,254,a robin an ostrich,0
an eagle,254,a robin a penguin,0
an eagle,254,a robin a salmon,0
an eagle,254,a robin a seal,0
an eagle,254,a robin a dolphin,0
an eagle,254,a robin a whale,0
an eagle,254,a chicken an ostrich,0
an eagle,254,a chicken a penguin,0
an eagle,254,a chicken a salmon,0
an eagle,254,a chicken a seal,0
an eagle,254,a chicken a dolphin,0
an eagle,254,a chicken a whale,0
an eagle,254,an ostrich a penguin,0
an eagle,254,an ostrich a salmon,0
an eagle,254,an ostrich a seal,0
an eagle,254,an ostrich a dolphin,0
an eagle,254,an ostrich a whale,0
an eagle,254,a penguin a salmon,0
an eagle,254,a penguin a seal,0
an eagle,254,a penguin a whale,0
an eagle,254,a salmon a dolphin,0
an eagle,254,a salmon a whale,0
an eagle,254,a seal a dolphin,0
an eagle,254,a dolphin a whale,0
a chicken,255,a finch a robin,0
a chicken,255,a finch an eagle,0
a chicken,255,a finch an ostrich,0
a chicken,255,a finch a penguin,0
a chicken,255,a finch a salmon,0
a chicken,255,a finch a seal,0
a chicken,255,a finch a dolphin,0
a chicken,255,a finch a whale,0
a chicken,255,a robin an eagle,0
a chicken,255,a robin an ostrich,0
a chicken,255,a robin a penguin,0
a chicken,255,a robin a salmon,0
a chicken,255,a robin a seal,0
a chicken,255,a robin a dolphin,0
a chicken,255,a robin a whale,0
a chicken,255,an eagle an ostrich,0
a chicken,255,an eagle a penguin,0
a chicken,255,an eagle a salmon,0
a chicken,255,an eagle a seal,0
a chicken,255,an eagle a dolphin,0
a chicken,255,an eagle a whale,0
a chicken,255,an ostrich a penguin,0
a chicken,255,an ostrich a salmon,0
a chicken,255,an ostrich a seal,0
a chicken,255,an ostrich a dolphin,0
a chicken,255,an ostrich a whale,0
a chicken,255,a penguin a salmon,0
a chicken,255,a penguin a seal,0
a chicken,255,a penguin a dolphin,0
a chicken,255,a penguin a whale,0
a chicken,255,a salmon a seal,0
a chicken,255,a salmon a whale,0
a chicken,255,a seal a dolphin,0
a chicken,255,a seal a whale,0
a chicken,255,a dolphin a whale,0
a dolphin,256,a finch a robin,0
a dolphin,256,a finch a chicken,1
a dolphin,256,a finch an eagle,0
a dolphin,256,a finch an ostrich,0
a dolphin,256,a finch a penguin,0
a dolphin,256,a finch a salmon,0
a dolphin,256,a finch a seal,1
a dolphin,256,a finch a whale,0
a dolphin,256,a robin a chicken,1
a dolphin,256,a robin an eagle,0
a dolphin,256,a robin an ostrich,0
a dolphin,256,a robin a penguin,0
a dolphin,256,a robin a seal,0
a dolphin,256,a robin a whale,0
a dolphin,256,a chicken an eagle,0
a dolphin,256,a chicken an ostrich,0
a dolphin,256,a chicken a penguin,0
a dolphin,256,a chicken a salmon,0
a dolphin,256,a chicken a seal,0
a dolphin,256,a chicken a whale,0
a dolphin,256,an eagle an ostrich,0
a dolphin,256,an eagle a penguin,0
a dolphin,256,an eagle a salmon,1
a dolphin,256,an eagle a seal,1
a dolphin,256,an eagle a whale,1
a dolphin,256,an ostrich a penguin,0
a dolphin,256,an ostrich a salmon,0
a dolphin,256,an ostrich a seal,0
a dolphin,256,an ostrich a whale,0
a dolphin,256,a penguin a salmon,0
a dolphin,256,a penguin a seal,0
a dolphin,256,a penguin a whale,0
a dolphin,256,a salmon a seal,1
a dolphin,256,a salmon a whale,0
a dolphin,256,a seal a whale,0
a chicken,257,a finch an eagle,0
a chicken,257,a finch an ostrich,0
a chicken,257,a finch a penguin,0
a chicken,257,a finch a salmon,0
a chicken,257,a finch a seal,0
a chicken,257,a finch a dolphin,0
a chicken,257,a finch a whale,0
a chicken,257,a robin an eagle,0
a chicken,257,a robin an ostrich,0
a chicken,257,a robin a penguin,0
a chicken,257,a robin a salmon,0
a chicken,257,a robin a seal,0
a chicken,257,a robin a dolphin,0
a chicken,257,a robin a whale,0
a chicken,257,an eagle an ostrich,0
a chicken,257,an eagle a penguin,0
a chicken,257,an eagle a salmon,0
a chicken,257,an eagle a seal,0
a chicken,257,an eagle a dolphin,0
a chicken,257,an eagle a whale,0
a chicken,257,an ostrich a penguin,0
a chicken,257,an ostrich a salmon,0
a chicken,257,an ostrich a seal,0
a chicken,257,an ostrich a dolphin,0
a chicken,257,an ostrich a whale,0
a chicken,257,a penguin a salmon,0
a chicken,257,a penguin a seal,0
a chicken,257,a penguin a dolphin,0
a chicken,257,a penguin a whale,0
a chicken,257,a salmon a seal,0
a chicken,257,a salmon a dolphin,0
a chicken,257,a salmon a whale,0
a chicken,257,a seal a dolphin,0
a chicken,257,a seal a whale,0
a chicken,257,a dolphin a whale,0
a dolphin,258,a finch a robin,0
a dolphin,258,a finch a chicken,1
a dolphin,258,a finch an eagle,0
a dolphin,258,a finch an ostrich,0
a dolphin,258,a finch a penguin,0
a dolphin,258,a finch a salmon,0
a dolphin,258,a finch a seal,1
a dolphin,258,a finch a whale,0
a dolphin,258,a robin a chicken,0
a dolphin,258,a robin an eagle,0
a dolphin,258,a robin an ostrich,0
a dolphin,258,a robin a penguin,0
a dolphin,258,a robin a salmon,0
a dolphin,258,a robin a seal,1
a dolphin,258,a robin a whale,0
a dolphin,258,a chicken an eagle,0
a dolphin,258,a chicken an ostrich,0
a dolphin,258,a chicken a penguin,0
a dolphin,258,a chicken a salmon,0
a dolphin,258,a chicken a seal,1
a dolphin,258,a chicken a whale,0
a dolphin,258,an eagle an ostrich,0
a dolphin,258,an eagle a penguin,0
a dolphin,258,an eagle a salmon,0
a dolphin,258,an eagle a seal,1
a dolphin,258,an eagle a whale,0
a dolphin,258,an ostrich a penguin,0
a dolphin,258,an ostrich a salmon,0
a dolphin,258,an ostrich a seal,1
a dolphin,258,an ostrich a whale,0
a dolphin,258,a penguin a salmon,0
a dolphin,258,a penguin a seal,1
a dolphin,258,a penguin a whale,1
a dolphin,258,a salmon a seal,1
a dolphin,258,a salmon a whale,0
a dolphin,258,a seal a whale,0
a robin,259,a finch a chicken,0
a robin,259,a finch an eagle,0
a robin,259,a finch an ostrich,0
a robin,259,a finch a penguin,0
a robin,259,a finch a salmon,0
a robin,259,a finch a seal,0
a robin,259,a finch a dolphin,0
a robin,259,a finch a whale,0
a robin,259,a chicken an eagle,0
a robin,259,a chicken an ostrich,0
a robin,259,a chicken a penguin,0
a robin,259,a chicken a salmon,0
a robin,259,a chicken a seal,0
a robin,259,a chicken a dolphin,0
a robin,259,a chicken a whale,0
a robin,259,an eagle an ostrich,0
a robin,259,an eagle a penguin,0
a robin,259,an eagle a salmon,0
a robin,259,an eagle a seal,0
a robin,259,an eagle a dolphin,0
a robin,259,an eagle a whale,0
a robin,259,an ostrich a penguin,0
a robin,259,an ostrich a seal,0
a robin,259,an ostrich a dolphin,0
a robin,259,an ostrich a whale,0
a robin,259,a penguin a salmon,0
a robin,259,a penguin a seal,0
a robin,259,a penguin a dolphin,0
a robin,259,a penguin a whale,0
a robin,259,a salmon a seal,0
a robin,259,a salmon a dolphin,0
a robin,259,a salmon a whale,0
a robin,259,a seal a dolphin,0
a robin,259,a seal a whale,0
a robin,259,a dolphin a whale,0
a robin,260,a finch a chicken,0
a robin,260,a finch an eagle,0
a robin,260,a finch an ostrich,0
a robin,260,a finch a penguin,0
a robin,260,a finch a salmon,0
a robin,260,a finch a seal,0
a robin,260,a finch a dolphin,0
a robin,260,a finch a whale,0
a robin,260,a chicken an eagle,0
a robin,260,a chicken an ostrich,0
a robin,260,a chicken a penguin,0
a robin,260,a chicken a salmon,0
a robin,260,a chicken a seal,0
a robin,260,a chicken a dolphin,0
a robin,260,a chicken a whale,0
a robin,260,an eagle an ostrich,0
a robin,260,an eagle a penguin,0
a robin,260,an eagle a salmon,0
a robin,260,an eagle a seal,0
a robin,260,an eagle a dolphin,0
a robin,260,an eagle a whale,0
a robin,260,an ostrich a penguin,0
a robin,260,an ostrich a salmon,0
a robin,260,an ostrich a seal,0
a robin,260,an ostrich a dolphin,0
a robin,260,an ostrich a whale,0
a robin,260,a penguin a salmon,0
a robin,260,a penguin a seal,0
a robin,260,a penguin a dolphin,0
a robin,260,a penguin a whale,0
a robin,260,a salmon a seal,0
a robin,260,a salmon a dolphin,0
a robin,260,a salmon a whale,0
a robin,260,a seal a dolphin,0
a robin,260,a seal a whale,0
a robin,260,a dolphin a whale,0
a robin,261,a finch a chicken,1
a robin,261,a finch an eagle,0
a robin,261,a finch an ostrich,0
a robin,261,a finch a penguin,0
a robin,261,a finch a salmon,0
a robin,261,a finch a seal,0
a robin,261,a finch a dolphin,0
a robin,261,a finch a whale,0
a robin,261,a chicken an eagle,0
a robin,261,a chicken an ostrich,0
a robin,261,a chicken a penguin,0
a robin,261,a chicken a salmon,0
a robin,261,a chicken a seal,0
a robin,261,a chicken a dolphin,0
a robin,261,a chicken a whale,0
a robin,261,an eagle an ostrich,0
a robin,261,an eagle a penguin,0
a robin,261,an eagle a salmon,0
a robin,261,an eagle a seal,0
a robin,261,an eagle a dolphin,0
a robin,261,an eagle a whale,0
a robin,261,an ostrich a penguin,0
a robin,261,an ostrich a salmon,0
a robin,261,an ostrich a seal,0
a robin,261,an ostrich a dolphin,0
a robin,261,an ostrich a whale,0
a robin,261,a penguin a salmon,0
a robin,261,a penguin a seal,0
a robin,261,a penguin a dolphin,0
a robin,261,a penguin a whale,0
a robin,261,a salmon a seal,0
a robin,261,a salmon a dolphin,0
a robin,261,a salmon a whale,0
a robin,261,a seal a dolphin,0
a robin,261,a seal a whale,0
a robin,261,a dolphin a whale,0
a penguin,262,a finch a robin,0
a penguin,262,a finch a chicken,0
a penguin,262,a finch an eagle,0
a penguin,262,a finch an ostrich,0
a penguin,262,a finch a salmon,0
a penguin,262,a finch a seal,0
a penguin,262,a finch a dolphin,0
a penguin,262,a finch a whale,0
a penguin,262,a robin a chicken,0
a penguin,262,a robin an eagle,0
a penguin,262,a robin an ostrich,0
a penguin,262,a robin a salmon,0
a penguin,262,a robin a seal,0
a penguin,262,a robin a dolphin,0
a penguin,262,a robin a whale,0
a penguin,262,a chicken an eagle,0
a penguin,262,a chicken an ostrich,0
a penguin,262,a chicken a salmon,0
a penguin,262,a chicken a seal,1
a penguin,262,a chicken a dolphin,0
a penguin,262,a chicken a whale,0
a penguin,262,an eagle an ostrich,0
a penguin,262,an eagle a salmon,0
a penguin,262,an eagle a seal,1
a penguin,262,an eagle a dolphin,0
a penguin,262,an eagle a whale,0
a penguin,262,an ostrich a salmon,0
a penguin,262,an ostrich a seal,1
a penguin,262,an ostrich a dolphin,0
a penguin,262,an ostrich a whale,1
a penguin,262,a salmon a seal,1
a penguin,262,a salmon a dolphin,0
a penguin,262,a salmon a whale,1
a penguin,262,a seal a dolphin,0
a penguin,262,a seal a whale,0
a penguin,262,a dolphin a whale,0
a chicken,263,a finch a robin,0
a chicken,263,a finch an eagle,0
a chicken,263,a finch an ostrich,0
a chicken,263,a finch a penguin,0
a chicken,263,a finch a salmon,0
a chicken,263,a finch a seal,0
a chicken,263,a finch a dolphin,0
a chicken,263,a finch a whale,0
a chicken,263,a robin an eagle,0
a chicken,263,a robin an ostrich,0
a chicken,263,a robin a penguin,0
a chicken,263,a robin a salmon,0
a chicken,263,a robin a seal,0
a chicken,263,a robin a dolphin,0
a chicken,263,a robin a whale,0
a chicken,263,an eagle an ostrich,0
a chicken,263,an eagle a penguin,0
a chicken,263,an eagle a salmon,0
a chicken,263,an eagle a seal,0
a chicken,263,an eagle a dolphin,0
a chicken,263,an eagle a whale,0
a chicken,263,an ostrich a penguin,0
a chicken,263,an ostrich a salmon,0
a chicken,263,an ostrich a seal,0
a chicken,263,an ostrich a dolphin,0
a chicken,263,an ostrich a whale,0
a chicken,263,a penguin a salmon,0
a chicken,263,a penguin a seal,0
a chicken,263,a penguin a dolphin,0
a chicken,263,a penguin a whale,0
a chicken,263,a salmon a seal,0
a chicken,263,a salmon a dolphin,0
a chicken,263,a salmon a whale,0
a chicken,263,a seal a dolphin,0
a chicken,263,a seal a whale,0
a chicken,263,a dolphin a whale,0
a dolphin,264,a finch a robin,0
a dolphin,264,a finch a chicken,0
a dolphin,264,a finch an eagle,0
a dolphin,264,a finch an ostrich,0
a dolphin,264,a finch a penguin,0
a dolphin,264,a finch a salmon,0
a dolphin,264,a finch a seal,0
a dolphin,264,a finch a whale,0
a dolphin,264,a robin a chicken,0
a dolphin,264,a robin an eagle,0
a dolphin,264,a robin an ostrich,1
a dolphin,264,a robin a penguin,0
a dolphin,264,a robin a salmon,0
a dolphin,264,a robin a seal,0
a dolphin,264,a robin a whale,0
a dolphin,264,a chicken an eagle,0
a dolphin,264,a chicken an ostrich,0
a dolphin,264,a chicken a penguin,0
a dolphin,264,a chicken a salmon,0
a dolphin,264,a chicken a seal,0
a dolphin,264,a chicken a whale,0
a dolphin,264,an eagle an ostrich,0
a dolphin,264,an eagle a penguin,0
a dolphin,264,an eagle a salmon,1
a dolphin,264,an eagle a seal,1
a dolphin,264,an eagle a whale,1
a dolphin,264,an ostrich a penguin,0
a dolphin,264,an ostrich a salmon,0
a dolphin,264,an ostrich a seal,0
a dolphin,264,an ostrich a whale,1
a dolphin,264,a penguin a salmon,0
a dolphin,264,a penguin a seal,0
a dolphin,264,a penguin a whale,0
a dolphin,264,a salmon a seal,0
a dolphin,264,a salmon a whale,0
a dolphin,264,a seal a whale,0
an eagle,265,a finch a robin,0
an eagle,265,a finch a chicken,0
an eagle,265,a finch an ostrich,0
an eagle,265,a finch a penguin,0
an eagle,265,a finch a salmon,0
an eagle,265,a finch a seal,0
an eagle,265,a finch a dolphin,0
an eagle,265,a finch a whale,0
an eagle,265,a robin a chicken,0
an eagle,265,a robin an ostrich,0
an eagle,265,a robin a penguin,0
an eagle,265,a robin a salmon,0
an eagle,265,a robin a seal,0
an eagle,265,a robin a dolphin,0
an eagle,265,a robin a whale,0
an eagle,265,a chicken an ostrich,0
an eagle,265,a chicken a penguin,0
an eagle,265,a chicken a salmon,0
an eagle,265,a chicken a seal,0
an eagle,265,a chicken a dolphin,0
an eagle,265,a chicken a whale,0
an eagle,265,an ostrich a salmon,0
an eagle,265,an ostrich a seal,0
an eagle,265,an ostrich a dolphin,0
an eagle,265,an ostrich a whale,0
an eagle,265,a penguin a salmon,0
an eagle,265,a penguin a dolphin,0
an eagle,265,a penguin a whale,0
an eagle,265,a salmon a seal,0
an eagle,265,a salmon a dolphin,0
an eagle,265,a salmon a whale,0
an eagle,265,a seal a dolphin,0
an eagle,265,a seal a whale,0
an eagle,265,a dolphin a whale,0
a finch,266,a robin a chicken,1
a finch,266,a robin an eagle,0
a finch,266,a robin an ostrich,0
a finch,266,a robin a penguin,0
a finch,266,a robin a salmon,0
a finch,266,a robin a seal,0
a finch,266,a robin a dolphin,0
a finch,266,a robin a whale,0
a finch,266,a chicken an eagle,0
a finch,266,a chicken an ostrich,0
a finch,266,a chicken a penguin,0
a finch,266,a chicken a salmon,0
a finch,266,a chicken a seal,0
a finch,266,a chicken a dolphin,0
a finch,266,a chicken a whale,0
a finch,266,an eagle an ostrich,0
a finch,266,an eagle a penguin,0
a finch,266,an eagle a salmon,0
a finch,266,an eagle a seal,0
a finch,266,an eagle a dolphin,0
a finch,266,an eagle a whale,0
a finch,266,an ostrich a penguin,0
a finch,266,an ostrich a salmon,0
a finch,266,an ostrich a seal,0
a finch,266,an ostrich a dolphin,0
a finch,266,an ostrich a whale,0
a finch,266,a penguin a salmon,0
a finch,266,a penguin a seal,0
a finch,266,a penguin a dolphin,0
a finch,266,a penguin a whale,0
a finch,266,a salmon a seal,0
a finch,266,a salmon a dolphin,0
a finch,266,a salmon a whale,0
a finch,266,a seal a dolphin,0
a finch,266,a seal a whale,0
a finch,266,a dolphin a whale,0
an eagle,267,a finch a robin,0
an eagle,267,a finch a chicken,0
an eagle,267,a finch an ostrich,0
an eagle,267,a finch a penguin,0
an eagle,267,a finch a salmon,0
an eagle,267,a finch a seal,0
an eagle,267,a finch a dolphin,0
an eagle,267,a finch a whale,0
an eagle,267,a robin a chicken,0
an eagle,267,a robin an ostrich,0
an eagle,267,a robin a penguin,0
an eagle,267,a robin a salmon,0
an eagle,267,a robin a seal,0
an eagle,267,a robin a dolphin,0
an eagle,267,a robin a whale,1
an eagle,267,a chicken an ostrich,0
an eagle,267,a chicken a penguin,0
an eagle,267,a chicken a salmon,0
an eagle,267,a chicken a seal,0
an eagle,267,a chicken a dolphin,0
an eagle,267,a chicken a whale,0
an eagle,267,an ostrich a penguin,0
an eagle,267,an ostrich a salmon,0
an eagle,267,an ostrich a dolphin,0
an eagle,267,an ostrich a whale,0
an eagle,267,a penguin a salmon,0
an eagle,267,a penguin a seal,0
an eagle,267,a penguin a dolphin,0
an eagle,267,a salmon a seal,0
an eagle,267,a salmon a dolphin,0
an eagle,267,a salmon a whale,0
an eagle,267,a seal a dolphin,0
an eagle,267,a seal a whale,0
an eagle,267,a dolphin a whale,0
a finch,268,a robin a chicken,0
a finch,268,a robin an eagle,0
a finch,268,a robin an ostrich,0
a finch,268,a robin a penguin,0
a finch,268,a robin a salmon,0
a finch,268,a robin a seal,0
a finch,268,a robin a dolphin,0
a finch,268,a robin a whale,0
a finch,268,a chicken an eagle,0
a finch,268,a chicken an ostrich,0
a finch,268,a chicken a penguin,0
a finch,268,a chicken a salmon,0
a finch,268,a chicken a seal,0
a finch,268,a chicken a dolphin,0
a finch,268,a chicken a whale,0
a finch,268,an eagle an ostrich,0
a finch,268,an eagle a penguin,0
a finch,268,an eagle a salmon,0
a finch,268,an eagle a seal,0
a finch,268,an eagle a whale,0
a finch,268,an ostrich a seal,0
a finch,268,an ostrich a dolphin,0
a finch,268,an ostrich a whale,0
a finch,268,a penguin a salmon,0
a finch,268,a penguin a seal,0
a finch,268,a penguin a dolphin,0
a finch,268,a penguin a whale,0
a finch,268,a salmon a seal,0
a finch,268,a salmon a dolphin,0
a finch,268,a salmon a whale,0
a finch,268,a seal a dolphin,0
a finch,268,a seal a whale,0
a finch,268,a dolphin a whale,0
an ostrich,269,a finch a robin,0
an ostrich,269,a finch a chicken,0
an ostrich,269,a finch an eagle,0
an ostrich,269,a finch a penguin,0
an ostrich,269,a finch a salmon,0
an ostrich,269,a finch a seal,0
an ostrich,269,a finch a dolphin,0
an ostrich,269,a finch a whale,0
an ostrich,269,a robin a chicken,0
an ostrich,269,a robin an eagle,1
an ostrich,269,a robin a penguin,0
an ostrich,269,a robin a salmon,0
an ostrich,269,a robin a seal,0
an ostrich,269,a robin a dolphin,0
an ostrich,269,a robin a whale,0
an ostrich,269,a chicken an eagle,0
an ostrich,269,a chicken a penguin,0
an ostrich,269,a chicken a salmon,0
an ostrich,269,a chicken a seal,0
an ostrich,269,a chicken a dolphin,0
an ostrich,269,a chicken a whale,0
an ostrich,269,an eagle a penguin,0
an ostrich,269,an eagle a salmon,0
an ostrich,269,an eagle a seal,1
an ostrich,269,an eagle a whale,0
an ostrich,269,a penguin a salmon,0
an ostrich,269,a penguin a seal,0
an ostrich,269,a penguin a whale,0
an ostrich,269,a salmon a seal,0
an ostrich,269,a salmon a dolphin,0
an ostrich,269,a salmon a whale,0
an ostrich,269,a seal a whale,0
an ostrich,269,a dolphin a whale,0
an eagle,270,a finch a robin,0
an eagle,270,a finch a chicken,0
an eagle,270,a finch an ostrich,0
an eagle,270,a finch a penguin,0
an eagle,270,a finch a salmon,0
an eagle,270,a finch a seal,0
an eagle,270,a finch a dolphin,0
an eagle,270,a finch a whale,0
an eagle,270,a robin a chicken,0
an eagle,270,a robin an ostrich,0
an eagle,270,a robin a penguin,0
an eagle,270,a robin a salmon,0
an eagle,270,a robin a seal,0
an eagle,270,a robin a dolphin,0
an eagle,270,a robin a whale,0
an eagle,270,a chicken an ostrich,0
an eagle,270,a chicken a penguin,0
an eagle,270,a chicken a salmon,0
an eagle,270,a chicken a seal,0
an eagle,270,a chicken a dolphin,0
an eagle,270,a chicken a whale,0
an eagle,270,an ostrich a penguin,0
an eagle,270,an ostrich a salmon,0
an eagle,270,an ostrich a dolphin,0
an eagle,270,an ostrich a whale,0
an eagle,270,a penguin a salmon,0
an eagle,270,a penguin a dolphin,0
an eagle,270,a penguin a whale,0
an eagle,270,a salmon a seal,0
an eagle,270,a salmon a dolphin,0
an eagle,270,a salmon a whale,0
an eagle,270,a seal a whale,0
an eagle,270,a dolphin a whale,0
a seal,271,a finch a robin,0
a seal,271,a finch a chicken,0
a seal,271,a finch an eagle,0
a seal,271,a finch an ostrich,0
a seal,271,a finch a penguin,0
a seal,271,a finch a salmon,0
a seal,271,a finch a dolphin,0
a seal,271,a finch a whale,0
a seal,271,a robin a chicken,0
a seal,271,a robin an eagle,0
a seal,271,a robin an ostrich,0
a seal,271,a robin a penguin,0
a seal,271,a robin a salmon,0
a seal,271,a robin a dolphin,0
a seal,271,a robin a whale,0
a seal,271,a chicken an eagle,0
a seal,271,a chicken an ostrich,0
a seal,271,a chicken a penguin,0
a seal,271,a chicken a salmon,0
a seal,271,a chicken a dolphin,0
a seal,271,a chicken a whale,0
a seal,271,an eagle an ostrich,0
a seal,271,an eagle a penguin,0
a seal,271,an eagle a salmon,0
a seal,271,an eagle a dolphin,0
a seal,271,an eagle a whale,0
a seal,271,an ostrich a penguin,0
a seal,271,an ostrich a salmon,0
a seal,271,an ostrich a whale,1
a seal,271,a penguin a salmon,0
a seal,271,a penguin a dolphin,0
a seal,271,a penguin a whale,0
a seal,271,a salmon a dolphin,0
a seal,271,a salmon a whale,0
a seal,271,a dolphin a whale,0
a seal,272,a finch a robin,0
a seal,272,a finch a chicken,0
a seal,272,a finch an eagle,0
a seal,272,a finch an ostrich,0
a seal,272,a finch a penguin,0
a seal,272,a finch a salmon,0
a seal,272,a finch a dolphin,0
a seal,272,a finch a whale,0
a seal,272,a robin a chicken,0
a seal,272,a robin an eagle,0
a seal,272,a robin an ostrich,0
a seal,272,a robin a penguin,0
a seal,272,a robin a salmon,0
a seal,272,a robin a dolphin,0
a seal,272,a robin a whale,0
a seal,272,a chicken an eagle,0
a seal,272,a chicken an ostrich,0
a seal,272,a chicken a penguin,0
a seal,272,a chicken a salmon,1
a seal,272,a chicken a dolphin,0
a seal,272,a chicken a whale,0
a seal,272,an eagle an ostrich,0
a seal,272,an eagle a penguin,0
a seal,272,an eagle a salmon,0
a seal,272,an eagle a dolphin,0
a seal,272,an eagle a whale,0
a seal,272,an ostrich a penguin,0
a seal,272,an ostrich a salmon,0
a seal,272,an ostrich a dolphin,0
a seal,272,an ostrich a whale,0
a seal,272,a penguin a salmon,0
a seal,272,a penguin a whale,0
a seal,272,a salmon a dolphin,0
a seal,272,a salmon a whale,0
a seal,272,a dolphin a whale,0
a salmon,273,a finch a robin,0
a salmon,273,a finch a chicken,1
a salmon,273,a finch an eagle,0
a salmon,273,a finch an ostrich,0
a salmon,273,a finch a penguin,0
a salmon,273,a finch a seal,0
a salmon,273,a finch a dolphin,0
a salmon,273,a finch a whale,0
a salmon,273,a robin a chicken,0
a salmon,273,a robin an eagle,1
a salmon,273,a robin an ostrich,0
a salmon,273,a robin a penguin,0
a salmon,273,a robin a seal,1
a salmon,273,a robin a dolphin,0
a salmon,273,a robin a whale,0
a salmon,273,a chicken an eagle,0
a salmon,273,a chicken an ostrich,0
a salmon,273,a chicken a penguin,0
a salmon,273,a chicken a seal,1
a salmon,273,a chicken a dolphin,0
a salmon,273,a chicken a whale,0
a salmon,273,an eagle an ostrich,0
a salmon,273,an eagle a penguin,0
a salmon,273,an eagle a seal,0
a salmon,273,an eagle a dolphin,0
a salmon,273,an eagle a whale,0
a salmon,273,an ostrich a penguin,0
a salmon,273,an ostrich a seal,0
a salmon,273,an ostrich a dolphin,0
a salmon,273,an ostrich a whale,0
a salmon,273,a penguin a seal,0
a salmon,273,a penguin a dolphin,0
a salmon,273,a penguin a whale,1
a salmon,273,a seal a dolphin,0
a salmon,273,a seal a whale,0
a salmon,273,a dolphin a whale,0
a chicken,274,a finch a robin,0
a chicken,274,a finch an eagle,0
a chicken,274,a finch an ostrich,0
a chicken,274,a finch a penguin,0
a chicken,274,a finch a salmon,0
a chicken,274,a finch a seal,0
a chicken,274,a finch a dolphin,0
a chicken,274,a finch a whale,0
a chicken,274,a robin an eagle,0
a chicken,274,a robin an ostrich,0
a chicken,274,a robin a penguin,0
a chicken,274,a robin a salmon,0
a chicken,274,a robin a seal,0
a chicken,274,a robin a dolphin,0
a chicken,274,a robin a whale,0
a chicken,274,an eagle an ostrich,1
a chicken,274,an eagle a penguin,0
a chicken,274,an eagle a salmon,0
a chicken,274,an eagle a seal,0
a chicken,274,an eagle a dolphin,0
a chicken,274,an eagle a whale,0
a chicken,274,an ostrich a penguin,0
a chicken,274,an ostrich a salmon,0
a chicken,274,an ostrich a seal,0
a chicken,274,an ostrich a dolphin,0
a chicken,274,an ostrich a whale,0
a chicken,274,a penguin a salmon,0
a chicken,274,a penguin a seal,0
a chicken,274,a penguin a dolphin,0
a chicken,274,a penguin a whale,0
a chicken,274,a salmon a seal,0
a chicken,274,a salmon a dolphin,0
a chicken,274,a salmon a whale,0
a chicken,274,a seal a dolphin,0
a chicken,274,a seal a whale,0
a chicken,274,a dolphin a whale,0
a finch,275,a robin a chicken,0
a finch,275,a robin an eagle,0
a finch,275,a robin an ostrich,0
a finch,275,a robin a penguin,0
a finch,275,a robin a salmon,0
a finch,275,a robin a seal,0
a finch,275,a robin a dolphin,0
a finch,275,a robin a whale,0
a finch,275,a chicken an eagle,0
a finch,275,a chicken an ostrich,0
a finch,275,a chicken a penguin,0
a finch,275,a chicken a seal,0
a finch,275,a chicken a dolphin,0
a finch,275,a chicken a whale,0
a finch,275,an eagle an ostrich,0
a finch,275,an eagle a penguin,0
a finch,275,an eagle a salmon,0
a finch,275,an eagle a seal,0
a finch,275,an eagle a dolphin,0
a finch,275,an eagle a whale,0
a finch,275,an ostrich a penguin,0
a finch,275,an ostrich a salmon,0
a finch,275,an ostrich a seal,0
a finch,275,an ostrich a dolphin,0
a finch,275,an ostrich a whale,0
a finch,275,a penguin a salmon,0
a finch,275,a penguin a seal,0
a finch,275,a penguin a dolphin,0
a finch,275,a penguin a whale,0
a finch,275,a salmon a seal,0
a finch,275,a salmon a dolphin,0
a finch,275,a salmon a whale,0
a finch,275,a seal a dolphin,0
a finch,275,a seal a whale,0
a finch,275,a dolphin a whale,0
a finch,276,a robin a chicken,0
a finch,276,a robin an eagle,0
a finch,276,a robin an ostrich,0
a finch,276,a robin a penguin,0
a finch,276,a robin a salmon,1
a finch,276,a robin a seal,0
a finch,276,a robin a dolphin,0
a finch,276,a robin a whale,0
a finch,276,a chicken an eagle,0
a finch,276,a chicken an ostrich,0
a finch,276,a chicken a penguin,0
a finch,276,a chicken a salmon,0
a finch,276,a chicken a seal,0
a finch,276,a chicken a dolphin,0
a finch,276,a chicken a whale,0
a finch,276,an eagle an ostrich,0
a finch,276,an eagle a penguin,0
a finch,276,an eagle a salmon,0
a finch,276,an eagle a seal,0
a finch,276,an eagle a dolphin,0
a finch,276,an eagle a whale,0
a finch,276,an ostrich a penguin,0
a finch,276,an ostrich a salmon,0
a finch,276,an ostrich a seal,0
a finch,276,an ostrich a dolphin,0
a finch,276,an ostrich a whale,0
a finch,276,a penguin a salmon,0
a finch,276,a penguin a seal,0
a finch,276,a penguin a dolphin,0
a finch,276,a penguin a whale,0
a finch,276,a salmon a seal,0
a finch,276,a salmon a dolphin,0
a finch,276,a salmon a whale,0
a finch,276,a seal a dolphin,0
a finch,276,a seal a whale,0
a finch,276,a dolphin a whale,0
a chicken,277,a finch a robin,0
a chicken,277,a finch an eagle,0
a chicken,277,a finch an ostrich,0
a chicken,277,a finch a penguin,0
a chicken,277,a finch a salmon,0
a chicken,277,a finch a seal,0
a chicken,277,a finch a dolphin,0
a chicken,277,a finch a whale,0
a chicken,277,a robin an eagle,0
a chicken,277,a robin an ostrich,0
a chicken,277,a robin a salmon,0
a chicken,277,a robin a seal,0
a chicken,277,a robin a dolphin,0
a chicken,277,a robin a whale,0
a chicken,277,an eagle an ostrich,0
a chicken,277,an eagle a penguin,0
a chicken,277,an eagle a salmon,0
a chicken,277,an eagle a seal,0
a chicken,277,an eagle a dolphin,0
a chicken,277,an eagle a whale,0
a chicken,277,an ostrich a penguin,0
a chicken,277,an ostrich a salmon,0
a chicken,277,an ostrich a dolphin,0
a chicken,277,an ostrich a whale,0
a chicken,277,a penguin a salmon,0
a chicken,277,a penguin a seal,0
a chicken,277,a penguin a dolphin,0
a chicken,277,a penguin a whale,0
a chicken,277,a salmon a seal,0
a chicken,277,a salmon a dolphin,0
a chicken,277,a salmon a whale,0
a chicken,277,a seal a whale,0
a chicken,277,a dolphin a whale,0
a penguin,278,a finch a robin,0
a penguin,278,a finch a chicken,1
a penguin,278,a finch an eagle,0
a penguin,278,a finch an ostrich,0
a penguin,278,a finch a salmon,0
a penguin,278,a finch a seal,0
a penguin,278,a finch a dolphin,0
a penguin,278,a finch a whale,0
a penguin,278,a robin a chicken,0
a penguin,278,a robin an eagle,0
a penguin,278,a robin an ostrich,0
a penguin,278,a robin a salmon,0
a penguin,278,a robin a seal,0
a penguin,278,a robin a dolphin,0
a penguin,278,a robin a whale,0
a penguin,278,a chicken an eagle,0
a penguin,278,a chicken an ostrich,0
a penguin,278,a chicken a seal,1
a penguin,278,a chicken a dolphin,0
a penguin,278,a chicken a whale,0
a penguin,278,an eagle an ostrich,0
a penguin,278,an eagle a salmon,0
a penguin,278,an eagle a seal,1
a penguin,278,an eagle a dolphin,1
a penguin,278,an eagle a whale,1
a penguin,278,an ostrich a salmon,0
a penguin,278,an ostrich a seal,0
a penguin,278,an ostrich a dolphin,0
a penguin,278,an ostrich a whale,0
a penguin,278,a salmon a seal,1
a penguin,278,a salmon a dolphin,0
a penguin,278,a salmon a whale,0
a penguin,278,a seal a dolphin,0
a penguin,278,a seal a whale,0
a penguin,278,a dolphin a whale,0
a salmon,279,a finch a robin,0
a salmon,279,a finch a chicken,1
a salmon,279,a finch an eagle,1
a salmon,279,a finch an ostrich,0
a salmon,279,a finch a penguin,0
a salmon,279,a finch a seal,0
a salmon,279,a finch a dolphin,0
a salmon,279,a finch a whale,0
a salmon,279,a robin a chicken,0
a salmon,279,a robin an eagle,0
a salmon,279,a robin an ostrich,0
a salmon,279,a robin a penguin,0
a salmon,279,a robin a seal,1
a salmon,279,a robin a dolphin,0
a salmon,279,a robin a whale,0
a salmon,279,a chicken an eagle,0
a salmon,279,a chicken an ostrich,0
a salmon,279,a chicken a penguin,0
a salmon,279,a chicken a seal,0
a salmon,279,a chicken a dolphin,0
a salmon,279,a chicken a whale,0
a salmon,279,an eagle an ostrich,0
a salmon,279,an eagle a penguin,0
a salmon,279,an eagle a seal,0
a salmon,279,an eagle a dolphin,0
a salmon,279,an eagle a whale,0
a salmon,279,an ostrich a penguin,0
a salmon,279,an ostrich a seal,1
a salmon,279,an ostrich a dolphin,1
a salmon,279,an ostrich a whale,1
a salmon,279,a penguin a seal,1
a salmon,279,a penguin a dolphin,0
a salmon,279,a penguin a whale,0
a salmon,279,a seal a dolphin,0
a salmon,279,a seal a whale,0
a salmon,279,a dolphin a whale,0
a penguin,280,a finch a robin,0
a penguin,280,a finch a chicken,0
a penguin,280,a finch an eagle,0
a penguin,280,a finch an ostrich,0
a penguin,280,a finch a salmon,0
a penguin,280,a finch a seal,0
a penguin,280,a finch a dolphin,0
a penguin,280,a finch a whale,0
a penguin,280,a robin a chicken,1
a penguin,280,a robin an eagle,0
a penguin,280,a robin a salmon,0
a penguin,280,a robin a seal,1
a penguin,280,a robin a dolphin,0
a penguin,280,a robin a whale,0
a penguin,280,a chicken an eagle,0
a penguin,280,a chicken an ostrich,0
a penguin,280,a chicken a salmon,0
a penguin,280,a chicken a seal,0
a penguin,280,a chicken a dolphin,0
a penguin,280,a chicken a whale,0
a penguin,280,an eagle an ostrich,0
a penguin,280,an eagle a salmon,0
a penguin,280,an eagle a seal,1
a penguin,280,an eagle a dolphin,0
a penguin,280,an eagle a whale,0
a penguin,280,an ostrich a salmon,0
a penguin,280,an ostrich a seal,1
a penguin,280,an ostrich a dolphin,0
a penguin,280,an ostrich a whale,0
a penguin,280,a salmon a seal,0
a penguin,280,a salmon a dolphin,0
a penguin,280,a salmon a whale,0
a penguin,280,a seal a dolphin,0
a penguin,280,a seal a whale,0
a penguin,280,a dolphin a whale,0
a penguin,281,a finch a robin,0
a penguin,281,a finch a chicken,1
a penguin,281,a finch an eagle,0
a penguin,281,a finch an ostrich,0
a penguin,281,a finch a salmon,0
a penguin,281,a finch a seal,0
a penguin,281,a finch a dolphin,0
a penguin,281,a finch a whale,0
a penguin,281,a robin a chicken,1
a penguin,281,a robin an eagle,0
a penguin,281,a robin an ostrich,0
a penguin,281,a robin a salmon,0
a penguin,281,a robin a seal,1
a penguin,281,a robin a dolphin,0
a penguin,281,a robin a whale,0
a penguin,281,a chicken an eagle,0
a penguin,281,a chicken an ostrich,0
a penguin,281,a chicken a salmon,0
a penguin,281,a chicken a seal,1
a penguin,281,a chicken a dolphin,0
a penguin,281,a chicken a whale,0
a penguin,281,an eagle an ostrich,0
a penguin,281,an eagle a salmon,1
a penguin,281,an eagle a seal,1
a penguin,281,an eagle a dolphin,0
a penguin,281,an eagle a whale,1
a penguin,281,an ostrich a salmon,0
a penguin,281,an ostrich a seal,0
a penguin,281,an ostrich a dolphin,0
a penguin,281,an ostrich a whale,0
a penguin,281,a salmon a seal,0
a penguin,281,a salmon a dolphin,1
a penguin,281,a salmon a whale,1
a penguin,281,a seal a dolphin,0
a penguin,281,a seal a whale,0
a penguin,281,a dolphin a whale,0
a penguin,282,a finch a robin,0
a penguin,282,a finch a chicken,0
a penguin,282,a finch an eagle,0
a penguin,282,a finch an ostrich,0
a penguin,282,a finch a salmon,0
a penguin,282,a finch a seal,0
a penguin,282,a finch a dolphin,0
a penguin,282,a finch a whale,0
a penguin,282,a robin a chicken,0
a penguin,282,a robin an eagle,0
a penguin,282,a robin an ostrich,0
a penguin,282,a robin a salmon,0
a penguin,282,a robin a seal,0
a penguin,282,a robin a dolphin,0
a penguin,282,a robin a whale,0
a penguin,282,a chicken an eagle,0
a penguin,282,a chicken an ostrich,0
a penguin,282,a chicken a salmon,0
a penguin,282,a chicken a seal,0
a penguin,282,a chicken a dolphin,0
a penguin,282,a chicken a whale,0
a penguin,282,an eagle an ostrich,0
a penguin,282,an eagle a salmon,0
a penguin,282,an eagle a seal,1
a penguin,282,an eagle a whale,1
a penguin,282,an ostrich a salmon,0
a penguin,282,an ostrich a seal,0
a penguin,282,an ostrich a dolphin,0
a penguin,282,an ostrich a whale,0
a penguin,282,a salmon a seal,0
a penguin,282,a salmon a dolphin,0
a penguin,282,a salmon a whale,1
a penguin,282,a seal a dolphin,0
a penguin,282,a seal a whale,0
a penguin,282,a dolphin a whale,0
a chicken,283,a finch a robin,0
a chicken,283,a finch an eagle,0
a chicken,283,a finch an ostrich,0
a chicken,283,a finch a penguin,0
a chicken,283,a finch a salmon,0
a chicken,283,a finch a seal,0
a chicken,283,a finch a dolphin,0
a chicken,283,a finch a whale,0
a chicken,283,a robin an eagle,0
a chicken,283,a robin an ostrich,0
a chicken,283,a robin a penguin,0
a chicken,283,a robin a salmon,0
a chicken,283,a robin a seal,0
a chicken,283,a robin a dolphin,0
a chicken,283,a robin a whale,0
a chicken,283,an eagle an ostrich,0
a chicken,283,an eagle a penguin,0
a chicken,283,an eagle a salmon,0
a chicken,283,an eagle a seal,0
a chicken,283,an eagle a dolphin,0
a chicken,283,an eagle a whale,0
a chicken,283,an ostrich a penguin,0
a chicken,283,an ostrich a salmon,0
a chicken,283,an ostrich a seal,0
a chicken,283,an ostrich a dolphin,0
a chicken,283,an ostrich a whale,0
a chicken,283,a penguin a salmon,0
a chicken,283,a penguin a seal,0
a chicken,283,a penguin a dolphin,0
a chicken,283,a penguin a whale,0
a chicken,283,a salmon a seal,0
a chicken,283,a salmon a dolphin,0
a chicken,283,a salmon a whale,0
a chicken,283,a seal a dolphin,0
a chicken,283,a seal a whale,0
a chicken,283,a dolphin a whale,0
a penguin,284,a finch a robin,0
a penguin,284,a finch a chicken,0
a penguin,284,a finch an eagle,0
a penguin,284,a finch an ostrich,0
a penguin,284,a finch a salmon,0
a penguin,284,a finch a seal,0
a penguin,284,a finch a dolphin,0
a penguin,284,a finch a whale,0
a penguin,284,a robin a chicken,0
a penguin,284,a robin an eagle,0
a penguin,284,a robin an ostrich,0
a penguin,284,a robin a salmon,0
a penguin,284,a robin a seal,1
a penguin,284,a robin a dolphin,0
a penguin,284,a robin a whale,0
a penguin,284,a chicken an eagle,0
a penguin,284,a chicken an ostrich,0
a penguin,284,a chicken a salmon,0
a penguin,284,a chicken a seal,1
a penguin,284,a chicken a dolphin,0
a penguin,284,a chicken a whale,0
a penguin,284,an eagle an ostrich,0
a penguin,284,an eagle a salmon,0
a penguin,284,an eagle a seal,1
a penguin,284,an eagle a dolphin,0
a penguin,284,an eagle a whale,1
a penguin,284,an ostrich a salmon,0
a penguin,284,an ostrich a seal,1
a penguin,284,an ostrich a dolphin,0
a penguin,284,an ostrich a whale,0
a penguin,284,a salmon a seal,0
a penguin,284,a salmon a dolphin,0
a penguin,284,a salmon a whale,0
a penguin,284,a seal a dolphin,0
a penguin,284,a seal a whale,0
a penguin,284,a dolphin a whale,0
a seal,285,a finch a robin,0
a seal,285,a finch a chicken,0
a seal,285,a finch an eagle,0
a seal,285,a finch a penguin,0
a seal,285,a finch a salmon,0
a seal,285,a finch a dolphin,0
a seal,285,a finch a whale,0
a seal,285,a robin a chicken,1
a seal,285,a robin an eagle,0
a seal,285,a robin an ostrich,0
a seal,285,a robin a penguin,0
a seal,285,a robin a salmon,0
a seal,285,a robin a dolphin,0
a seal,285,a robin a whale,0
a seal,285,a chicken an eagle,0
a seal,285,a chicken an ostrich,0
a seal,285,a chicken a penguin,0
a seal,285,a chicken a salmon,0
a seal,285,a chicken a dolphin,0
a seal,285,a chicken a whale,1
a seal,285,an eagle an ostrich,0
a seal,285,an eagle a penguin,0
a seal,285,an eagle a salmon,0
a seal,285,an eagle a dolphin,0
a seal,285,an eagle a whale,0
a seal,285,an ostrich a penguin,0
a seal,285,an ostrich a salmon,0
a seal,285,an ostrich a dolphin,0
a seal,285,an ostrich a whale,0
a seal,285,a penguin a salmon,0
a seal,285,a penguin a dolphin,0
a seal,285,a penguin a whale,0
a seal,285,a salmon a dolphin,0
a seal,285,a salmon a whale,0
a seal,285,a dolphin a whale,0
a robin,286,a finch a chicken,0
a robin,286,a finch an eagle,0
a robin,286,a finch an ostrich,0
a robin,286,a finch a penguin,0
a robin,286,a finch a salmon,0
a robin,286,a finch a seal,0
a robin,286,a finch a dolphin,0
a robin,286,a finch a whale,0
a robin,286,a chicken an eagle,0
a robin,286,a chicken an ostrich,0
a robin,286,a chicken a penguin,0
a robin,286,a chicken a salmon,0
a robin,286,a chicken a seal,0
a robin,286,a chicken a whale,0
a robin,286,an eagle an ostrich,0
a robin,286,an eagle a penguin,0
a robin,286,an eagle a salmon,1
a robin,286,an eagle a seal,0
a robin,286,an eagle a dolphin,0
a robin,286,an eagle a whale,0
a robin,286,an ostrich a penguin,0
a robin,286,an ostrich a salmon,0
a robin,286,an ostrich a seal,0
a robin,286,an ostrich a dolphin,0
a robin,286,an ostrich a whale,0
a robin,286,a penguin a salmon,0
a robin,286,a penguin a seal,0
a robin,286,a penguin a dolphin,0
a robin,286,a penguin a whale,0
a robin,286,a salmon a seal,0
a robin,286,a salmon a whale,0
a robin,286,a seal a dolphin,0
a robin,286,a seal a whale,0
a robin,286,a dolphin a whale,0
an ostrich,287,a finch a robin,0
an ostrich,287,a finch a chicken,1
an ostrich,287,a finch an eagle,0
an ostrich,287,a finch a penguin,0
an ostrich,287,a finch a salmon,0
an ostrich,287,a finch a seal,0
an ostrich,287,a finch a dolphin,0
an ostrich,287,a finch a whale,0
an ostrich,287,a robin a chicken,0
an ostrich,287,a robin an eagle,0
an ostrich,287,a robin a penguin,0
an ostrich,287,a robin a salmon,0
an ostrich,287,a robin a seal,0
an ostrich,287,a robin a dolphin,0
an ostrich,287,a robin a whale,0
an ostrich,287,a chicken an eagle,0
an ostrich,287,a chicken a penguin,0
an ostrich,287,a chicken a salmon,0
an ostrich,287,a chicken a seal,0
an ostrich,287,a chicken a dolphin,0
an ostrich,287,a chicken a whale,0
an ostrich,287,an eagle a penguin,0
an ostrich,287,an eagle a salmon,0
an ostrich,287,an eagle a seal,0
an ostrich,287,an eagle a dolphin,0
an ostrich,287,an eagle a whale,0
an ostrich,287,a penguin a salmon,0
an ostrich,287,a penguin a seal,0
an ostrich,287,a penguin a dolphin,0
an ostrich,287,a penguin a whale,0
an ostrich,287,a salmon a seal,0
an ostrich,287,a salmon a dolphin,0
an ostrich,287,a salmon a whale,0
an ostrich,287,a seal a dolphin,0
an ostrich,287,a dolphin a whale,0
a finch,288,a robin a chicken,0
a finch,288,a robin an eagle,0
a finch,288,a robin an ostrich,0
a finch,288,a robin a penguin,0
a finch,288,a robin a salmon,0
a finch,288,a robin a seal,0
a finch,288,a robin a dolphin,0
a finch,288,a robin a whale,0
a finch,288,a chicken an eagle,0
a finch,288,a chicken an ostrich,0
a finch,288,a chicken a penguin,0
a finch,288,a chicken a salmon,0
a finch,288,a chicken a seal,0
a finch,288,a chicken a dolphin,0
a finch,288,a chicken a whale,0
a finch,288,an eagle an ostrich,0
a finch,288,an eagle a penguin,0
a finch,288,an eagle a salmon,0
a finch,288,an eagle a seal,0
a finch,288,an eagle a dolphin,0
a finch,288,an eagle a whale,0
a finch,288,an ostrich a penguin,0
a finch,288,an ostrich a salmon,0
a finch,288,an ostrich a seal,0
a finch,288,an ostrich a dolphin,0
a finch,288,an ostrich a whale,0
a finch,288,a penguin a salmon,0
a finch,288,a penguin a seal,0
a finch,288,a penguin a dolphin,0
a finch,288,a penguin a whale,0
a finch,288,a salmon a seal,0
a finch,288,a salmon a dolphin,0
a finch,288,a salmon a whale,0
a finch,288,a seal a dolphin,1
a finch,288,a seal a whale,0
a finch,288,a dolphin a whale,0
a finch,289,a robin a chicken,0
a finch,289,a robin an eagle,0
a finch,289,a robin an ostrich,0
a finch,289,a robin a penguin,0
a finch,289,a robin a salmon,0
a finch,289,a robin a seal,0
a finch,289,a robin a dolphin,0
a finch,289,a robin a whale,0
a finch,289,a chicken an eagle,0
a finch,289,a chicken an ostrich,0
a finch,289,a chicken a penguin,0
a finch,289,a chicken a salmon,0
a finch,289,a chicken a seal,0
a finch,289,a chicken a dolphin,0
a finch,289,a chicken a whale,0
a finch,289,an eagle an ostrich,0
a finch,289,an eagle a penguin,0
a finch,289,an eagle a salmon,0
a finch,289,an eagle a seal,0
a finch,289,an eagle a dolphin,0
a finch,289,an eagle a whale,0
a finch,289,an ostrich a penguin,0
a finch,289,an ostrich a salmon,0
a finch,289,an ostrich a seal,0
a finch,289,an ostrich a dolphin,0
a finch,289,an ostrich a whale,0
a finch,289,a penguin a salmon,0
a finch,289,a penguin a seal,0
a finch,289,a penguin a dolphin,0
a finch,289,a penguin a whale,0
a finch,289,a salmon a seal,0
a finch,289,a salmon a dolphin,0
a finch,289,a salmon a whale,0
a finch,289,a seal a whale,0
a finch,289,a dolphin a whale,0
an ostrich,290,a finch a robin,0
an ostrich,290,a finch a chicken,0
an ostrich,290,a finch an eagle,0
an ostrich,290,a finch a penguin,0
an ostrich,290,a finch a salmon,0
an ostrich,290,a finch a seal,0
an ostrich,290,a finch a dolphin,0
an ostrich,290,a finch a whale,0
an ostrich,290,a robin a chicken,1
an ostrich,290,a robin an eagle,0
an ostrich,290,a robin a penguin,0
an ostrich,290,a robin a salmon,0
an ostrich,290,a robin a seal,0
an ostrich,290,a robin a dolphin,0
an ostrich,290,a robin a whale,0
an ostrich,290,a chicken an eagle,0
an ostrich,290,a chicken a penguin,0
an ostrich,290,a chicken a salmon,0
an ostrich,290,a chicken a seal,0
an ostrich,290,a chicken a dolphin,0
an ostrich,290,a chicken a whale,0
an ostrich,290,an eagle a penguin,0
an ostrich,290,an eagle a salmon,0
an ostrich,290,an eagle a seal,0
an ostrich,290,an eagle a dolphin,0
an ostrich,290,an eagle a whale,0
an ostrich,290,a penguin a salmon,0
an ostrich,290,a penguin a seal,0
an ostrich,290,a penguin a dolphin,0
an ostrich,290,a penguin a whale,0
an ostrich,290,a salmon a seal,0
an ostrich,290,a salmon a dolphin,0
an ostrich,290,a salmon a whale,0
an ostrich,290,a seal a dolphin,0
an ostrich,290,a seal a whale,0
an ostrich,290,a dolphin a whale,0
a chicken,291,a finch a robin,0
a chicken,291,a finch an eagle,0
a chicken,291,a finch an ostrich,0
a chicken,291,a finch a penguin,0
a chicken,291,a finch a salmon,0
a chicken,291,a finch a seal,0
a chicken,291,a finch a dolphin,0
a chicken,291,a finch a whale,0
a chicken,291,a robin an eagle,0
a chicken,291,a robin an ostrich,0
a chicken,291,a robin a penguin,0
a chicken,291,a robin a salmon,0
a chicken,291,a robin a seal,0
a chicken,291,a robin a dolphin,0
a chicken,291,a robin a whale,0
a chicken,291,an eagle an ostrich,0
a chicken,291,an eagle a penguin,0
a chicken,291,an eagle a salmon,0
a chicken,291,an eagle a seal,0
a chicken,291,an eagle a dolphin,0
a chicken,291,an eagle a whale,0
a chicken,291,an ostrich a penguin,0
a chicken,291,an ostrich a salmon,0
a chicken,291,an ostrich a seal,0
a chicken,291,an ostrich a dolphin,0
a chicken,291,an ostrich a whale,0
a chicken,291,a penguin a salmon,0
a chicken,291,a penguin a seal,0
a chicken,291,a penguin a dolphin,0
a chicken,291,a penguin a whale,0
a chicken,291,a salmon a seal,0
a chicken,291,a salmon a dolphin,0
a chicken,291,a salmon a whale,0
a chicken,291,a seal a dolphin,0
a chicken,291,a seal a whale,0
a chicken,291,a dolphin a whale,0
an eagle,292,a finch a robin,0
an eagle,292,a finch a chicken,0
an eagle,292,a finch an ostrich,0
an eagle,292,a finch a penguin,0
an eagle,292,a finch a salmon,0
an eagle,292,a finch a seal,0
an eagle,292,a finch a dolphin,0
an eagle,292,a finch a whale,0
an eagle,292,a robin a chicken,0
an eagle,292,a robin an ostrich,0
an eagle,292,a robin a penguin,0
an eagle,292,a robin a salmon,0
an eagle,292,a robin a seal,0
an eagle,292,a robin a dolphin,0
an eagle,292,a robin a whale,0
an eagle,292,a chicken an ostrich,0
an eagle,292,a chicken a penguin,0
an eagle,292,a chicken a salmon,0
an eagle,292,a chicken a seal,1
an eagle,292,a chicken a dolphin,0
an eagle,292,a chicken a whale,0
an eagle,292,an ostrich a penguin,0
an eagle,292,an ostrich a salmon,0
an eagle,292,an ostrich a seal,0
an eagle,292,an ostrich a whale,0
an eagle,292,a penguin a salmon,0
an eagle,292,a penguin a seal,0
an eagle,292,a penguin a whale,1
an eagle,292,a salmon a seal,0
an eagle,292,a salmon a dolphin,0
an eagle,292,a salmon a whale,0
an eagle,292,a seal a whale,0
an eagle,292,a dolphin a whale,0
a chicken,293,a finch a robin,0
a chicken,293,a finch an eagle,0
a chicken,293,a finch an ostrich,0
a chicken,293,a finch a penguin,0
a chicken,293,a finch a salmon,0
a chicken,293,a finch a seal,0
a chicken,293,a finch a dolphin,0
a chicken,293,a finch a whale,0
a chicken,293,a robin an eagle,0
a chicken,293,a robin an ostrich,0
a chicken,293,a robin a penguin,0
a chicken,293,a robin a salmon,0
a chicken,293,a robin a seal,0
a chicken,293,a robin a dolphin,0
a chicken,293,a robin a whale,0
a chicken,293,an eagle an ostrich,0
a chicken,293,an eagle a penguin,0
a chicken,293,an eagle a salmon,0
a chicken,293,an eagle a seal,0
a chicken,293,an eagle a dolphin,0
a chicken,293,an eagle a whale,0
a chicken,293,an ostrich a penguin,0
a chicken,293,an ostrich a salmon,0
a chicken,293,an ostrich a seal,0
a chicken,293,an ostrich a dolphin,0
a chicken,293,an ostrich a whale,0
a chicken,293,a penguin a salmon,0
a chicken,293,a penguin a seal,0
a chicken,293,a penguin a dolphin,0
a chicken,293,a penguin a whale,0
a chicken,293,a salmon a seal,0
a chicken,293,a salmon a dolphin,0
a chicken,293,a salmon a whale,0
a chicken,293,a seal a dolphin,0
a chicken,293,a seal a whale,0
a chicken,293,a dolphin a whale,0
a finch,294,a robin a chicken,0
a finch,294,a robin an eagle,0
a finch,294,a robin an ostrich,0
a finch,294,a robin a penguin,0
a finch,294,a robin a salmon,0
a finch,294,a robin a seal,0
a finch,294,a robin a dolphin,0
a finch,294,a robin a whale,0
a finch,294,a chicken an eagle,0
a finch,294,a chicken an ostrich,0
a finch,294,a chicken a penguin,0
a finch,294,a chicken a salmon,0
a finch,294,a chicken a seal,0
a finch,294,a chicken a dolphin,0
a finch,294,a chicken a whale,0
a finch,294,an eagle an ostrich,0
a finch,294,an eagle a penguin,0
a finch,294,an eagle a seal,0
a finch,294,an eagle a dolphin,0
a finch,294,an eagle a whale,0
a finch,294,an ostrich a penguin,0
a finch,294,an ostrich a salmon,0
a finch,294,an ostrich a seal,0
a finch,294,an ostrich a dolphin,0
a finch,294,an ostrich a whale,0
a finch,294,a penguin a salmon,0
a finch,294,a penguin a seal,0
a finch,294,a penguin a dolphin,0
a finch,294,a penguin a whale,0
a finch,294,a salmon a seal,0
a finch,294,a salmon a dolphin,1
a finch,294,a salmon a whale,0
a finch,294,a seal a dolphin,0
a finch,294,a seal a whale,0
a finch,294,a dolphin a whale,0
a finch,295,a robin a chicken,0
a finch,295,a robin an eagle,0
a finch,295,a robin an ostrich,0
a finch,295,a robin a penguin,0
a finch,295,a robin a salmon,0
a finch,295,a robin a seal,0
a finch,295,a robin a dolphin,0
a finch,295,a robin a whale,0
a finch,295,a chicken an eagle,0
a finch,295,a chicken an ostrich,0
a finch,295,a chicken a penguin,0
a finch,295,a chicken a salmon,0
a finch,295,a chicken a seal,0
a finch,295,a chicken a dolphin,0
a finch,295,a chicken a whale,0
a finch,295,an eagle an ostrich,0
a finch,295,an eagle a penguin,0
a finch,295,an eagle a salmon,0
a finch,295,an eagle a seal,0
a finch,295,an eagle a dolphin,0
a finch,295,an eagle a whale,0
a finch,295,an ostrich a penguin,0
a finch,295,an ostrich a salmon,0
a finch,295,an ostrich a seal,0
a finch,295,an ostrich a dolphin,0
a finch,295,an ostrich a whale,0
a finch,295,a penguin a salmon,0
a finch,295,a penguin a seal,0
a finch,295,a penguin a dolphin,0
a finch,295,a penguin a whale,0
a finch,295,a salmon a seal,0
a finch,295,a salmon a dolphin,0
a finch,295,a salmon a whale,0
a finch,295,a seal a dolphin,0
a finch,295,a seal a whale,0
a finch,295,a dolphin a whale,0
an ostrich,296,a finch a robin,0
an ostrich,296,a finch a chicken,0
an ostrich,296,a finch an eagle,0
an ostrich,296,a finch a penguin,0
an ostrich,296,a finch a salmon,0
an ostrich,296,a finch a seal,0
an ostrich,296,a finch a dolphin,0
an ostrich,296,a finch a whale,0
an ostrich,296,a robin a chicken,0
an ostrich,296,a robin an eagle,0
an ostrich,296,a robin a penguin,0
an ostrich,296,a robin a salmon,0
an ostrich,296,a robin a seal,0
an ostrich,296,a robin a dolphin,0
an ostrich,296,a robin a whale,0
an ostrich,296,a chicken an eagle,0
an ostrich,296,a chicken a penguin,0
an ostrich,296,a chicken a salmon,0
an ostrich,296,a chicken a seal,0
an ostrich,296,a chicken a dolphin,0
an ostrich,296,a chicken a whale,0
an ostrich,296,an eagle a penguin,0
an ostrich,296,an eagle a salmon,0
an ostrich,296,an eagle a seal,0
an ostrich,296,an eagle a dolphin,0
an ostrich,296,an eagle a whale,0
an ostrich,296,a penguin a salmon,0
an ostrich,296,a penguin a seal,0
an ostrich,296,a penguin a dolphin,0
an ostrich,296,a penguin a whale,0
an ostrich,296,a salmon a seal,0
an ostrich,296,a salmon a dolphin,0
an ostrich,296,a salmon a whale,0
an ostrich,296,a seal a dolphin,0
an ostrich,296,a seal a whale,0
an ostrich,296,a dolphin a whale,0
a penguin,297,a finch a robin,0
a penguin,297,a finch a chicken,0
a penguin,297,a finch an eagle,0
a penguin,297,a finch an ostrich,0
a penguin,297,a finch a salmon,0
a penguin,297,a finch a seal,0
a penguin,297,a finch a dolphin,0
a penguin,297,a finch a whale,0
a penguin,297,a robin a chicken,0
a penguin,297,a robin an eagle,0
a penguin,297,a robin an ostrich,0
a penguin,297,a robin a salmon,0
a penguin,297,a robin a seal,0
a penguin,297,a robin a dolphin,0
a penguin,297,a robin a whale,0
a penguin,297,a chicken an eagle,1
a penguin,297,a chicken an ostrich,0
a penguin,297,a chicken a salmon,0
a penguin,297,a chicken a seal,0
a penguin,297,a chicken a dolphin,0
a penguin,297,a chicken a whale,0
a penguin,297,an eagle an ostrich,0
a penguin,297,an eagle a salmon,0
a penguin,297,an eagle a seal,1
a penguin,297,an eagle a dolphin,1
a penguin,297,an eagle a whale,1
a penguin,297,an ostrich a salmon,0
a penguin,297,an ostrich a seal,1
a penguin,297,an ostrich a dolphin,0
a penguin,297,an ostrich a whale,1
a penguin,297,a salmon a seal,1
a penguin,297,a salmon a dolphin,0
a penguin,297,a salmon a whale,0
a penguin,297,a seal a dolphin,0
a penguin,297,a seal a whale,0
a penguin,297,a dolphin a whale,0
a chicken,298,a finch a robin,0
a chicken,298,a finch an eagle,0
a chicken,298,a finch an ostrich,0
a chicken,298,a finch a penguin,0
a chicken,298,a finch a salmon,0
a chicken,298,a finch a seal,0
a chicken,298,a finch a dolphin,0
a chicken,298,a finch a whale,0
a chicken,298,a robin an eagle,0
a chicken,298,a robin an ostrich,0
a chicken,298,a robin a penguin,0
a chicken,298,a robin a salmon,0
a chicken,298,a robin a seal,0
a chicken,298,a robin a dolphin,0
a chicken,298,a robin a whale,0
a chicken,298,an eagle an ostrich,0
a chicken,298,an eagle a penguin,0
a chicken,298,an eagle a salmon,0
a chicken,298,an eagle a seal,0
a chicken,298,an eagle a dolphin,0
a chicken,298,an eagle a whale,0
a chicken,298,an ostrich a penguin,0
a chicken,298,an ostrich a salmon,0
a chicken,298,an ostrich a seal,0
a chicken,298,an ostrich a dolphin,0
a chicken,298,an ostrich a whale,0
a chicken,298,a penguin a salmon,0
a chicken,298,a penguin a seal,0
a chicken,298,a penguin a dolphin,0
a chicken,298,a penguin a whale,0
a chicken,298,a salmon a seal,0
a chicken,298,a salmon a dolphin,0
a chicken,298,a salmon a whale,0
a chicken,298,a seal a dolphin,0
a chicken,298,a seal a whale,0
a chicken,298,a dolphin a whale,0
a dolphin,299,a finch a robin,0
a dolphin,299,a finch a chicken,0
a dolphin,299,a finch an eagle,0
a dolphin,299,a finch an ostrich,0
a dolphin,299,a finch a penguin,0
a dolphin,299,a finch a salmon,0
a dolphin,299,a finch a seal,0
a dolphin,299,a finch a whale,0
a dolphin,299,a robin a chicken,0
a dolphin,299,a robin an eagle,0
a dolphin,299,a robin an ostrich,0
a dolphin,299,a robin a penguin,0
a dolphin,299,a robin a salmon,0
a dolphin,299,a robin a seal,0
a dolphin,299,a robin a whale,0
a dolphin,299,a chicken an eagle,0
a dolphin,299,a chicken an ostrich,0
a dolphin,299,a chicken a penguin,0
a dolphin,299,a chicken a salmon,0
a dolphin,299,a chicken a seal,0
a dolphin,299,a chicken a whale,0
a dolphin,299,an eagle an ostrich,0
a dolphin,299,an eagle a penguin,0
a dolphin,299,an eagle a salmon,0
a dolphin,299,an eagle a seal,0
a dolphin,299,an eagle a whale,0
a dolphin,299,an ostrich a penguin,0
a dolphin,299,an ostrich a salmon,0
a dolphin,299,an ostrich a seal,0
a dolphin,299,an ostrich a whale,0
a dolphin,299,a penguin a salmon,0
a dolphin,299,a penguin a seal,0
a dolphin,299,a penguin a whale,1
a dolphin,299,a salmon a seal,0
a dolphin,299,a salmon a whale,0
a dolphin,299,a seal a whale,0
an ostrich,300,a finch a robin,0
an ostrich,300,a finch a chicken,0
an ostrich,300,a finch an eagle,0
an ostrich,300,a finch a penguin,0
an ostrich,300,a finch a salmon,0
an ostrich,300,a finch a seal,0
an ostrich,300,a finch a dolphin,0
an ostrich,300,a finch a whale,0
an ostrich,300,a robin a chicken,1
an ostrich,300,a robin an eagle,1
an ostrich,300,a robin a penguin,0
an ostrich,300,a robin a salmon,0
an ostrich,300,a robin a seal,0
an ostrich,300,a robin a dolphin,0
an ostrich,300,a robin a whale,0
an ostrich,300,a chicken an eagle,0
an ostrich,300,a chicken a penguin,0
an ostrich,300,a chicken a salmon,0
an ostrich,300,a chicken a seal,0
an ostrich,300,a chicken a dolphin,0
an ostrich,300,a chicken a whale,0
an ostrich,300,an eagle a penguin,0
an ostrich,300,an eagle a salmon,0
an ostrich,300,an eagle a seal,0
an ostrich,300,an eagle a dolphin,0
an ostrich,300,an eagle a whale,0
an ostrich,300,a penguin a salmon,0
an ostrich,300,a penguin a seal,0
an ostrich,300,a penguin a dolphin,0
an ostrich,300,a penguin a whale,0
an ostrich,300,a salmon a seal,0
an ostrich,300,a salmon a whale,0
an ostrich,300,a seal a dolphin,0
an ostrich,300,a dolphin a whale,0
a seal,301,a finch a robin,0
a seal,301,a finch a chicken,0
a seal,301,a finch an eagle,0
a seal,301,a finch an ostrich,0
a seal,301,a finch a penguin,0
a seal,301,a finch a salmon,0
a seal,301,a finch a dolphin,0
a seal,301,a finch a whale,0
a seal,301,a robin a chicken,0
a seal,301,a robin an eagle,0
a seal,301,a robin an ostrich,0
a seal,301,a robin a penguin,0
a seal,301,a robin a salmon,1
a seal,301,a robin a dolphin,0
a seal,301,a robin a whale,0
a seal,301,a chicken an eagle,0
a seal,301,a chicken an ostrich,0
a seal,301,a chicken a penguin,0
a seal,301,a chicken a salmon,0
a seal,301,a chicken a dolphin,0
a seal,301,a chicken a whale,0
a seal,301,an eagle a penguin,0
a seal,301,an eagle a salmon,0
a seal,301,an eagle a dolphin,0
a seal,301,an eagle a whale,0
a seal,301,an ostrich a penguin,0
a seal,301,an ostrich a salmon,1
a seal,301,an ostrich a dolphin,1
a seal,301,an ostrich a whale,0
a seal,301,a penguin a salmon,0
a seal,301,a penguin a dolphin,0
a seal,301,a penguin a whale,0
a seal,301,a salmon a dolphin,0
a seal,301,a salmon a whale,1
a seal,301,a dolphin a whale,0
a finch,302,a robin a chicken,0
a finch,302,a robin an eagle,0
a finch,302,a robin an ostrich,0
a finch,302,a robin a penguin,0
a finch,302,a robin a salmon,0
a finch,302,a robin a seal,0
a finch,302,a robin a dolphin,0
a finch,302,a robin a whale,0
a finch,302,a chicken an eagle,0
a finch,302,a chicken an ostrich,0
a finch,302,a chicken a penguin,0
a finch,302,a chicken a salmon,0
a finch,302,a chicken a seal,0
a finch,302,a chicken a dolphin,0
a finch,302,a chicken a whale,0
a finch,302,an eagle an ostrich,0
a finch,302,an eagle a penguin,0
a finch,302,an eagle a salmon,0
a finch,302,an eagle a seal,0
a finch,302,an eagle a dolphin,0
a finch,302,an eagle a whale,0
a finch,302,an ostrich a penguin,0
a finch,302,an ostrich a salmon,0
a finch,302,an ostrich a seal,0
a finch,302,an ostrich a dolphin,0
a finch,302,an ostrich a whale,0
a finch,302,a penguin a salmon,0
a finch,302,a penguin a seal,0
a finch,302,a penguin a dolphin,0
a finch,302,a penguin a whale,0
a finch,302,a salmon a seal,0
a finch,302,a salmon a dolphin,0
a finch,302,a salmon a whale,0
a finch,302,a seal a whale,0
a finch,302,a dolphin a whale,0
an ostrich,303,a finch a robin,0
an ostrich,303,a finch a chicken,0
an ostrich,303,a finch an eagle,0
an ostrich,303,a finch a penguin,0
an ostrich,303,a finch a salmon,0
an ostrich,303,a finch a seal,0
an ostrich,303,a finch a dolphin,0
an ostrich,303,a finch a whale,0
an ostrich,303,a robin a chicken,0
an ostrich,303,a robin an eagle,0
an ostrich,303,a robin a penguin,0
an ostrich,303,a robin a salmon,0
an ostrich,303,a robin a seal,0
an ostrich,303,a robin a dolphin,0
an ostrich,303,a robin a whale,0
an ostrich,303,a chicken an eagle,0
an ostrich,303,a chicken a penguin,0
an ostrich,303,a chicken a salmon,0
an ostrich,303,a chicken a seal,0
an ostrich,303,a chicken a dolphin,0
an ostrich,303,a chicken a whale,0
an ostrich,303,an eagle a penguin,0
an ostrich,303,an eagle a salmon,0
an ostrich,303,an eagle a seal,0
an ostrich,303,an eagle a dolphin,0
an ostrich,303,an eagle a whale,0
an ostrich,303,a penguin a salmon,0
an ostrich,303,a penguin a seal,0
an ostrich,303,a penguin a dolphin,0
an ostrich,303,a penguin a whale,0
an ostrich,303,a salmon a seal,0
an ostrich,303,a salmon a dolphin,0
an ostrich,303,a salmon a whale,0
an ostrich,303,a seal a dolphin,0
an ostrich,303,a seal a whale,0
an ostrich,303,a dolphin a whale,0
a chicken,304,a finch a robin,0
a chicken,304,a finch an eagle,0
a chicken,304,a finch an ostrich,0
a chicken,304,a finch a penguin,0
a chicken,304,a finch a salmon,0
a chicken,304,a finch a seal,0
a chicken,304,a finch a dolphin,0
a chicken,304,a finch a whale,0
a chicken,304,a robin an eagle,0
a chicken,304,a robin an ostrich,0
a chicken,304,a robin a penguin,0
a chicken,304,a robin a salmon,0
a chicken,304,a robin a seal,0
a chicken,304,a robin a dolphin,0
a chicken,304,a robin a whale,0
a chicken,304,an eagle an ostrich,0
a chicken,304,an eagle a penguin,0
a chicken,304,an eagle a salmon,0
a chicken,304,an eagle a seal,0
a chicken,304,an eagle a dolphin,0
a chicken,304,an eagle a whale,0
a chicken,304,an ostrich a penguin,0
a chicken,304,an ostrich a salmon,0
a chicken,304,an ostrich a seal,0
a chicken,304,an ostrich a dolphin,0
a chicken,304,an ostrich a whale,0
a chicken,304,a penguin a salmon,0
a chicken,304,a penguin a seal,0
a chicken,304,a penguin a dolphin,0
a chicken,304,a penguin a whale,0
a chicken,304,a salmon a seal,0
a chicken,304,a salmon a dolphin,0
a chicken,304,a salmon a whale,0
a chicken,304,a seal a dolphin,0
a chicken,304,a seal a whale,0
a chicken,304,a dolphin a whale,0
a finch,305,a robin a chicken,0
a finch,305,a robin an eagle,0
a finch,305,a robin an ostrich,0
a finch,305,a robin a penguin,0
a finch,305,a robin a salmon,0
a finch,305,a robin a seal,0
a finch,305,a robin a dolphin,0
a finch,305,a robin a whale,0
a finch,305,a chicken an eagle,0
a finch,305,a chicken an ostrich,0
a finch,305,a chicken a penguin,0
a finch,305,a chicken a salmon,0
a finch,305,a chicken a seal,0
a finch,305,a chicken a dolphin,0
a finch,305,a chicken a whale,0
a finch,305,an eagle an ostrich,0
a finch,305,an eagle a penguin,0
a finch,305,an eagle a salmon,0
a finch,305,an eagle a seal,0
a finch,305,an eagle a dolphin,0
a finch,305,an eagle a whale,0
a finch,305,an ostrich a penguin,0
a finch,305,an ostrich a salmon,0
a finch,305,an ostrich a seal,0
a finch,305,an ostrich a dolphin,0
a finch,305,an ostrich a whale,0
a finch,305,a penguin a salmon,0
a finch,305,a penguin a seal,0
a finch,305,a penguin a dolphin,0
a finch,305,a penguin a whale,0
a finch,305,a salmon a seal,0
a finch,305,a salmon a whale,0
a finch,305,a seal a dolphin,0
a finch,305,a seal a whale,0
a finch,305,a dolphin a whale,0
an eagle,306,a finch a robin,0
an eagle,306,a finch a chicken,0
an eagle,306,a finch an ostrich,0
an eagle,306,a finch a penguin,0
an eagle,306,a finch a salmon,0
an eagle,306,a finch a seal,0
an eagle,306,a finch a dolphin,0
an eagle,306,a finch a whale,0
an eagle,306,a robin a chicken,0
an eagle,306,a robin an ostrich,0
an eagle,306,a robin a penguin,0
an eagle,306,a robin a salmon,0
an eagle,306,a robin a seal,0
an eagle,306,a robin a dolphin,0
an eagle,306,a robin a whale,0
an eagle,306,a chicken an ostrich,0
an eagle,306,a chicken a penguin,0
an eagle,306,a chicken a salmon,0
an eagle,306,a chicken a seal,0
an eagle,306,a chicken a dolphin,0
an eagle,306,a chicken a whale,0
an eagle,306,an ostrich a penguin,0
an eagle,306,an ostrich a salmon,0
an eagle,306,an ostrich a seal,0
an eagle,306,an ostrich a dolphin,0
an eagle,306,an ostrich a whale,0
an eagle,306,a penguin a salmon,0
an eagle,306,a penguin a seal,0
an eagle,306,a penguin a dolphin,0
an eagle,306,a penguin a whale,0
an eagle,306,a salmon a seal,0
an eagle,306,a salmon a dolphin,0
an eagle,306,a salmon a whale,0
an eagle,306,a seal a dolphin,0
an eagle,306,a seal a whale,0
an eagle,306,a dolphin a whale,0
an ostrich,307,a finch a robin,0
an ostrich,307,a finch a chicken,0
an ostrich,307,a finch an eagle,0
an ostrich,307,a finch a penguin,0
an ostrich,307,a finch a salmon,0
an ostrich,307,a finch a seal,0
an ostrich,307,a finch a dolphin,0
an ostrich,307,a finch a whale,0
an ostrich,307,a robin a chicken,0
an ostrich,307,a robin an eagle,0
an ostrich,307,a robin a penguin,0
an ostrich,307,a robin a salmon,0
an ostrich,307,a robin a seal,0
an ostrich,307,a robin a dolphin,0
an ostrich,307,a robin a whale,0
an ostrich,307,a chicken an eagle,0
an ostrich,307,a chicken a penguin,0
an ostrich,307,a chicken a salmon,0
an ostrich,307,a chicken a seal,0
an ostrich,307,a chicken a dolphin,0
an ostrich,307,a chicken a whale,0
an ostrich,307,an eagle a penguin,0
an ostrich,307,an eagle a salmon,0
an ostrich,307,an eagle a seal,0
an ostrich,307,an eagle a dolphin,0
an ostrich,307,an eagle a whale,0
an ostrich,307,a penguin a salmon,0
an ostrich,307,a penguin a seal,0
an ostrich,307,a penguin a dolphin,0
an ostrich,307,a penguin a whale,0
an ostrich,307,a salmon a seal,0
an ostrich,307,a salmon a whale,0
an ostrich,307,a seal a dolphin,0
an ostrich,307,a seal a whale,0
an ostrich,307,a dolphin a whale,0
a salmon,308,a finch a robin,0
a salmon,308,a finch a chicken,0
a salmon,308,a finch an eagle,1
a salmon,308,a finch an ostrich,0
a salmon,308,a finch a penguin,0
a salmon,308,a finch a seal,0
a salmon,308,a finch a dolphin,0
a salmon,308,a finch a whale,0
a salmon,308,a robin a chicken,0
a salmon,308,a robin an eagle,0
a salmon,308,a robin an ostrich,0
a salmon,308,a robin a penguin,0
a salmon,308,a robin a seal,1
a salmon,308,a robin a dolphin,0
a salmon,308,a robin a whale,0
a salmon,308,a chicken an eagle,1
a salmon,308,a chicken an ostrich,0
a salmon,308,a chicken a penguin,0
a salmon,308,a chicken a seal,0
a salmon,308,a chicken a dolphin,0
a salmon,308,a chicken a whale,0
a salmon,308,an eagle an ostrich,0
a salmon,308,an eagle a seal,0
a salmon,308,an eagle a dolphin,0
a salmon,308,an eagle a whale,1
a salmon,308,an ostrich a penguin,0
a salmon,308,an ostrich a seal,0
a salmon,308,an ostrich a dolphin,0
a salmon,308,an ostrich a whale,0
a salmon,308,a penguin a seal,1
a salmon,308,a penguin a whale,1
a salmon,308,a seal a dolphin,0
a salmon,308,a seal a whale,0
a salmon,308,a dolphin a whale,0
a finch,309,a robin a chicken,0
a finch,309,a robin an eagle,0
a finch,309,a robin an ostrich,0
a finch,309,a robin a penguin,0
a finch,309,a robin a salmon,0
a finch,309,a robin a seal,0
a finch,309,a robin a dolphin,0
a finch,309,a robin a whale,0
a finch,309,a chicken an eagle,0
a finch,309,a chicken an ostrich,0
a finch,309,a chicken a penguin,0
a finch,309,a chicken a salmon,0
a finch,309,a chicken a seal,0
a finch,309,a chicken a dolphin,0
a finch,309,a chicken a whale,0
a finch,309,an eagle an ostrich,0
a finch,309,an eagle a penguin,0
a finch,309,an eagle a salmon,0
a finch,309,an eagle a seal,0
a finch,309,an eagle a dolphin,0
a finch,309,an eagle a whale,0
a finch,309,an ostrich a penguin,0
a finch,309,an ostrich a salmon,0
a finch,309,an ostrich a seal,0
a finch,309,an ostrich a dolphin,0
a finch,309,an ostrich a whale,0
a finch,309,a penguin a salmon,0
a finch,309,a penguin a seal,0
a finch,309,a penguin a dolphin,0
a finch,309,a penguin a whale,0
a finch,309,a salmon a seal,0
a finch,309,a salmon a dolphin,0
a finch,309,a salmon a whale,0
a finch,309,a seal a dolphin,0
a finch,309,a seal a whale,0
a finch,309,a dolphin a whale,0
a chicken,310,a finch a robin,0
a chicken,310,a finch an eagle,0
a chicken,310,a finch an ostrich,0
a chicken,310,a finch a penguin,0
a chicken,310,a finch a salmon,0
a chicken,310,a finch a seal,0
a chicken,310,a finch a dolphin,0
a chicken,310,a finch a whale,0
a chicken,310,a robin an eagle,0
a chicken,310,a robin an ostrich,0
a chicken,310,a robin a penguin,0
a chicken,310,a robin a salmon,0
a chicken,310,a robin a seal,0
a chicken,310,a robin a dolphin,0
a chicken,310,a robin a whale,0
a chicken,310,an eagle an ostrich,0
a chicken,310,an eagle a penguin,0
a chicken,310,an eagle a salmon,0
a chicken,310,an eagle a seal,0
a chicken,310,an eagle a dolphin,0
a chicken,310,an eagle a whale,0
a chicken,310,an ostrich a penguin,0
a chicken,310,an ostrich a salmon,0
a chicken,310,an ostrich a seal,0
a chicken,310,an ostrich a dolphin,0
a chicken,310,an ostrich a whale,0
a chicken,310,a penguin a salmon,0
a chicken,310,a penguin a seal,0
a chicken,310,a penguin a whale,0
a chicken,310,a salmon a seal,0
a chicken,310,a salmon a whale,0
a chicken,310,a seal a dolphin,0
a chicken,310,a seal a whale,0
a chicken,310,a dolphin a whale,0
a robin,311,a finch a chicken,0
a robin,311,a finch an eagle,0
a robin,311,a finch an ostrich,0
a robin,311,a finch a penguin,0
a robin,311,a finch a salmon,0
a robin,311,a finch a seal,0
a robin,311,a finch a dolphin,0
a robin,311,a finch a whale,0
a robin,311,a chicken an eagle,0
a robin,311,a chicken an ostrich,0
a robin,311,a chicken a penguin,0
a robin,311,a chicken a salmon,0
a robin,311,a chicken a seal,0
a robin,311,a chicken a dolphin,0
a robin,311,a chicken a whale,0
a robin,311,an eagle an ostrich,0
a robin,311,an eagle a penguin,0
a robin,311,an eagle a salmon,0
a robin,311,an eagle a seal,0
a robin,311,an eagle a dolphin,0
a robin,311,an eagle a whale,0
a robin,311,an ostrich a penguin,0
a robin,311,an ostrich a salmon,0
a robin,311,an ostrich a seal,0
a robin,311,an ostrich a dolphin,0
a robin,311,an ostrich a whale,0
a robin,311,a penguin a salmon,0
a robin,311,a penguin a seal,0
a robin,311,a penguin a dolphin,0
a robin,311,a penguin a whale,0
a robin,311,a salmon a seal,0
a robin,311,a salmon a dolphin,0
a robin,311,a salmon a whale,0
a robin,311,a seal a dolphin,0
a robin,311,a seal a whale,0
a robin,311,a dolphin a whale,0
a dolphin,312,a finch a robin,0
a dolphin,312,a finch a chicken,1
a dolphin,312,a finch an eagle,0
a dolphin,312,a finch an ostrich,0
a dolphin,312,a finch a penguin,0
a dolphin,312,a finch a salmon,0
a dolphin,312,a finch a seal,1
a dolphin,312,a finch a whale,0
a dolphin,312,a robin a chicken,1
a dolphin,312,a robin an eagle,0
a dolphin,312,a robin an ostrich,0
a dolphin,312,a robin a penguin,0
a dolphin,312,a robin a salmon,1
a dolphin,312,a robin a seal,1
a dolphin,312,a robin a whale,0
a dolphin,312,a chicken a penguin,0
a dolphin,312,a chicken a salmon,0
a dolphin,312,a chicken a seal,0
a dolphin,312,a chicken a whale,0
a dolphin,312,an eagle an ostrich,0
a dolphin,312,an eagle a penguin,0
a dolphin,312,an eagle a salmon,0
a dolphin,312,an eagle a seal,0
a dolphin,312,an eagle a whale,1
a dolphin,312,an ostrich a penguin,0
a dolphin,312,an ostrich a salmon,0
a dolphin,312,an ostrich a seal,1
a dolphin,312,an ostrich a whale,0
a dolphin,312,a penguin a salmon,0
a dolphin,312,a penguin a seal,1
a dolphin,312,a penguin a whale,0
a dolphin,312,a salmon a seal,0
a dolphin,312,a salmon a whale,0
a dolphin,312,a seal a whale,0
a whale,313,a finch a robin,0
a whale,313,a finch a chicken,1
a whale,313,a finch an eagle,0
a whale,313,a finch an ostrich,0
a whale,313,a finch a penguin,0
a whale,313,a finch a salmon,0
a whale,313,a finch a seal,0
a whale,313,a finch a dolphin,0
a whale,313,a robin a chicken,0
a whale,313,a robin an eagle,0
a whale,313,a robin an ostrich,0
a whale,313,a robin a penguin,0
a whale,313,a robin a salmon,1
a whale,313,a robin a seal,0
a whale,313,a robin a dolphin,0
a whale,313,a chicken an eagle,0
a whale,313,a chicken an ostrich,0
a whale,313,a chicken a penguin,0
a whale,313,a chicken a salmon,0
a whale,313,a chicken a seal,0
a whale,313,a chicken a dolphin,0
a whale,313,an eagle an ostrich,0
a whale,313,an eagle a penguin,0
a whale,313,an eagle a salmon,1
a whale,313,an eagle a seal,1
a whale,313,an eagle a dolphin,0
a whale,313,an ostrich a penguin,0
a whale,313,an ostrich a salmon,0
a whale,313,an ostrich a seal,1
a whale,313,an ostrich a dolphin,0
a whale,313,a penguin a salmon,0
a whale,313,a penguin a seal,0
a whale,313,a penguin a dolphin,0
a whale,313,a salmon a seal,0
a whale,313,a salmon a dolphin,0
a whale,313,a seal a dolphin,0
a penguin,314,a finch a robin,0
a penguin,314,a finch a chicken,1
a penguin,314,a finch an eagle,0
a penguin,314,a finch an ostrich,0
a penguin,314,a finch a salmon,0
a penguin,314,a finch a seal,1
a penguin,314,a finch a dolphin,0
a penguin,314,a finch a whale,0
a penguin,314,a robin a chicken,0
a penguin,314,a robin an eagle,0
a penguin,314,a robin an ostrich,0
a penguin,314,a robin a salmon,0
a penguin,314,a robin a seal,0
a penguin,314,a robin a dolphin,0
a penguin,314,a robin a whale,0
a penguin,314,a chicken an eagle,0
a penguin,314,a chicken an ostrich,0
a penguin,314,a chicken a salmon,0
a penguin,314,a chicken a seal,1
a penguin,314,a chicken a dolphin,0
a penguin,314,a chicken a whale,0
a penguin,314,an eagle an ostrich,0
a penguin,314,an eagle a salmon,0
a penguin,314,an eagle a seal,0
a penguin,314,an eagle a dolphin,0
a penguin,314,an eagle a whale,1
a penguin,314,an ostrich a salmon,0
a penguin,314,an ostrich a seal,0
a penguin,314,an ostrich a dolphin,0
a penguin,314,an ostrich a whale,0
a penguin,314,a salmon a seal,0
a penguin,314,a salmon a dolphin,0
a penguin,314,a salmon a whale,0
a penguin,314,a seal a dolphin,0
a penguin,314,a seal a whale,0
a penguin,314,a dolphin a whale,0
a whale,315,a finch a robin,0
a whale,315,a finch a chicken,0
a whale,315,a finch an eagle,0
a whale,315,a finch an ostrich,0
a whale,315,a finch a penguin,0
a whale,315,a finch a salmon,0
a whale,315,a finch a seal,0
a whale,315,a finch a dolphin,0
a whale,315,a robin a chicken,0
a whale,315,a robin an eagle,0
a whale,315,a robin an ostrich,0
a whale,315,a robin a penguin,0
a whale,315,a robin a salmon,0
a whale,315,a robin a seal,1
a whale,315,a robin a dolphin,0
a whale,315,a chicken an eagle,0
a whale,315,a chicken an ostrich,0
a whale,315,a chicken a penguin,0
a whale,315,a chicken a salmon,0
a whale,315,a chicken a seal,0
a whale,315,a chicken a dolphin,0
a whale,315,an eagle an ostrich,0
a whale,315,an eagle a penguin,0
a whale,315,an eagle a salmon,0
a whale,315,an eagle a seal,1
a whale,315,an eagle a dolphin,0
a whale,315,an ostrich a penguin,0
a whale,315,an ostrich a salmon,0
a whale,315,an ostrich a seal,1
a whale,315,an ostrich a dolphin,0
a whale,315,a penguin a salmon,0
a whale,315,a penguin a seal,0
a whale,315,a penguin a dolphin,1
a whale,315,a salmon a seal,1
a whale,315,a salmon a dolphin,0
a whale,315,a seal a dolphin,0
a chicken,316,a finch a robin,0
a chicken,316,a finch an eagle,0
a chicken,316,a finch an ostrich,0
a chicken,316,a finch a penguin,0
a chicken,316,a finch a salmon,0
a chicken,316,a finch a seal,0
a chicken,316,a finch a dolphin,0
a chicken,316,a finch a whale,0
a chicken,316,a robin an eagle,0
a chicken,316,a robin an ostrich,0
a chicken,316,a robin a penguin,0
a chicken,316,a robin a salmon,0
a chicken,316,a robin a seal,0
a chicken,316,a robin a dolphin,0
a chicken,316,a robin a whale,0
a chicken,316,an eagle an ostrich,0
a chicken,316,an eagle a penguin,0
a chicken,316,an eagle a salmon,0
a chicken,316,an eagle a seal,0
a chicken,316,an eagle a dolphin,0
a chicken,316,an eagle a whale,0
a chicken,316,an ostrich a penguin,0
a chicken,316,an ostrich a salmon,0
a chicken,316,an ostrich a seal,0
a chicken,316,an ostrich a dolphin,0
a chicken,316,an ostrich a whale,0
a chicken,316,a penguin a salmon,0
a chicken,316,a penguin a seal,0
a chicken,316,a penguin a dolphin,0
a chicken,316,a penguin a whale,0
a chicken,316,a salmon a seal,0
a chicken,316,a salmon a dolphin,0
a chicken,316,a salmon a whale,0
a chicken,316,a seal a dolphin,0
a chicken,316,a seal a whale,0
a chicken,316,a dolphin a whale,0
a seal,317,a finch a robin,0
a seal,317,a finch a chicken,0
a seal,317,a finch an ostrich,0
a seal,317,a finch a penguin,0
a seal,317,a finch a salmon,0
a seal,317,a finch a dolphin,1
a seal,317,a finch a whale,0
a seal,317,a robin a chicken,0
a seal,317,a robin an eagle,0
a seal,317,a robin an ostrich,0
a seal,317,a robin a penguin,0
a seal,317,a robin a salmon,0
a seal,317,a robin a dolphin,0
a seal,317,a robin a whale,0
a seal,317,a chicken an eagle,0
a seal,317,a chicken an ostrich,0
a seal,317,a chicken a penguin,0
a seal,317,a chicken a salmon,1
a seal,317,a chicken a dolphin,0
a seal,317,a chicken a whale,0
a seal,317,an eagle an ostrich,0
a seal,317,an eagle a penguin,0
a seal,317,an eagle a salmon,1
a seal,317,an eagle a dolphin,0
a seal,317,an eagle a whale,0
a seal,317,an ostrich a penguin,0
a seal,317,an ostrich a salmon,0
a seal,317,an ostrich a dolphin,0
a seal,317,an ostrich a whale,1
a seal,317,a penguin a salmon,0
a seal,317,a penguin a dolphin,0
a seal,317,a penguin a whale,0
a seal,317,a salmon a dolphin,0
a seal,317,a salmon a whale,0
a seal,317,a dolphin a whale,0
a seal,318,a finch a robin,0
a seal,318,a finch a chicken,0
a seal,318,a finch an eagle,0
a seal,318,a finch an ostrich,0
a seal,318,a finch a penguin,0
a seal,318,a finch a salmon,0
a seal,318,a finch a dolphin,0
a seal,318,a finch a whale,0
a seal,318,a robin a chicken,0
a seal,318,a robin an eagle,0
a seal,318,a robin an ostrich,0
a seal,318,a robin a penguin,0
a seal,318,a robin a salmon,0
a seal,318,a robin a dolphin,0
a seal,318,a robin a whale,0
a seal,318,a chicken an eagle,0
a seal,318,a chicken an ostrich,0
a seal,318,a chicken a penguin,0
a seal,318,a chicken a salmon,0
a seal,318,a chicken a dolphin,0
a seal,318,a chicken a whale,0
a seal,318,an eagle a penguin,0
a seal,318,an eagle a salmon,0
a seal,318,an eagle a dolphin,0
a seal,318,an ostrich a penguin,0
a seal,318,an ostrich a salmon,0
a seal,318,an ostrich a dolphin,0
a seal,318,an ostrich a whale,1
a seal,318,a penguin a salmon,0
a seal,318,a penguin a dolphin,0
a seal,318,a penguin a whale,0
a seal,318,a salmon a dolphin,0
a seal,318,a salmon a whale,0
a seal,318,a dolphin a whale,0
a robin,319,a finch a chicken,0
a robin,319,a finch an eagle,0
a robin,319,a finch an ostrich,0
a robin,319,a finch a penguin,0
a robin,319,a finch a salmon,0
a robin,319,a finch a seal,0
a robin,319,a finch a dolphin,0
a robin,319,a finch a whale,0
a robin,319,a chicken an eagle,0
a robin,319,a chicken an ostrich,0
a robin,319,a chicken a penguin,0
a robin,319,a chicken a salmon,0
a robin,319,a chicken a seal,0
a robin,319,a chicken a dolphin,0
a robin,319,a chicken a whale,0
a robin,319,an eagle an ostrich,0
a robin,319,an eagle a penguin,0
a robin,319,an eagle a salmon,0
a robin,319,an eagle a seal,0
a robin,319,an eagle a dolphin,0
a robin,319,an eagle a whale,0
a robin,319,an ostrich a penguin,0
a robin,319,an ostrich a salmon,0
a robin,319,an ostrich a seal,0
a robin,319,an ostrich a dolphin,0
a robin,319,an ostrich a whale,0
a robin,319,a penguin a salmon,0
a robin,319,a penguin a seal,0
a robin,319,a penguin a dolphin,0
a robin,319,a penguin a whale,0
a robin,319,a salmon a seal,0
a robin,319,a salmon a dolphin,0
a robin,319,a salmon a whale,0
a robin,319,a seal a dolphin,0
a robin,319,a seal a whale,0
a robin,319,a dolphin a whale,0
a penguin,320,a finch a robin,0
a penguin,320,a finch a chicken,1
a penguin,320,a finch an eagle,0
a penguin,320,a finch an ostrich,0
a penguin,320,a finch a salmon,0
a penguin,320,a finch a seal,1
a penguin,320,a finch a dolphin,0
a penguin,320,a finch a whale,0
a penguin,320,a robin a chicken,1
a penguin,320,a robin an eagle,0
a penguin,320,a robin an ostrich,0
a penguin,320,a robin a salmon,0
a penguin,320,a robin a seal,0
a penguin,320,a robin a dolphin,0
a penguin,320,a robin a whale,0
a penguin,320,a chicken an eagle,0
a penguin,320,a chicken an ostrich,0
a penguin,320,a chicken a salmon,0
a penguin,320,a chicken a seal,1
a penguin,320,a chicken a dolphin,0
a penguin,320,a chicken a whale,0
a penguin,320,an eagle an ostrich,0
a penguin,320,an eagle a salmon,0
a penguin,320,an eagle a seal,1
a penguin,320,an eagle a dolphin,0
a penguin,320,an eagle a whale,0
a penguin,320,an ostrich a salmon,0
a penguin,320,an ostrich a seal,1
a penguin,320,an ostrich a dolphin,0
a penguin,320,an ostrich a whale,0
a penguin,320,a salmon a seal,1
a penguin,320,a salmon a dolphin,0
a penguin,320,a salmon a whale,0
a penguin,320,a seal a dolphin,0
a penguin,320,a seal a whale,0
a penguin,320,a dolphin a whale,0
a salmon,321,a finch a robin,0
a salmon,321,a finch a chicken,0
a salmon,321,a finch an eagle,1
a salmon,321,a finch an ostrich,0
a salmon,321,a finch a penguin,0
a salmon,321,a finch a seal,0
a salmon,321,a finch a dolphin,0
a salmon,321,a finch a whale,0
a salmon,321,a robin a chicken,1
a salmon,321,a robin an eagle,0
a salmon,321,a robin an ostrich,0
a salmon,321,a robin a penguin,0
a salmon,321,a robin a seal,1
a salmon,321,a robin a dolphin,0
a salmon,321,a robin a whale,0
a salmon,321,a chicken an eagle,1
a salmon,321,a chicken an ostrich,0
a salmon,321,a chicken a penguin,0
a salmon,321,a chicken a seal,1
a salmon,321,a chicken a dolphin,0
a salmon,321,a chicken a whale,0
a salmon,321,an eagle an ostrich,0
a salmon,321,an eagle a penguin,0
a salmon,321,an eagle a seal,0
a salmon,321,an eagle a dolphin,0
a salmon,321,an eagle a whale,1
a salmon,321,an ostrich a penguin,0
a salmon,321,an ostrich a seal,0
a salmon,321,an ostrich a dolphin,0
a salmon,321,an ostrich a whale,0
a salmon,321,a penguin a seal,1
a salmon,321,a penguin a whale,0
a salmon,321,a seal a dolphin,0
a salmon,321,a seal a whale,0
a salmon,321,a dolphin a whale,0
a robin,322,a finch a chicken,0
a robin,322,a finch an eagle,0
a robin,322,a finch an ostrich,0
a robin,322,a finch a penguin,0
a robin,322,a finch a salmon,0
a robin,322,a finch a seal,0
a robin,322,a finch a dolphin,0
a robin,322,a finch a whale,0
a robin,322,a chicken an eagle,0
a robin,322,a chicken an ostrich,0
a robin,322,a chicken a penguin,0
a robin,322,a chicken a salmon,0
a robin,322,a chicken a seal,0
a robin,322,a chicken a dolphin,0
a robin,322,a chicken a whale,0
a robin,322,an eagle an ostrich,0
a robin,322,an eagle a penguin,0
a robin,322,an eagle a salmon,0
a robin,322,an eagle a seal,0
a robin,322,an eagle a dolphin,0
a robin,322,an eagle a whale,0
a robin,322,an ostrich a penguin,0
a robin,322,an ostrich a salmon,0
a robin,322,an ostrich a seal,0
a robin,322,an ostrich a dolphin,0
a robin,322,an ostrich a whale,0
a robin,322,a penguin a salmon,0
a robin,322,a penguin a seal,0
a robin,322,a penguin a dolphin,0
a robin,322,a penguin a whale,0
a robin,322,a salmon a seal,0
a robin,322,a salmon a whale,0
a robin,322,a seal a dolphin,0
a robin,322,a seal a whale,0
a robin,322,a dolphin a whale,0
a whale,323,a finch a robin,0
a whale,323,a finch a chicken,0
a whale,323,a finch an eagle,0
a whale,323,a finch an ostrich,0
a whale,323,a finch a penguin,0
a whale,323,a finch a salmon,0
a whale,323,a finch a seal,0
a whale,323,a finch a dolphin,0
a whale,323,a robin a chicken,0
a whale,323,a robin an eagle,0
a whale,323,a robin an ostrich,0
a whale,323,a robin a salmon,0
a whale,323,a robin a seal,1
a whale,323,a robin a dolphin,0
a whale,323,a chicken an eagle,0
a whale,323,a chicken an ostrich,0
a whale,323,a chicken a penguin,0
a whale,323,a chicken a salmon,0
a whale,323,a chicken a seal,1
a whale,323,a chicken a dolphin,0
a whale,323,an eagle an ostrich,0
a whale,323,an eagle a penguin,0
a whale,323,an eagle a salmon,0
a whale,323,an eagle a dolphin,0
a whale,323,an ostrich a salmon,0
a whale,323,an ostrich a seal,0
a whale,323,an ostrich a dolphin,0
a whale,323,a penguin a salmon,0
a whale,323,a penguin a seal,0
a whale,323,a penguin a dolphin,1
a whale,323,a salmon a seal,0
a whale,323,a salmon a dolphin,0
a whale,323,a seal a dolphin,0
a robin,324,a finch a chicken,0
a robin,324,a finch an eagle,0
a robin,324,a finch an ostrich,0
a robin,324,a finch a penguin,0
a robin,324,a finch a salmon,0
a robin,324,a finch a seal,0
a robin,324,a finch a dolphin,0
a robin,324,a finch a whale,0
a robin,324,a chicken an eagle,0
a robin,324,a chicken an ostrich,0
a robin,324,a chicken a penguin,0
a robin,324,a chicken a salmon,0
a robin,324,a chicken a seal,0
a robin,324,a chicken a dolphin,0
a robin,324,a chicken a whale,0
a robin,324,an eagle an ostrich,0
a robin,324,an eagle a penguin,0
a robin,324,an eagle a salmon,0
a robin,324,an eagle a seal,0
a robin,324,an eagle a dolphin,0
a robin,324,an eagle a whale,0
a robin,324,an ostrich a penguin,0
a robin,324,an ostrich a salmon,0
a robin,324,an ostrich a seal,0
a robin,324,an ostrich a dolphin,0
a robin,324,an ostrich a whale,0
a robin,324,a penguin a salmon,0
a robin,324,a penguin a seal,0
a robin,324,a penguin a dolphin,0
a robin,324,a penguin a whale,0
a robin,324,a salmon a seal,0
a robin,324,a salmon a dolphin,0
a robin,324,a salmon a whale,0
a robin,324,a seal a dolphin,0
a robin,324,a seal a whale,0
a robin,324,a dolphin a whale,0
a whale,325,a finch a robin,0
a whale,325,a finch a chicken,0
a whale,325,a finch an eagle,0
a whale,325,a finch an ostrich,0
a whale,325,a finch a penguin,0
a whale,325,a finch a salmon,0
a whale,325,a finch a seal,1
a whale,325,a finch a dolphin,0
a whale,325,a robin a chicken,0
a whale,325,a robin an eagle,0
a whale,325,a robin an ostrich,0
a whale,325,a robin a penguin,0
a whale,325,a robin a salmon,0
a whale,325,a robin a seal,1
a whale,325,a robin a dolphin,0
a whale,325,a chicken an eagle,0
a whale,325,a chicken an ostrich,0
a whale,325,a chicken a penguin,0
a whale,325,a chicken a salmon,0
a whale,325,a chicken a seal,1
a whale,325,a chicken a dolphin,0
a whale,325,an eagle an ostrich,0
a whale,325,an eagle a penguin,0
a whale,325,an eagle a salmon,0
a whale,325,an eagle a seal,0
a whale,325,an eagle a dolphin,0
a whale,325,an ostrich a penguin,0
a whale,325,an ostrich a salmon,0
a whale,325,an ostrich a seal,1
a whale,325,an ostrich a dolphin,1
a whale,325,a penguin a salmon,0
a whale,325,a penguin a seal,0
a whale,325,a penguin a dolphin,0
a whale,325,a salmon a seal,1
a whale,325,a salmon a dolphin,0
a whale,325,a seal a dolphin,0
a finch,326,a robin a chicken,0
a finch,326,a robin an eagle,0
a finch,326,a robin an ostrich,0
a finch,326,a robin a penguin,0
a finch,326,a robin a seal,0
a finch,326,a robin a dolphin,0
a finch,326,a robin a whale,0
a finch,326,a chicken an eagle,0
a finch,326,a chicken an ostrich,0
a finch,326,a chicken a penguin,0
a finch,326,a chicken a salmon,0
a finch,326,a chicken a seal,0
a finch,326,a chicken a dolphin,0
a finch,326,a chicken a whale,0
a finch,326,an eagle an ostrich,0
a finch,326,an eagle a penguin,0
a finch,326,an eagle a salmon,0
a finch,326,an eagle a seal,0
a finch,326,an eagle a dolphin,0
a finch,326,an eagle a whale,0
a finch,326,an ostrich a penguin,0
a finch,326,an ostrich a salmon,0
a finch,326,an ostrich a seal,0
a finch,326,an ostrich a dolphin,0
a finch,326,an ostrich a whale,0
a finch,326,a penguin a salmon,0
a finch,326,a penguin a seal,0
a finch,326,a penguin a dolphin,0
a finch,326,a penguin a whale,0
a finch,326,a salmon a seal,0
a finch,326,a salmon a dolphin,0
a finch,326,a salmon a whale,0
a finch,326,a seal a dolphin,1
a finch,326,a seal a whale,0
a finch,326,a dolphin a whale,0
a seal,327,a finch a robin,0
a seal,327,a finch a chicken,0
a seal,327,a finch an eagle,0
a seal,327,a finch an ostrich,0
a seal,327,a finch a penguin,0
a seal,327,a finch a salmon,0
a seal,327,a finch a dolphin,0
a seal,327,a finch a whale,0
a seal,327,a robin a chicken,0
a seal,327,a robin an eagle,0
a seal,327,a robin an ostrich,0
a seal,327,a robin a penguin,0
a seal,327,a robin a salmon,0
a seal,327,a robin a dolphin,0
a seal,327,a robin a whale,0
a seal,327,a chicken an ostrich,0
a seal,327,a chicken a penguin,0
a seal,327,a chicken a salmon,0
a seal,327,a chicken a dolphin,0
a seal,327,a chicken a whale,0
a seal,327,an eagle an ostrich,0
a seal,327,an eagle a penguin,0
a seal,327,an eagle a salmon,0
a seal,327,an eagle a dolphin,0
a seal,327,an eagle a whale,0
a seal,327,an ostrich a penguin,0
a seal,327,an ostrich a salmon,0
a seal,327,an ostrich a dolphin,0
a seal,327,an ostrich a whale,0
a seal,327,a penguin a salmon,0
a seal,327,a penguin a dolphin,0
a seal,327,a penguin a whale,0
a seal,327,a salmon a dolphin,0
a seal,327,a salmon a whale,1
a seal,327,a dolphin a whale,0
a finch,328,a robin a chicken,0
a finch,328,a robin an eagle,0
a finch,328,a robin an ostrich,0
a finch,328,a robin a penguin,0
a finch,328,a robin a salmon,0
a finch,328,a robin a seal,0
a finch,328,a robin a dolphin,0
a finch,328,a robin a whale,0
a finch,328,a chicken an eagle,0
a finch,328,a chicken an ostrich,0
a finch,328,a chicken a penguin,0
a finch,328,a chicken a salmon,0
a finch,328,a chicken a seal,0
a finch,328,a chicken a dolphin,0
a finch,328,a chicken a whale,0
a finch,328,an eagle an ostrich,0
a finch,328,an eagle a penguin,0
a finch,328,an eagle a salmon,0
a finch,328,an eagle a seal,0
a finch,328,an eagle a dolphin,0
a finch,328,an eagle a whale,0
a finch,328,an ostrich a penguin,0
a finch,328,an ostrich a salmon,0
a finch,328,an ostrich a seal,0
a finch,328,an ostrich a dolphin,0
a finch,328,an ostrich a whale,0
a finch,328,a penguin a salmon,0
a finch,328,a penguin a seal,0
a finch,328,a penguin a dolphin,0
a finch,328,a penguin a whale,0
a finch,328,a salmon a seal,0
a finch,328,a salmon a dolphin,0
a finch,328,a salmon a whale,0
a finch,328,a seal a whale,0
a finch,328,a dolphin a whale,0
a dolphin,329,a finch a robin,0
a dolphin,329,a finch a chicken,0
a dolphin,329,a finch an eagle,1
a dolphin,329,a finch an ostrich,0
a dolphin,329,a finch a penguin,0
a dolphin,329,a finch a salmon,0
a dolphin,329,a finch a seal,0
a dolphin,329,a finch a whale,0
a dolphin,329,a robin a chicken,0
a dolphin,329,a robin an eagle,0
a dolphin,329,a robin an ostrich,0
a dolphin,329,a robin a penguin,0
a dolphin,329,a robin a salmon,1
a dolphin,329,a robin a seal,0
a dolphin,329,a robin a whale,0
a dolphin,329,a chicken an eagle,0
a dolphin,329,a chicken an ostrich,0
a dolphin,329,a chicken a penguin,0
a dolphin,329,a chicken a salmon,0
a dolphin,329,a chicken a seal,1
a dolphin,329,a chicken a whale,0
a dolphin,329,an eagle an ostrich,0
a dolphin,329,an eagle a penguin,0
a dolphin,329,an eagle a salmon,1
a dolphin,329,an eagle a seal,1
a dolphin,329,an eagle a whale,0
a dolphin,329,an ostrich a penguin,0
a dolphin,329,an ostrich a salmon,0
a dolphin,329,an ostrich a seal,0
a dolphin,329,an ostrich a whale,0
a dolphin,329,a penguin a salmon,0
a dolphin,329,a penguin a seal,1
a dolphin,329,a penguin a whale,0
a dolphin,329,a salmon a seal,1
a dolphin,329,a salmon a whale,1
a dolphin,329,a seal a whale,0
a penguin,330,a finch a robin,0
a penguin,330,a finch a chicken,0
a penguin,330,a finch an eagle,0
a penguin,330,a finch an ostrich,0
a penguin,330,a finch a salmon,0
a penguin,330,a finch a seal,1
a penguin,330,a finch a dolphin,0
a penguin,330,a finch a whale,0
a penguin,330,a robin a chicken,1
a penguin,330,a robin an eagle,0
a penguin,330,a robin an ostrich,0
a penguin,330,a robin a salmon,0
a penguin,330,a robin a seal,0
a penguin,330,a robin a dolphin,0
a penguin,330,a robin a whale,0
a penguin,330,a chicken an eagle,0
a penguin,330,a chicken an ostrich,0
a penguin,330,a chicken a salmon,0
a penguin,330,a chicken a seal,0
a penguin,330,a chicken a dolphin,0
a penguin,330,a chicken a whale,0
a penguin,330,an eagle an ostrich,0
a penguin,330,an eagle a salmon,0
a penguin,330,an eagle a seal,1
a penguin,330,an eagle a dolphin,0
a penguin,330,an eagle a whale,1
a penguin,330,an ostrich a salmon,0
a penguin,330,an ostrich a seal,0
a penguin,330,an ostrich a dolphin,0
a penguin,330,a salmon a seal,0
a penguin,330,a salmon a dolphin,0
a penguin,330,a salmon a whale,1
a penguin,330,a seal a dolphin,0
a penguin,330,a seal a whale,0
a penguin,330,a dolphin a whale,0
a salmon,331,a finch a robin,0
a salmon,331,a finch a chicken,0
a salmon,331,a finch an eagle,0
a salmon,331,a finch an ostrich,0
a salmon,331,a finch a penguin,0
a salmon,331,a finch a seal,0
a salmon,331,a finch a dolphin,0
a salmon,331,a finch a whale,0
a salmon,331,a robin a chicken,0
a salmon,331,a robin an eagle,0
a salmon,331,a robin an ostrich,0
a salmon,331,a robin a penguin,1
a salmon,331,a robin a seal,0
a salmon,331,a robin a dolphin,0
a salmon,331,a robin a whale,0
a salmon,331,a chicken an eagle,0
a salmon,331,a chicken an ostrich,0
a salmon,331,a chicken a penguin,0
a salmon,331,a chicken a seal,0
a salmon,331,a chicken a dolphin,0
a salmon,331,a chicken a whale,0
a salmon,331,an eagle an ostrich,0
a salmon,331,an eagle a penguin,0
a salmon,331,an eagle a seal,0
a salmon,331,an eagle a whale,1
a salmon,331,an ostrich a penguin,0
a salmon,331,an ostrich a seal,0
a salmon,331,an ostrich a dolphin,0
a salmon,331,an ostrich a whale,0
a salmon,331,a penguin a seal,1
a salmon,331,a penguin a dolphin,0
a salmon,331,a seal a dolphin,0
a salmon,331,a seal a whale,0
a salmon,331,a dolphin a whale,0
a whale,332,a finch a robin,0
a whale,332,a finch a chicken,0
a whale,332,a finch an eagle,0
a whale,332,a finch an ostrich,0
a whale,332,a finch a penguin,0
a whale,332,a finch a salmon,0
a whale,332,a finch a seal,0
a whale,332,a finch a dolphin,0
a whale,332,a robin a chicken,0
a whale,332,a robin an eagle,0
a whale,332,a robin an ostrich,0
a whale,332,a robin a penguin,0
a whale,332,a robin a salmon,0
a whale,332,a robin a seal,1
a whale,332,a robin a dolphin,0
a whale,332,a chicken an eagle,0
a whale,332,a chicken an ostrich,0
a whale,332,a chicken a penguin,0
a whale,332,a chicken a salmon,0
a whale,332,a chicken a seal,1
a whale,332,a chicken a dolphin,0
a whale,332,an eagle an ostrich,0
a whale,332,an eagle a penguin,0
a whale,332,an eagle a salmon,1
a whale,332,an eagle a seal,0
a whale,332,an eagle a dolphin,0
a whale,332,an ostrich a penguin,0
a whale,332,an ostrich a salmon,0
a whale,332,an ostrich a seal,0
a whale,332,an ostrich a dolphin,0
a whale,332,a penguin a salmon,0
a whale,332,a penguin a seal,1
a whale,332,a penguin a dolphin,0
a whale,332,a salmon a seal,0
a whale,332,a salmon a dolphin,1
a whale,332,a seal a dolphin,0
a salmon,333,a finch a robin,0
a salmon,333,a finch a chicken,0
a salmon,333,a finch an eagle,1
a salmon,333,a finch an ostrich,0
a salmon,333,a finch a penguin,0
a salmon,333,a finch a seal,0
a salmon,333,a finch a dolphin,0
a salmon,333,a finch a whale,0
a salmon,333,a robin a chicken,1
a salmon,333,a robin an eagle,1
a salmon,333,a robin an ostrich,0
a salmon,333,a robin a penguin,0
a salmon,333,a robin a seal,0
a salmon,333,a robin a dolphin,0
a salmon,333,a robin a whale,0
a salmon,333,a chicken an eagle,1
a salmon,333,a chicken an ostrich,0
a salmon,333,a chicken a penguin,0
a salmon,333,a chicken a seal,1
a salmon,333,a chicken a dolphin,0
a salmon,333,a chicken a whale,0
a salmon,333,an eagle an ostrich,0
a salmon,333,an eagle a penguin,0
a salmon,333,an eagle a seal,0
a salmon,333,an eagle a dolphin,0
a salmon,333,an eagle a whale,0
a salmon,333,an ostrich a penguin,0
a salmon,333,an ostrich a seal,1
a salmon,333,an ostrich a dolphin,0
a salmon,333,an ostrich a whale,0
a salmon,333,a penguin a seal,1
a salmon,333,a penguin a dolphin,0
a salmon,333,a penguin a whale,0
a salmon,333,a seal a dolphin,0
a salmon,333,a seal a whale,0
a salmon,333,a dolphin a whale,0
a whale,334,a finch a robin,0
a whale,334,a finch a chicken,0
a whale,334,a finch an eagle,0
a whale,334,a finch an ostrich,0
a whale,334,a finch a penguin,0
a whale,334,a finch a salmon,0
a whale,334,a finch a seal,1
a whale,334,a finch a dolphin,0
a whale,334,a robin a chicken,0
a whale,334,a robin an eagle,0
a whale,334,a robin an ostrich,0
a whale,334,a robin a penguin,0
a whale,334,a robin a salmon,0
a whale,334,a robin a seal,0
a whale,334,a robin a dolphin,0
a whale,334,a chicken an eagle,0
a whale,334,a chicken an ostrich,0
a whale,334,a chicken a penguin,0
a whale,334,a chicken a salmon,0
a whale,334,a chicken a seal,0
a whale,334,a chicken a dolphin,0
a whale,334,an eagle an ostrich,0
a whale,334,an eagle a penguin,0
a whale,334,an eagle a salmon,0
a whale,334,an eagle a seal,0
a whale,334,an eagle a dolphin,0
a whale,334,an ostrich a penguin,0
a whale,334,an ostrich a salmon,0
a whale,334,an ostrich a seal,1
a whale,334,an ostrich a dolphin,0
a whale,334,a penguin a salmon,0
a whale,334,a penguin a seal,0
a whale,334,a penguin a dolphin,0
a whale,334,a salmon a seal,0
a whale,334,a salmon a dolphin,0
a whale,334,a seal a dolphin,0
a chicken,335,a finch a robin,0
a chicken,335,a finch an eagle,1
a chicken,335,a finch an ostrich,0
a chicken,335,a finch a penguin,0
a chicken,335,a finch a salmon,0
a chicken,335,a finch a seal,0
a chicken,335,a finch a dolphin,0
a chicken,335,a finch a whale,0
a chicken,335,a robin an eagle,0
a chicken,335,a robin an ostrich,0
a chicken,335,a robin a penguin,0
a chicken,335,a robin a salmon,0
a chicken,335,a robin a seal,0
a chicken,335,a robin a dolphin,0
a chicken,335,a robin a whale,0
a chicken,335,an eagle an ostrich,0
a chicken,335,an eagle a penguin,0
a chicken,335,an eagle a salmon,0
a chicken,335,an eagle a seal,0
a chicken,335,an eagle a dolphin,0
a chicken,335,an eagle a whale,0
a chicken,335,an ostrich a penguin,0
a chicken,335,an ostrich a salmon,0
a chicken,335,an ostrich a seal,0
a chicken,335,an ostrich a dolphin,0
a chicken,335,an ostrich a whale,0
a chicken,335,a penguin a salmon,0
a chicken,335,a penguin a seal,0
a chicken,335,a penguin a dolphin,0
a chicken,335,a penguin a whale,0
a chicken,335,a salmon a seal,0
a chicken,335,a salmon a dolphin,0
a chicken,335,a salmon a whale,0
a chicken,335,a seal a dolphin,0
a chicken,335,a seal a whale,0
a chicken,335,a dolphin a whale,0
a robin,336,a finch a chicken,0
a robin,336,a finch an eagle,0
a robin,336,a finch an ostrich,0
a robin,336,a finch a penguin,0
a robin,336,a finch a salmon,0
a robin,336,a finch a seal,0
a robin,336,a finch a dolphin,0
a robin,336,a finch a whale,0
a robin,336,a chicken an eagle,0
a robin,336,a chicken an ostrich,0
a robin,336,a chicken a penguin,0
a robin,336,a chicken a salmon,0
a robin,336,a chicken a seal,0
a robin,336,a chicken a dolphin,0
a robin,336,a chicken a whale,0
a robin,336,an eagle an ostrich,0
a robin,336,an eagle a penguin,0
a robin,336,an eagle a salmon,0
a robin,336,an eagle a seal,0
a robin,336,an eagle a dolphin,0
a robin,336,an eagle a whale,0
a robin,336,an ostrich a penguin,0
a robin,336,an ostrich a salmon,0
a robin,336,an ostrich a seal,0
a robin,336,an ostrich a dolphin,0
a robin,336,an ostrich a whale,0
a robin,336,a penguin a salmon,0
a robin,336,a penguin a seal,1
a robin,336,a penguin a dolphin,0
a robin,336,a penguin a whale,0
a robin,336,a salmon a seal,0
a robin,336,a salmon a dolphin,0
a robin,336,a salmon a whale,0
a robin,336,a seal a dolphin,0
a robin,336,a seal a whale,0
a robin,336,a dolphin a whale,0
a dolphin,337,a finch a robin,0
a dolphin,337,a finch a chicken,0
a dolphin,337,a finch an eagle,1
a dolphin,337,a finch an ostrich,0
a dolphin,337,a finch a penguin,0
a dolphin,337,a finch a salmon,0
a dolphin,337,a finch a seal,1
a dolphin,337,a finch a whale,0
a dolphin,337,a robin a chicken,1
a dolphin,337,a robin an eagle,1
a dolphin,337,a robin an ostrich,0
a dolphin,337,a robin a penguin,0
a dolphin,337,a robin a salmon,0
a dolphin,337,a robin a seal,1
a dolphin,337,a robin a whale,0
a dolphin,337,a chicken an eagle,0
a dolphin,337,a chicken an ostrich,0
a dolphin,337,a chicken a penguin,0
a dolphin,337,a chicken a salmon,0
a dolphin,337,a chicken a seal,0
a dolphin,337,a chicken a whale,0
a dolphin,337,an eagle a penguin,0
a dolphin,337,an eagle a salmon,0
a dolphin,337,an eagle a seal,0
a dolphin,337,an eagle a whale,0
a dolphin,337,an ostrich a penguin,0
a dolphin,337,an ostrich a salmon,0
a dolphin,337,an ostrich a seal,0
a dolphin,337,an ostrich a whale,0
a dolphin,337,a penguin a salmon,0
a dolphin,337,a penguin a seal,0
a dolphin,337,a penguin a whale,1
a dolphin,337,a salmon a seal,1
a dolphin,337,a salmon a whale,0
a dolphin,337,a seal a whale,0
a seal,338,a finch a robin,0
a seal,338,a finch a chicken,0
a seal,338,a finch an eagle,0
a seal,338,a finch an ostrich,0
a seal,338,a finch a penguin,0
a seal,338,a finch a salmon,0
a seal,338,a finch a dolphin,0
a seal,338,a finch a whale,0
a seal,338,a robin a chicken,1
a seal,338,a robin an eagle,0
a seal,338,a robin an ostrich,1
a seal,338,a robin a penguin,0
a seal,338,a robin a salmon,0
a seal,338,a robin a dolphin,0
a seal,338,a robin a whale,0
a seal,338,a chicken an eagle,0
a seal,338,a chicken an ostrich,0
a seal,338,a chicken a penguin,0
a seal,338,a chicken a salmon,0
a seal,338,a chicken a dolphin,0
a seal,338,a chicken a whale,0
a seal,338,an eagle an ostrich,1
a seal,338,an eagle a penguin,0
a seal,338,an eagle a salmon,0
a seal,338,an eagle a dolphin,0
a seal,338,an eagle a whale,1
a seal,338,an ostrich a penguin,0
a seal,338,an ostrich a salmon,1
a seal,338,an ostrich a dolphin,0
a seal,338,an ostrich a whale,0
a seal,338,a penguin a salmon,0
a seal,338,a penguin a dolphin,0
a seal,338,a penguin a whale,0
a seal,338,a salmon a dolphin,0
a seal,338,a dolphin a whale,0
a whale,339,a finch a robin,0
a whale,339,a finch a chicken,0
a whale,339,a finch an eagle,0
a whale,339,a finch an ostrich,0
a whale,339,a finch a penguin,0
a whale,339,a finch a salmon,0
a whale,339,a finch a seal,0
a whale,339,a finch a dolphin,0
a whale,339,a robin a chicken,0
a whale,339,a robin an eagle,0
a whale,339,a robin an ostrich,0
a whale,339,a robin a penguin,0
a whale,339,a robin a salmon,0
a whale,339,a robin a seal,0
a whale,339,a robin a dolphin,0
a whale,339,a chicken an eagle,0
a whale,339,a chicken an ostrich,0
a whale,339,a chicken a salmon,0
a whale,339,a chicken a seal,1
a whale,339,a chicken a dolphin,0
a whale,339,an eagle an ostrich,0
a whale,339,an eagle a salmon,1
a whale,339,an eagle a seal,1
a whale,339,an eagle a dolphin,1
a whale,339,an ostrich a penguin,0
a whale,339,an ostrich a salmon,0
a whale,339,an ostrich a seal,1
a whale,339,an ostrich a dolphin,0
a whale,339,a penguin a salmon,0
a whale,339,a penguin a seal,1
a whale,339,a penguin a dolphin,1
a whale,339,a salmon a seal,0
a whale,339,a salmon a dolphin,0
a whale,339,a seal a dolphin,0
a salmon,340,a finch a robin,0
a salmon,340,a finch a chicken,0
a salmon,340,a finch an eagle,0
a salmon,340,a finch an ostrich,0
a salmon,340,a finch a penguin,0
a salmon,340,a finch a seal,1
a salmon,340,a finch a dolphin,0
a salmon,340,a finch a whale,0
a salmon,340,a robin a chicken,0
a salmon,340,a robin an eagle,0
a salmon,340,a robin an ostrich,0
a salmon,340,a robin a penguin,1
a salmon,340,a robin a seal,0
a salmon,340,a robin a dolphin,0
a salmon,340,a robin a whale,0
a salmon,340,a chicken an eagle,1
a salmon,340,a chicken an ostrich,0
a salmon,340,a chicken a penguin,0
a salmon,340,a chicken a seal,0
a salmon,340,a chicken a dolphin,0
a salmon,340,a chicken a whale,0
a salmon,340,an eagle a penguin,0
a salmon,340,an eagle a seal,0
a salmon,340,an eagle a dolphin,0
a salmon,340,an eagle a whale,1
a salmon,340,an ostrich a penguin,0
a salmon,340,an ostrich a seal,0
a salmon,340,an ostrich a whale,0
a salmon,340,a penguin a seal,0
a salmon,340,a penguin a dolphin,0
a salmon,340,a penguin a whale,1
a salmon,340,a seal a dolphin,0
a salmon,340,a seal a whale,0
a salmon,340,a dolphin a whale,0
a dolphin,341,a finch a robin,0
a dolphin,341,a finch a chicken,0
a dolphin,341,a finch an eagle,0
a dolphin,341,a finch an ostrich,0
a dolphin,341,a finch a penguin,0
a dolphin,341,a finch a salmon,0
a dolphin,341,a finch a seal,1
a dolphin,341,a finch a whale,0
a dolphin,341,a robin a chicken,0
a dolphin,341,a robin an eagle,0
a dolphin,341,a robin an ostrich,0
a dolphin,341,a robin a penguin,0
a dolphin,341,a robin a salmon,0
a dolphin,341,a robin a seal,0
a dolphin,341,a robin a whale,0
a dolphin,341,a chicken an eagle,0
a dolphin,341,a chicken an ostrich,0
a dolphin,341,a chicken a penguin,0
a dolphin,341,a chicken a salmon,0
a dolphin,341,a chicken a seal,0
a dolphin,341,a chicken a whale,0
a dolphin,341,an eagle an ostrich,0
a dolphin,341,an eagle a penguin,0
a dolphin,341,an eagle a salmon,1
a dolphin,341,an eagle a seal,1
a dolphin,341,an eagle a whale,0
a dolphin,341,an ostrich a penguin,0
a dolphin,341,an ostrich a salmon,0
a dolphin,341,an ostrich a seal,1
a dolphin,341,an ostrich a whale,1
a dolphin,341,a penguin a salmon,0
a dolphin,341,a penguin a seal,1
a dolphin,341,a penguin a whale,0
a dolphin,341,a salmon a seal,0
a dolphin,341,a salmon a whale,0
a dolphin,341,a seal a whale,0
an eagle,342,a finch a robin,0
an eagle,342,a finch a chicken,0
an eagle,342,a finch an ostrich,0
an eagle,342,a finch a penguin,0
an eagle,342,a finch a salmon,0
an eagle,342,a finch a seal,0
an eagle,342,a finch a dolphin,0
an eagle,342,a finch a whale,0
an eagle,342,a robin a chicken,0
an eagle,342,a robin an ostrich,0
an eagle,342,a robin a penguin,0
an eagle,342,a robin a salmon,0
an eagle,342,a robin a seal,0
an eagle,342,a robin a dolphin,0
an eagle,342,a robin a whale,0
an eagle,342,a chicken an ostrich,0
an eagle,342,a chicken a penguin,0
an eagle,342,a chicken a salmon,0
an eagle,342,a chicken a seal,0
an eagle,342,a chicken a dolphin,0
an eagle,342,a chicken a whale,0
an eagle,342,an ostrich a penguin,0
an eagle,342,an ostrich a salmon,0
an eagle,342,an ostrich a seal,0
an eagle,342,an ostrich a dolphin,0
an eagle,342,an ostrich a whale,0
an eagle,342,a penguin a salmon,0
an eagle,342,a penguin a seal,0
an eagle,342,a penguin a dolphin,0
an eagle,342,a penguin a whale,0
an eagle,342,a salmon a seal,0
an eagle,342,a salmon a dolphin,0
an eagle,342,a salmon a whale,0
an eagle,342,a seal a dolphin,0
an eagle,342,a seal a whale,0
an eagle,342,a dolphin a whale,0
an eagle,343,a finch a robin,0
an eagle,343,a finch a chicken,0
an eagle,343,a finch an ostrich,0
an eagle,343,a finch a penguin,0
an eagle,343,a finch a salmon,0
an eagle,343,a finch a seal,0
an eagle,343,a finch a dolphin,0
an eagle,343,a finch a whale,0
an eagle,343,a robin a chicken,0
an eagle,343,a robin an ostrich,0
an eagle,343,a robin a penguin,0
an eagle,343,a robin a salmon,0
an eagle,343,a robin a seal,0
an eagle,343,a robin a dolphin,0
an eagle,343,a robin a whale,0
an eagle,343,a chicken an ostrich,0
an eagle,343,a chicken a penguin,0
an eagle,343,a chicken a salmon,0
an eagle,343,a chicken a seal,0
an eagle,343,a chicken a dolphin,0
an eagle,343,a chicken a whale,0
an eagle,343,an ostrich a penguin,0
an eagle,343,an ostrich a salmon,0
an eagle,343,an ostrich a seal,0
an eagle,343,an ostrich a dolphin,0
an eagle,343,an ostrich a whale,0
an eagle,343,a penguin a salmon,0
an eagle,343,a penguin a seal,0
an eagle,343,a penguin a dolphin,0
an eagle,343,a penguin a whale,0
an eagle,343,a salmon a seal,0
an eagle,343,a salmon a dolphin,0
an eagle,343,a seal a dolphin,0
an eagle,343,a seal a whale,0
an eagle,343,a dolphin a whale,0
a finch,344,a robin a chicken,0
a finch,344,a robin an eagle,0
a finch,344,a robin an ostrich,0
a finch,344,a robin a penguin,0
a finch,344,a robin a salmon,0
a finch,344,a robin a seal,0
a finch,344,a robin a dolphin,0
a finch,344,a robin a whale,0
a finch,344,a chicken an eagle,0
a finch,344,a chicken an ostrich,0
a finch,344,a chicken a penguin,0
a finch,344,a chicken a salmon,0
a finch,344,a chicken a seal,0
a finch,344,a chicken a dolphin,0
a finch,344,a chicken a whale,0
a finch,344,an eagle an ostrich,0
a finch,344,an eagle a penguin,0
a finch,344,an eagle a salmon,0
a finch,344,an eagle a seal,0
a finch,344,an eagle a dolphin,0
a finch,344,an eagle a whale,0
a finch,344,an ostrich a penguin,0
a finch,344,an ostrich a salmon,0
a finch,344,an ostrich a seal,0
a finch,344,an ostrich a dolphin,0
a finch,344,an ostrich a whale,0
a finch,344,a penguin a salmon,0
a finch,344,a penguin a seal,0
a finch,344,a penguin a whale,0
a finch,344,a salmon a seal,0
a finch,344,a salmon a dolphin,0
a finch,344,a salmon a whale,0
a finch,344,a seal a dolphin,0
a finch,344,a dolphin a whale,0
a seal,345,a finch a robin,0
a seal,345,a finch a chicken,0
a seal,345,a finch an eagle,0
a seal,345,a finch an ostrich,0
a seal,345,a finch a penguin,0
a seal,345,a finch a salmon,1
a seal,345,a finch a dolphin,1
a seal,345,a finch a whale,0
a seal,345,a robin a chicken,0
a seal,345,a robin an eagle,0
a seal,345,a robin an ostrich,0
a seal,345,a robin a penguin,0
a seal,345,a robin a salmon,1
a seal,345,a robin a dolphin,0
a seal,345,a robin a whale,1
a seal,345,a chicken an eagle,0
a seal,345,a chicken an ostrich,0
a seal,345,a chicken a penguin,0
a seal,345,a chicken a salmon,0
a seal,345,a chicken a dolphin,0
a seal,345,a chicken a whale,0
a seal,345,an eagle an ostrich,0
a seal,345,an eagle a penguin,0
a seal,345,an eagle a salmon,1
a seal,345,an eagle a whale,0
a seal,345,an ostrich a penguin,0
a seal,345,an ostrich a salmon,0
a seal,345,an ostrich a dolphin,1
a seal,345,an ostrich a whale,0
a seal,345,a penguin a dolphin,0
a seal,345,a penguin a whale,0
a seal,345,a salmon a dolphin,0
a seal,345,a salmon a whale,0
a seal,345,a dolphin a whale,0
a chicken,346,a finch a robin,0
a chicken,346,a finch an eagle,0
a chicken,346,a finch an ostrich,0
a chicken,346,a finch a penguin,0
a chicken,346,a finch a salmon,0
a chicken,346,a finch a seal,0
a chicken,346,a finch a dolphin,0
a chicken,346,a finch a whale,0
a chicken,346,a robin an eagle,0
a chicken,346,a robin an ostrich,0
a chicken,346,a robin a penguin,0
a chicken,346,a robin a salmon,0
a chicken,346,a robin a seal,0
a chicken,346,a robin a dolphin,0
a chicken,346,a robin a whale,0
a chicken,346,an eagle an ostrich,0
a chicken,346,an eagle a penguin,0
a chicken,346,an eagle a salmon,0
a chicken,346,an eagle a seal,0
a chicken,346,an eagle a dolphin,0
a chicken,346,an eagle a whale,0
a chicken,346,an ostrich a penguin,0
a chicken,346,an ostrich a salmon,0
a chicken,346,an ostrich a seal,0
a chicken,346,an ostrich a dolphin,0
a chicken,346,an ostrich a whale,0
a chicken,346,a penguin a salmon,0
a chicken,346,a penguin a seal,0
a chicken,346,a penguin a dolphin,0
a chicken,346,a penguin a whale,0
a chicken,346,a salmon a seal,0
a chicken,346,a salmon a dolphin,0
a chicken,346,a salmon a whale,0
a chicken,346,a seal a dolphin,0
a chicken,346,a seal a whale,0
a chicken,346,a dolphin a whale,0
a salmon,347,a finch a robin,0
a salmon,347,a finch a chicken,0
a salmon,347,a finch an eagle,0
a salmon,347,a finch an ostrich,0
a salmon,347,a finch a penguin,0
a salmon,347,a finch a seal,1
a salmon,347,a finch a dolphin,0
a salmon,347,a finch a whale,0
a salmon,347,a robin a chicken,0
a salmon,347,a robin an eagle,0
a salmon,347,a robin an ostrich,0
a salmon,347,a robin a penguin,0
a salmon,347,a robin a seal,0
a salmon,347,a robin a dolphin,0
a salmon,347,a robin a whale,0
a salmon,347,a chicken an eagle,1
a salmon,347,a chicken an ostrich,0
a salmon,347,a chicken a penguin,0
a salmon,347,a chicken a seal,0
a salmon,347,a chicken a dolphin,0
a salmon,347,a chicken a whale,0
a salmon,347,an eagle an ostrich,0
a salmon,347,an eagle a penguin,0
a salmon,347,an eagle a seal,1
a salmon,347,an eagle a dolphin,0
a salmon,347,an eagle a whale,0
a salmon,347,an ostrich a penguin,0
a salmon,347,an ostrich a seal,0
a salmon,347,an ostrich a dolphin,0
a salmon,347,an ostrich a whale,0
a salmon,347,a penguin a seal,1
a salmon,347,a penguin a dolphin,0
a salmon,347,a penguin a whale,0
a salmon,347,a seal a dolphin,0
a salmon,347,a seal a whale,0
a salmon,347,a dolphin a whale,0
a robin,348,a finch a chicken,0
a robin,348,a finch an eagle,0
a robin,348,a finch an ostrich,0
a robin,348,a finch a penguin,0
a robin,348,a finch a salmon,0
a robin,348,a finch a seal,0
a robin,348,a finch a dolphin,0
a robin,348,a finch a whale,0
a robin,348,a chicken an eagle,0
a robin,348,a chicken an ostrich,0
a robin,348,a chicken a penguin,0
a robin,348,a chicken a salmon,0
a robin,348,a chicken a seal,0
a robin,348,a chicken a dolphin,0
a robin,348,a chicken a whale,0
a robin,348,an eagle an ostrich,0
a robin,348,an eagle a penguin,0
a robin,348,an eagle a salmon,0
a robin,348,an eagle a seal,0
a robin,348,an eagle a dolphin,0
a robin,348,an eagle a whale,0
a robin,348,an ostrich a penguin,0
a robin,348,an ostrich a salmon,0
a robin,348,an ostrich a seal,0
a robin,348,an ostrich a dolphin,0
a robin,348,an ostrich a whale,0
a robin,348,a penguin a salmon,0
a robin,348,a penguin a seal,0
a robin,348,a penguin a dolphin,0
a robin,348,a penguin a whale,0
a robin,348,a salmon a seal,0
a robin,348,a salmon a dolphin,0
a robin,348,a salmon a whale,0
a robin,348,a seal a dolphin,0
a robin,348,a seal a whale,0
a robin,348,a dolphin a whale,0
a robin,349,a finch a chicken,0
a robin,349,a finch an eagle,0
a robin,349,a finch an ostrich,0
a robin,349,a finch a penguin,0
a robin,349,a finch a salmon,0
a robin,349,a finch a seal,0
a robin,349,a finch a dolphin,0
a robin,349,a finch a whale,0
a robin,349,a chicken an eagle,0
a robin,349,a chicken an ostrich,0
a robin,349,a chicken a penguin,0
a robin,349,a chicken a salmon,0
a robin,349,a chicken a seal,0
a robin,349,a chicken a dolphin,0
a robin,349,a chicken a whale,0
a robin,349,an eagle an ostrich,0
a robin,349,an eagle a penguin,0
a robin,349,an eagle a salmon,0
a robin,349,an eagle a seal,0
a robin,349,an eagle a dolphin,0
a robin,349,an eagle a whale,0
a robin,349,an ostrich a penguin,0
a robin,349,an ostrich a salmon,0
a robin,349,an ostrich a seal,0
a robin,349,an ostrich a dolphin,0
a robin,349,an ostrich a whale,0
a robin,349,a penguin a salmon,0
a robin,349,a penguin a seal,0
a robin,349,a penguin a dolphin,0
a robin,349,a penguin a whale,0
a robin,349,a salmon a seal,0
a robin,349,a salmon a dolphin,0
a robin,349,a salmon a whale,0
a robin,349,a seal a dolphin,0
a robin,349,a seal a whale,0
a robin,349,a dolphin a whale,0
a salmon,350,a finch a robin,0
a salmon,350,a finch a chicken,0
a salmon,350,a finch an eagle,1
a salmon,350,a finch an ostrich,0
a salmon,350,a finch a penguin,0
a salmon,350,a finch a seal,0
a salmon,350,a finch a dolphin,0
a salmon,350,a finch a whale,0
a salmon,350,a robin a chicken,0
a salmon,350,a robin an eagle,1
a salmon,350,a robin an ostrich,0
a salmon,350,a robin a penguin,1
a salmon,350,a robin a seal,1
a salmon,350,a robin a dolphin,0
a salmon,350,a robin a whale,0
a salmon,350,a chicken an eagle,0
a salmon,350,a chicken an ostrich,0
a salmon,350,a chicken a penguin,0
a salmon,350,a chicken a seal,1
a salmon,350,a chicken a dolphin,0
a salmon,350,a chicken a whale,0
a salmon,350,an eagle a penguin,0
a salmon,350,an eagle a seal,1
a salmon,350,an eagle a dolphin,0
a salmon,350,an eagle a whale,1
a salmon,350,an ostrich a penguin,0
a salmon,350,an ostrich a seal,0
a salmon,350,an ostrich a dolphin,0
a salmon,350,an ostrich a whale,0
a salmon,350,a penguin a seal,0
a salmon,350,a penguin a dolphin,0
a salmon,350,a penguin a whale,0
a salmon,350,a seal a dolphin,0
a salmon,350,a seal a whale,0
a salmon,350,a dolphin a whale,0
a penguin,351,a finch a robin,0
a penguin,351,a finch a chicken,0
a penguin,351,a finch an eagle,0
a penguin,351,a finch an ostrich,0
a penguin,351,a finch a salmon,0
a penguin,351,a finch a seal,0
a penguin,351,a finch a dolphin,0
a penguin,351,a finch a whale,0
a penguin,351,a robin a chicken,0
a penguin,351,a robin an eagle,0
a penguin,351,a robin an ostrich,0
a penguin,351,a robin a salmon,0
a penguin,351,a robin a seal,0
a penguin,351,a robin a dolphin,0
a penguin,351,a robin a whale,0
a penguin,351,a chicken an eagle,0
a penguin,351,a chicken an ostrich,0
a penguin,351,a chicken a salmon,0
a penguin,351,a chicken a seal,0
a penguin,351,a chicken a dolphin,0
a penguin,351,a chicken a whale,0
a penguin,351,an eagle an ostrich,0
a penguin,351,an eagle a salmon,0
a penguin,351,an eagle a seal,1
a penguin,351,an eagle a dolphin,0
a penguin,351,an eagle a whale,1
a penguin,351,an ostrich a salmon,0
a penguin,351,an ostrich a seal,1
a penguin,351,an ostrich a dolphin,0
a penguin,351,an ostrich a whale,1
a penguin,351,a salmon a seal,1
a penguin,351,a salmon a dolphin,0
a penguin,351,a salmon a whale,0
a penguin,351,a seal a dolphin,0
a penguin,351,a seal a whale,0
a penguin,351,a dolphin a whale,0
a chicken,352,a finch a robin,0
a chicken,352,a finch an eagle,0
a chicken,352,a finch an ostrich,0
a chicken,352,a finch a penguin,0
a chicken,352,a finch a salmon,0
a chicken,352,a finch a seal,0
a chicken,352,a finch a dolphin,0
a chicken,352,a finch a whale,0
a chicken,352,a robin an eagle,0
a chicken,352,a robin an ostrich,0
a chicken,352,a robin a penguin,0
a chicken,352,a robin a salmon,0
a chicken,352,a robin a seal,0
a chicken,352,a robin a dolphin,0
a chicken,352,a robin a whale,0
a chicken,352,an eagle an ostrich,0
a chicken,352,an eagle a penguin,0
a chicken,352,an eagle a salmon,0
a chicken,352,an eagle a seal,0
a chicken,352,an eagle a dolphin,0
a chicken,352,an eagle a whale,0
a chicken,352,an ostrich a penguin,0
a chicken,352,an ostrich a salmon,0
a chicken,352,an ostrich a seal,0
a chicken,352,an ostrich a dolphin,0
a chicken,352,an ostrich a whale,0
a chicken,352,a penguin a salmon,0
a chicken,352,a penguin a dolphin,0
a chicken,352,a penguin a whale,0
a chicken,352,a salmon a seal,0
a chicken,352,a salmon a dolphin,0
a chicken,352,a salmon a whale,0
a chicken,352,a seal a dolphin,0
a chicken,352,a seal a whale,0
a chicken,352,a dolphin a whale,0
a dolphin,353,a finch a robin,0
a dolphin,353,a finch a chicken,0
a dolphin,353,a finch an eagle,0
a dolphin,353,a finch an ostrich,0
a dolphin,353,a finch a penguin,0
a dolphin,353,a finch a salmon,0
a dolphin,353,a finch a seal,0
a dolphin,353,a finch a whale,0
a dolphin,353,a robin a chicken,1
a dolphin,353,a robin an eagle,0
a dolphin,353,a robin an ostrich,0
a dolphin,353,a robin a penguin,0
a dolphin,353,a robin a salmon,0
a dolphin,353,a robin a seal,0
a dolphin,353,a robin a whale,0
a dolphin,353,a chicken an eagle,0
a dolphin,353,a chicken an ostrich,0
a dolphin,353,a chicken a penguin,0
a dolphin,353,a chicken a salmon,0
a dolphin,353,a chicken a seal,1
a dolphin,353,a chicken a whale,0
a dolphin,353,an eagle a penguin,0
a dolphin,353,an eagle a salmon,0
a dolphin,353,an eagle a seal,0
a dolphin,353,an eagle a whale,0
a dolphin,353,an ostrich a penguin,0
a dolphin,353,an ostrich a salmon,0
a dolphin,353,an ostrich a seal,0
a dolphin,353,an ostrich a whale,0
a dolphin,353,a penguin a salmon,0
a dolphin,353,a penguin a seal,0
a dolphin,353,a penguin a whale,1
a dolphin,353,a salmon a seal,1
a dolphin,353,a salmon a whale,1
a dolphin,353,a seal a whale,0
a whale,354,a finch a robin,0
a whale,354,a finch a chicken,1
a whale,354,a finch an eagle,0
a whale,354,a finch an ostrich,0
a whale,354,a finch a penguin,0
a whale,354,a finch a salmon,0
a whale,354,a finch a seal,1
a whale,354,a finch a dolphin,0
a whale,354,a robin a chicken,1
a whale,354,a robin an eagle,0
a whale,354,a robin an ostrich,1
a whale,354,a robin a penguin,0
a whale,354,a robin a salmon,0
a whale,354,a robin a seal,1
a whale,354,a robin a dolphin,0
a whale,354,a chicken an eagle,0
a whale,354,a chicken an ostrich,0
a whale,354,a chicken a penguin,0
a whale,354,a chicken a salmon,0
a whale,354,a chicken a seal,0
a whale,354,a chicken a dolphin,0
a whale,354,an eagle an ostrich,0
a whale,354,an eagle a salmon,0
a whale,354,an eagle a seal,0
a whale,354,an eagle a dolphin,0
a whale,354,an ostrich a penguin,0
a whale,354,an ostrich a salmon,0
a whale,354,an ostrich a seal,1
a whale,354,an ostrich a dolphin,0
a whale,354,a penguin a salmon,0
a whale,354,a penguin a seal,1
a whale,354,a penguin a dolphin,0
a whale,354,a salmon a seal,1
a whale,354,a salmon a dolphin,0
a whale,354,a seal a dolphin,0
a penguin,355,a finch a robin,0
a penguin,355,a finch a chicken,0
a penguin,355,a finch an eagle,0
a penguin,355,a finch an ostrich,0
a penguin,355,a finch a salmon,0
a penguin,355,a finch a seal,0
a penguin,355,a finch a dolphin,0
a penguin,355,a finch a whale,0
a penguin,355,a robin a chicken,0
a penguin,355,a robin an eagle,0
a penguin,355,a robin an ostrich,0
a penguin,355,a robin a salmon,0
a penguin,355,a robin a seal,0
a penguin,355,a robin a dolphin,0
a penguin,355,a robin a whale,0
a penguin,355,a chicken an eagle,0
a penguin,355,a chicken an ostrich,0
a penguin,355,a chicken a salmon,0
a penguin,355,a chicken a seal,0
a penguin,355,a chicken a dolphin,0
a penguin,355,a chicken a whale,0
a penguin,355,an eagle an ostrich,0
a penguin,355,an eagle a salmon,1
a penguin,355,an eagle a seal,1
a penguin,355,an eagle a dolphin,1
a penguin,355,an eagle a whale,1
a penguin,355,an ostrich a salmon,0
a penguin,355,an ostrich a seal,1
a penguin,355,an ostrich a dolphin,0
a penguin,355,an ostrich a whale,0
a penguin,355,a salmon a seal,1
a penguin,355,a salmon a dolphin,0
a penguin,355,a salmon a whale,1
a penguin,355,a seal a dolphin,0
a penguin,355,a seal a whale,0
a penguin,355,a dolphin a whale,0
a whale,356,a finch a robin,0
a whale,356,a finch a chicken,0
a whale,356,a finch an eagle,0
a whale,356,a finch an ostrich,0
a whale,356,a finch a penguin,0
a whale,356,a finch a salmon,0
a whale,356,a finch a seal,1
a whale,356,a finch a dolphin,0
a whale,356,a robin a chicken,0
a whale,356,a robin an eagle,0
a whale,356,a robin an ostrich,0
a whale,356,a robin a penguin,0
a whale,356,a robin a salmon,0
a whale,356,a robin a seal,0
a whale,356,a robin a dolphin,0
a whale,356,a chicken an eagle,0
a whale,356,a chicken an ostrich,0
a whale,356,a chicken a penguin,0
a whale,356,a chicken a salmon,1
a whale,356,a chicken a seal,0
a whale,356,a chicken a dolphin,0
a whale,356,an eagle an ostrich,0
a whale,356,an eagle a penguin,0
a whale,356,an eagle a salmon,1
a whale,356,an eagle a seal,0
a whale,356,an eagle a dolphin,1
a whale,356,an ostrich a penguin,0
a whale,356,an ostrich a salmon,0
a whale,356,an ostrich a seal,1
a whale,356,an ostrich a dolphin,0
a whale,356,a penguin a salmon,0
a whale,356,a penguin a seal,0
a whale,356,a penguin a dolphin,0
a whale,356,a salmon a seal,1
a whale,356,a salmon a dolphin,0
a whale,356,a seal a dolphin,0
a whale,357,a finch a robin,0
a whale,357,a finch a chicken,0
a whale,357,a finch an eagle,0
a whale,357,a finch an ostrich,0
a whale,357,a finch a penguin,0
a whale,357,a finch a salmon,0
a whale,357,a finch a seal,1
a whale,357,a finch a dolphin,0
a whale,357,a robin a chicken,1
a whale,357,a robin an eagle,0
a whale,357,a robin an ostrich,0
a whale,357,a robin a penguin,0
a whale,357,a robin a salmon,0
a whale,357,a robin a seal,1
a whale,357,a robin a dolphin,0
a whale,357,a chicken an eagle,0
a whale,357,a chicken an ostrich,0
a whale,357,a chicken a penguin,0
a whale,357,a chicken a salmon,0
a whale,357,a chicken a seal,0
a whale,357,a chicken a dolphin,0
a whale,357,an eagle an ostrich,0
a whale,357,an eagle a penguin,0
a whale,357,an eagle a salmon,0
a whale,357,an eagle a seal,1
a whale,357,an eagle a dolphin,0
a whale,357,an ostrich a penguin,0
a whale,357,an ostrich a seal,1
a whale,357,an ostrich a dolphin,0
a whale,357,a penguin a salmon,0
a whale,357,a penguin a seal,1
a whale,357,a penguin a dolphin,0
a whale,357,a salmon a seal,1
a whale,357,a salmon a dolphin,0
a whale,357,a seal a dolphin,0
a penguin,358,a finch a robin,0
a penguin,358,a finch a chicken,0
a penguin,358,a finch an eagle,0
a penguin,358,a finch an ostrich,0
a penguin,358,a finch a salmon,0
a penguin,358,a finch a seal,0
a penguin,358,a finch a dolphin,0
a penguin,358,a finch a whale,0
a penguin,358,a robin a chicken,0
a penguin,358,a robin an eagle,0
a penguin,358,a robin an ostrich,0
a penguin,358,a robin a salmon,0
a penguin,358,a robin a seal,1
a penguin,358,a robin a dolphin,0
a penguin,358,a robin a whale,0
a penguin,358,a chicken an eagle,0
a penguin,358,a chicken an ostrich,0
a penguin,358,a chicken a salmon,0
a penguin,358,a chicken a seal,0
a penguin,358,a chicken a dolphin,0
a penguin,358,a chicken a whale,0
a penguin,358,an eagle an ostrich,0
a penguin,358,an eagle a salmon,0
a penguin,358,an eagle a seal,1
a penguin,358,an eagle a whale,0
a penguin,358,an ostrich a salmon,0
a penguin,358,an ostrich a seal,1
a penguin,358,an ostrich a dolphin,0
a penguin,358,an ostrich a whale,0
a penguin,358,a salmon a seal,1
a penguin,358,a salmon a dolphin,0
a penguin,358,a salmon a whale,0
a penguin,358,a seal a dolphin,0
a penguin,358,a seal a whale,0
a penguin,358,a dolphin a whale,0
a finch,359,a robin a chicken,0
a finch,359,a robin an eagle,0
a finch,359,a robin an ostrich,0
a finch,359,a robin a penguin,0
a finch,359,a robin a salmon,0
a finch,359,a robin a seal,0
a finch,359,a robin a dolphin,0
a finch,359,a robin a whale,0
a finch,359,a chicken an eagle,0
a finch,359,a chicken an ostrich,0
a finch,359,a chicken a penguin,0
a finch,359,a chicken a salmon,0
a finch,359,a chicken a seal,0
a finch,359,a chicken a dolphin,0
a finch,359,a chicken a whale,0
a finch,359,an eagle an ostrich,0
a finch,359,an eagle a penguin,0
a finch,359,an eagle a salmon,0
a finch,359,an eagle a seal,0
a finch,359,an eagle a dolphin,0
a finch,359,an eagle a whale,0
a finch,359,an ostrich a penguin,0
a finch,359,an ostrich a salmon,0
a finch,359,an ostrich a seal,0
a finch,359,an ostrich a dolphin,0
a finch,359,an ostrich a whale,0
a finch,359,a penguin a salmon,0
a finch,359,a penguin a seal,0
a finch,359,a penguin a dolphin,0
a finch,359,a penguin a whale,0
a finch,359,a salmon a seal,0
a finch,359,a salmon a dolphin,0
a finch,359,a salmon a whale,0
a finch,359,a seal a dolphin,0
a finch,359,a seal a whale,0
a finch,359,a dolphin a whale,0
an eagle,360,a finch a robin,0
an eagle,360,a finch a chicken,0
an eagle,360,a finch an ostrich,0
an eagle,360,a finch a penguin,0
an eagle,360,a finch a salmon,0
an eagle,360,a finch a seal,0
an eagle,360,a finch a dolphin,0
an eagle,360,a finch a whale,0
an eagle,360,a robin a chicken,0
an eagle,360,a robin an ostrich,0
an eagle,360,a robin a penguin,0
an eagle,360,a robin a salmon,0
an eagle,360,a robin a seal,0
an eagle,360,a robin a dolphin,0
an eagle,360,a robin a whale,0
an eagle,360,a chicken an ostrich,0
an eagle,360,a chicken a penguin,0
an eagle,360,a chicken a salmon,0
an eagle,360,a chicken a seal,0
an eagle,360,a chicken a dolphin,0
an eagle,360,a chicken a whale,0
an eagle,360,an ostrich a penguin,0
an eagle,360,an ostrich a salmon,0
an eagle,360,an ostrich a seal,0
an eagle,360,an ostrich a dolphin,0
an eagle,360,an ostrich a whale,0
an eagle,360,a penguin a salmon,0
an eagle,360,a penguin a seal,0
an eagle,360,a penguin a dolphin,0
an eagle,360,a penguin a whale,0
an eagle,360,a salmon a seal,0
an eagle,360,a salmon a dolphin,0
an eagle,360,a salmon a whale,0
an eagle,360,a seal a dolphin,0
an eagle,360,a seal a whale,0
an eagle,360,a dolphin a whale,0
a whale,361,a finch a robin,0
a whale,361,a finch a chicken,0
a whale,361,a finch an eagle,0
a whale,361,a finch an ostrich,0
a whale,361,a finch a penguin,0
a whale,361,a finch a salmon,0
a whale,361,a finch a seal,1
a whale,361,a finch a dolphin,0
a whale,361,a robin a chicken,0
a whale,361,a robin an eagle,0
a whale,361,a robin an ostrich,0
a whale,361,a robin a penguin,0
a whale,361,a robin a salmon,0
a whale,361,a robin a seal,0
a whale,361,a robin a dolphin,0
a whale,361,a chicken an eagle,0
a whale,361,a chicken an ostrich,0
a whale,361,a chicken a penguin,0
a whale,361,a chicken a salmon,0
a whale,361,a chicken a seal,0
a whale,361,a chicken a dolphin,0
a whale,361,an eagle an ostrich,0
a whale,361,an eagle a penguin,0
a whale,361,an eagle a salmon,0
a whale,361,an eagle a seal,1
a whale,361,an eagle a dolphin,1
a whale,361,an ostrich a penguin,0
a whale,361,an ostrich a salmon,0
a whale,361,an ostrich a seal,1
a whale,361,an ostrich a dolphin,0
a whale,361,a penguin a salmon,0
a whale,361,a penguin a seal,1
a whale,361,a penguin a dolphin,0
a whale,361,a salmon a seal,0
a whale,361,a salmon a dolphin,0
a whale,361,a seal a dolphin,0
a penguin,362,a finch a robin,0
a penguin,362,a finch a chicken,0
a penguin,362,a finch an eagle,0
a penguin,362,a finch an ostrich,0
a penguin,362,a finch a salmon,0
a penguin,362,a finch a seal,0
a penguin,362,a finch a dolphin,0
a penguin,362,a finch a whale,0
a penguin,362,a robin a chicken,0
a penguin,362,a robin an eagle,0
a penguin,362,a robin an ostrich,0
a penguin,362,a robin a salmon,0
a penguin,362,a robin a seal,1
a penguin,362,a robin a dolphin,0
a penguin,362,a robin a whale,0
a penguin,362,a chicken an eagle,0
a penguin,362,a chicken an ostrich,0
a penguin,362,a chicken a salmon,0
a penguin,362,a chicken a seal,0
a penguin,362,a chicken a dolphin,0
a penguin,362,a chicken a whale,0
a penguin,362,an eagle an ostrich,0
a penguin,362,an eagle a salmon,0
a penguin,362,an eagle a seal,1
a penguin,362,an eagle a dolphin,0
a penguin,362,an eagle a whale,0
a penguin,362,an ostrich a salmon,0
a penguin,362,an ostrich a seal,1
a penguin,362,an ostrich a dolphin,0
a penguin,362,an ostrich a whale,0
a penguin,362,a salmon a seal,1
a penguin,362,a salmon a dolphin,0
a penguin,362,a salmon a whale,0
a penguin,362,a seal a dolphin,0
a penguin,362,a seal a whale,0
a penguin,362,a dolphin a whale,0
a penguin,363,a finch a robin,0
a penguin,363,a finch a chicken,0
a penguin,363,a finch an eagle,0
a penguin,363,a finch an ostrich,0
a penguin,363,a finch a salmon,0
a penguin,363,a finch a seal,0
a penguin,363,a finch a dolphin,0
a penguin,363,a finch a whale,0
a penguin,363,a robin a chicken,0
a penguin,363,a robin an eagle,0
a penguin,363,a robin an ostrich,0
a penguin,363,a robin a salmon,0
a penguin,363,a robin a seal,0
a penguin,363,a robin a dolphin,0
a penguin,363,a robin a whale,0
a penguin,363,a chicken an eagle,0
a penguin,363,a chicken an ostrich,0
a penguin,363,a chicken a salmon,0
a penguin,363,a chicken a seal,0
a penguin,363,a chicken a dolphin,0
a penguin,363,a chicken a whale,0
a penguin,363,an eagle an ostrich,0
a penguin,363,an eagle a salmon,0
a penguin,363,an eagle a seal,1
a penguin,363,an eagle a dolphin,0
a penguin,363,an eagle a whale,1
a penguin,363,an ostrich a salmon,0
a penguin,363,an ostrich a seal,0
a penguin,363,an ostrich a dolphin,0
a penguin,363,an ostrich a whale,1
a penguin,363,a salmon a seal,1
a penguin,363,a salmon a dolphin,0
a penguin,363,a salmon a whale,0
a penguin,363,a seal a dolphin,0
a penguin,363,a seal a whale,0
a penguin,363,a dolphin a whale,0
an ostrich,364,a finch a robin,0
an ostrich,364,a finch a chicken,1
an ostrich,364,a finch an eagle,0
an ostrich,364,a finch a penguin,0
an ostrich,364,a finch a salmon,0
an ostrich,364,a finch a seal,0
an ostrich,364,a finch a dolphin,0
an ostrich,364,a finch a whale,0
an ostrich,364,a robin a chicken,0
an ostrich,364,a robin an eagle,0
an ostrich,364,a robin a penguin,0
an ostrich,364,a robin a salmon,0
an ostrich,364,a robin a seal,0
an ostrich,364,a robin a dolphin,0
an ostrich,364,a robin a whale,0
an ostrich,364,a chicken an eagle,0
an ostrich,364,a chicken a penguin,0
an ostrich,364,a chicken a salmon,0
an ostrich,364,a chicken a seal,0
an ostrich,364,a chicken a dolphin,0
an ostrich,364,a chicken a whale,0
an ostrich,364,an eagle a penguin,0
an ostrich,364,an eagle a salmon,0
an ostrich,364,an eagle a seal,1
an ostrich,364,an eagle a dolphin,0
an ostrich,364,an eagle a whale,0
an ostrich,364,a penguin a salmon,0
an ostrich,364,a penguin a seal,0
an ostrich,364,a penguin a dolphin,0
an ostrich,364,a penguin a whale,0
an ostrich,364,a salmon a seal,0
an ostrich,364,a salmon a dolphin,0
an ostrich,364,a salmon a whale,0
an ostrich,364,a seal a dolphin,0
an ostrich,364,a seal a whale,0
an ostrich,364,a dolphin a whale,0
a finch,365,a robin a chicken,0
a finch,365,a robin an eagle,0
a finch,365,a robin an ostrich,0
a finch,365,a robin a penguin,0
a finch,365,a robin a salmon,0
a finch,365,a robin a seal,0
a finch,365,a robin a dolphin,0
a finch,365,a robin a whale,0
a finch,365,a chicken an eagle,0
a finch,365,a chicken an ostrich,0
a finch,365,a chicken a penguin,0
a finch,365,a chicken a salmon,0
a finch,365,a chicken a seal,0
a finch,365,a chicken a dolphin,0
a finch,365,a chicken a whale,0
a finch,365,an eagle an ostrich,0
a finch,365,an eagle a penguin,0
a finch,365,an eagle a salmon,0
a finch,365,an eagle a seal,0
a finch,365,an eagle a dolphin,0
a finch,365,an eagle a whale,0
a finch,365,an ostrich a penguin,0
a finch,365,an ostrich a salmon,0
a finch,365,an ostrich a seal,0
a finch,365,an ostrich a dolphin,0
a finch,365,an ostrich a whale,0
a finch,365,a penguin a salmon,0
a finch,365,a penguin a seal,0
a finch,365,a penguin a dolphin,0
a finch,365,a penguin a whale,0
a finch,365,a salmon a seal,0
a finch,365,a salmon a dolphin,0
a finch,365,a salmon a whale,0
a finch,365,a seal a dolphin,0
a finch,365,a seal a whale,0
a finch,365,a dolphin a whale,0
a seal,366,a finch a robin,0
a seal,366,a finch a chicken,0
a seal,366,a finch an eagle,0
a seal,366,a finch an ostrich,0
a seal,366,a finch a penguin,0
a seal,366,a finch a salmon,0
a seal,366,a finch a dolphin,0
a seal,366,a finch a whale,0
a seal,366,a robin a chicken,0
a seal,366,a robin an eagle,0
a seal,366,a robin an ostrich,0
a seal,366,a robin a penguin,0
a seal,366,a robin a salmon,0
a seal,366,a robin a dolphin,0
a seal,366,a robin a whale,0
a seal,366,a chicken an eagle,0
a seal,366,a chicken an ostrich,0
a seal,366,a chicken a penguin,0
a seal,366,a chicken a salmon,1
a seal,366,a chicken a dolphin,0
a seal,366,a chicken a whale,0
a seal,366,an eagle an ostrich,0
a seal,366,an eagle a penguin,0
a seal,366,an eagle a salmon,1
a seal,366,an eagle a dolphin,0
a seal,366,an eagle a whale,0
a seal,366,an ostrich a penguin,0
a seal,366,an ostrich a salmon,0
a seal,366,an ostrich a dolphin,0
a seal,366,an ostrich a whale,1
a seal,366,a penguin a salmon,0
a seal,366,a penguin a dolphin,0
a seal,366,a penguin a whale,0
a seal,366,a salmon a dolphin,0
a seal,366,a salmon a whale,0
a seal,366,a dolphin a whale,0
an ostrich,367,a finch a robin,0
an ostrich,367,a finch a chicken,0
an ostrich,367,a finch an eagle,0
an ostrich,367,a finch a penguin,0
an ostrich,367,a finch a salmon,0
an ostrich,367,a finch a seal,0
an ostrich,367,a finch a dolphin,0
an ostrich,367,a finch a whale,0
an ostrich,367,a robin a chicken,0
an ostrich,367,a robin an eagle,0
an ostrich,367,a robin a penguin,0
an ostrich,367,a robin a salmon,0
an ostrich,367,a robin a seal,1
an ostrich,367,a robin a dolphin,0
an ostrich,367,a robin a whale,0
an ostrich,367,a chicken an eagle,0
an ostrich,367,a chicken a penguin,0
an ostrich,367,a chicken a salmon,0
an ostrich,367,a chicken a seal,0
an ostrich,367,a chicken a dolphin,0
an ostrich,367,a chicken a whale,0
an ostrich,367,an eagle a penguin,0
an ostrich,367,an eagle a salmon,0
an ostrich,367,an eagle a seal,0
an ostrich,367,an eagle a dolphin,0
an ostrich,367,an eagle a whale,0
an ostrich,367,a penguin a salmon,0
an ostrich,367,a penguin a seal,0
an ostrich,367,a penguin a dolphin,0
an ostrich,367,a penguin a whale,0
an ostrich,367,a salmon a seal,0
an ostrich,367,a salmon a dolphin,0
an ostrich,367,a salmon a whale,0
an ostrich,367,a seal a whale,0
an ostrich,367,a dolphin a whale,0
an ostrich,368,a finch a robin,0
an ostrich,368,a finch a chicken,0
an ostrich,368,a finch an eagle,0
an ostrich,368,a finch a penguin,0
an ostrich,368,a finch a salmon,0
an ostrich,368,a finch a seal,0
an ostrich,368,a finch a dolphin,0
an ostrich,368,a finch a whale,0
an ostrich,368,a robin a chicken,1
an ostrich,368,a robin an eagle,0
an ostrich,368,a robin a penguin,0
an ostrich,368,a robin a salmon,0
an ostrich,368,a robin a seal,0
an ostrich,368,a robin a dolphin,0
an ostrich,368,a robin a whale,0
an ostrich,368,a chicken an eagle,0
an ostrich,368,a chicken a penguin,0
an ostrich,368,a chicken a salmon,0
an ostrich,368,a chicken a seal,0
an ostrich,368,a chicken a dolphin,0
an ostrich,368,a chicken a whale,0
an ostrich,368,an eagle a penguin,0
an ostrich,368,an eagle a salmon,0
an ostrich,368,an eagle a seal,0
an ostrich,368,an eagle a dolphin,0
an ostrich,368,an eagle a whale,0
an ostrich,368,a penguin a salmon,0
an ostrich,368,a penguin a seal,0
an ostrich,368,a penguin a dolphin,0
an ostrich,368,a penguin a whale,0
an ostrich,368,a salmon a seal,0
an ostrich,368,a salmon a dolphin,0
an ostrich,368,a salmon a whale,0
an ostrich,368,a seal a dolphin,0
an ostrich,368,a seal a whale,0
an ostrich,368,a dolphin a whale,0
a salmon,369,a finch a robin,0
a salmon,369,a finch a chicken,0
a salmon,369,a finch an eagle,0
a salmon,369,a finch an ostrich,0
a salmon,369,a finch a penguin,0
a salmon,369,a finch a seal,1
a salmon,369,a finch a dolphin,0
a salmon,369,a finch a whale,0
a salmon,369,a robin a chicken,0
a salmon,369,a robin an eagle,0
a salmon,369,a robin an ostrich,0
a salmon,369,a robin a penguin,0
a salmon,369,a robin a seal,0
a salmon,369,a robin a dolphin,0
a salmon,369,a robin a whale,0
a salmon,369,a chicken an eagle,0
a salmon,369,a chicken an ostrich,0
a salmon,369,a chicken a penguin,0
a salmon,369,a chicken a seal,1
a salmon,369,a chicken a dolphin,0
a salmon,369,a chicken a whale,0
a salmon,369,an eagle an ostrich,0
a salmon,369,an eagle a penguin,0
a salmon,369,an eagle a seal,1
a salmon,369,an eagle a dolphin,0
a salmon,369,an eagle a whale,0
a salmon,369,an ostrich a penguin,0
a salmon,369,an ostrich a dolphin,0
a salmon,369,an ostrich a whale,0
a salmon,369,a penguin a seal,1
a salmon,369,a penguin a dolphin,0
a salmon,369,a seal a dolphin,0
a salmon,369,a seal a whale,0
a salmon,369,a dolphin a whale,0
an eagle,370,a finch a robin,0
an eagle,370,a finch a chicken,0
an eagle,370,a finch an ostrich,0
an eagle,370,a finch a penguin,0
an eagle,370,a finch a salmon,0
an eagle,370,a finch a seal,0
an eagle,370,a finch a dolphin,0
an eagle,370,a finch a whale,0
an eagle,370,a robin a chicken,0
an eagle,370,a robin an ostrich,0
an eagle,370,a robin a penguin,0
an eagle,370,a robin a salmon,0
an eagle,370,a robin a seal,0
an eagle,370,a robin a dolphin,0
an eagle,370,a robin a whale,0
an eagle,370,a chicken an ostrich,0
an eagle,370,a chicken a penguin,0
an eagle,370,a chicken a salmon,0
an eagle,370,a chicken a seal,0
an eagle,370,a chicken a dolphin,0
an eagle,370,a chicken a whale,0
an eagle,370,an ostrich a penguin,0
an eagle,370,an ostrich a salmon,0
an eagle,370,an ostrich a seal,0
an eagle,370,an ostrich a dolphin,0
an eagle,370,an ostrich a whale,0
an eagle,370,a penguin a salmon,1
an eagle,370,a penguin a seal,0
an eagle,370,a penguin a dolphin,0
an eagle,370,a salmon a seal,0
an eagle,370,a salmon a dolphin,0
an eagle,370,a salmon a whale,0
an eagle,370,a seal a dolphin,0
an eagle,370,a dolphin a whale,0
a penguin,371,a finch a robin,0
a penguin,371,a finch a chicken,0
a penguin,371,a finch an eagle,0
a penguin,371,a finch an ostrich,0
a penguin,371,a finch a salmon,0
a penguin,371,a finch a seal,0
a penguin,371,a finch a dolphin,0
a penguin,371,a finch a whale,0
a penguin,371,a robin a chicken,1
a penguin,371,a robin an eagle,0
a penguin,371,a robin an ostrich,1
a penguin,371,a robin a salmon,0
a penguin,371,a robin a seal,1
a penguin,371,a robin a dolphin,0
a penguin,371,a robin a whale,0
a penguin,371,a chicken an eagle,0
a penguin,371,a chicken an ostrich,0
a penguin,371,a chicken a salmon,0
a penguin,371,a chicken a seal,1
a penguin,371,a chicken a dolphin,0
a penguin,371,a chicken a whale,0
a penguin,371,an eagle an ostrich,0
a penguin,371,an eagle a salmon,0
a penguin,371,an eagle a seal,0
a penguin,371,an eagle a dolphin,0
a penguin,371,an eagle a whale,1
a penguin,371,an ostrich a salmon,0
a penguin,371,an ostrich a seal,1
a penguin,371,an ostrich a dolphin,0
a penguin,371,an ostrich a whale,0
a penguin,371,a salmon a seal,1
a penguin,371,a salmon a dolphin,0
a penguin,371,a salmon a whale,0
a penguin,371,a seal a dolphin,0
a penguin,371,a seal a whale,0
a penguin,371,a dolphin a whale,0
an eagle,372,a finch a robin,0
an eagle,372,a finch a chicken,0
an eagle,372,a finch an ostrich,0
an eagle,372,a finch a penguin,0
an eagle,372,a finch a salmon,0
an eagle,372,a finch a seal,0
an eagle,372,a finch a dolphin,0
an eagle,372,a finch a whale,0
an eagle,372,a robin a chicken,0
an eagle,372,a robin an ostrich,0
an eagle,372,a robin a penguin,0
an eagle,372,a robin a salmon,0
an eagle,372,a robin a seal,1
an eagle,372,a robin a dolphin,0
an eagle,372,a robin a whale,0
an eagle,372,a chicken an ostrich,0
an eagle,372,a chicken a penguin,0
an eagle,372,a chicken a salmon,0
an eagle,372,a chicken a seal,0
an eagle,372,a chicken a dolphin,0
an eagle,372,a chicken a whale,0
an eagle,372,an ostrich a penguin,0
an eagle,372,an ostrich a salmon,0
an eagle,372,an ostrich a seal,0
an eagle,372,an ostrich a dolphin,0
an eagle,372,an ostrich a whale,0
an eagle,372,a penguin a salmon,0
an eagle,372,a penguin a seal,0
an eagle,372,a penguin a dolphin,0
an eagle,372,a penguin a whale,0
an eagle,372,a salmon a seal,0
an eagle,372,a salmon a dolphin,0
an eagle,372,a salmon a whale,0
an eagle,372,a seal a dolphin,0
an eagle,372,a seal a whale,0
an eagle,372,a dolphin a whale,0
a chicken,373,a finch a robin,0
a chicken,373,a finch an eagle,0
a chicken,373,a finch an ostrich,0
a chicken,373,a finch a penguin,0
a chicken,373,a finch a salmon,0
a chicken,373,a finch a seal,0
a chicken,373,a finch a dolphin,0
a chicken,373,a finch a whale,0
a chicken,373,a robin an eagle,0
a chicken,373,a robin an ostrich,0
a chicken,373,a robin a penguin,0
a chicken,373,a robin a salmon,0
a chicken,373,a robin a seal,0
a chicken,373,a robin a dolphin,0
a chicken,373,an eagle an ostrich,0
a chicken,373,an eagle a penguin,0
a chicken,373,an eagle a salmon,0
a chicken,373,an eagle a seal,0
a chicken,373,an eagle a dolphin,0
a chicken,373,an eagle a whale,0
a chicken,373,an ostrich a penguin,0
a chicken,373,an ostrich a salmon,0
a chicken,373,an ostrich a seal,0
a chicken,373,an ostrich a dolphin,0
a chicken,373,an ostrich a whale,0
a chicken,373,a penguin a salmon,0
a chicken,373,a penguin a seal,0
a chicken,373,a penguin a dolphin,0
a chicken,373,a salmon a seal,0
a chicken,373,a salmon a dolphin,0
a chicken,373,a salmon a whale,0
a chicken,373,a seal a dolphin,0
a chicken,373,a seal a whale,0
a chicken,373,a dolphin a whale,0
a salmon,374,a finch a robin,0
a salmon,374,a finch a chicken,1
a salmon,374,a finch an eagle,1
a salmon,374,a finch an ostrich,0
a salmon,374,a finch a seal,0
a salmon,374,a finch a dolphin,0
a salmon,374,a finch a whale,0
a salmon,374,a robin a chicken,0
a salmon,374,a robin an eagle,0
a salmon,374,a robin an ostrich,0
a salmon,374,a robin a penguin,0
a salmon,374,a robin a seal,0
a salmon,374,a robin a dolphin,1
a salmon,374,a robin a whale,0
a salmon,374,a chicken an eagle,0
a salmon,374,a chicken an ostrich,0
a salmon,374,a chicken a penguin,0
a salmon,374,a chicken a seal,1
a salmon,374,a chicken a dolphin,0
a salmon,374,a chicken a whale,0
a salmon,374,an eagle an ostrich,0
a salmon,374,an eagle a penguin,0
a salmon,374,an eagle a seal,1
a salmon,374,an eagle a dolphin,0
a salmon,374,an eagle a whale,1
a salmon,374,an ostrich a penguin,0
a salmon,374,an ostrich a seal,0
a salmon,374,an ostrich a dolphin,0
a salmon,374,an ostrich a whale,0
a salmon,374,a penguin a seal,1
a salmon,374,a penguin a dolphin,1
a salmon,374,a penguin a whale,0
a salmon,374,a seal a whale,0
a salmon,374,a dolphin a whale,0
a seal,375,a finch a robin,0
a seal,375,a finch a chicken,0
a seal,375,a finch an eagle,0
a seal,375,a finch an ostrich,0
a seal,375,a finch a penguin,0
a seal,375,a finch a salmon,0
a seal,375,a finch a dolphin,0
a seal,375,a finch a whale,0
a seal,375,a robin a chicken,0
a seal,375,a robin an eagle,0
a seal,375,a robin an ostrich,0
a seal,375,a robin a penguin,0
a seal,375,a robin a salmon,1
a seal,375,a robin a dolphin,0
a seal,375,a robin a whale,1
a seal,375,a chicken an eagle,0
a seal,375,a chicken an ostrich,0
a seal,375,a chicken a penguin,0
a seal,375,a chicken a salmon,1
a seal,375,a chicken a dolphin,0
a seal,375,a chicken a whale,0
a seal,375,an eagle an ostrich,0
a seal,375,an eagle a penguin,0
a seal,375,an eagle a salmon,0
a seal,375,an eagle a dolphin,0
a seal,375,an eagle a whale,0
a seal,375,an ostrich a penguin,0
a seal,375,an ostrich a salmon,0
a seal,375,an ostrich a dolphin,0
a seal,375,an ostrich a whale,1
a seal,375,a penguin a salmon,0
a seal,375,a penguin a dolphin,0
a seal,375,a penguin a whale,0
a seal,375,a salmon a dolphin,0
a seal,375,a salmon a whale,0
a seal,375,a dolphin a whale,0
an eagle,376,a finch a robin,0
an eagle,376,a finch a chicken,0
an eagle,376,a finch an ostrich,0
an eagle,376,a finch a penguin,0
an eagle,376,a finch a salmon,0
an eagle,376,a finch a seal,0
an eagle,376,a finch a dolphin,0
an eagle,376,a finch a whale,0
an eagle,376,a robin a chicken,0
an eagle,376,a robin an ostrich,0
an eagle,376,a robin a penguin,0
an eagle,376,a robin a salmon,0
an eagle,376,a robin a seal,0
an eagle,376,a robin a dolphin,0
an eagle,376,a robin a whale,0
an eagle,376,a chicken an ostrich,0
an eagle,376,a chicken a penguin,0
an eagle,376,a chicken a salmon,0
an eagle,376,a chicken a seal,0
an eagle,376,a chicken a dolphin,0
an eagle,376,a chicken a whale,0
an eagle,376,an ostrich a penguin,0
an eagle,376,an ostrich a salmon,0
an eagle,376,an ostrich a seal,0
an eagle,376,an ostrich a whale,0
an eagle,376,a penguin a salmon,0
an eagle,376,a penguin a dolphin,0
an eagle,376,a penguin a whale,0
an eagle,376,a salmon a seal,0
an eagle,376,a salmon a dolphin,0
an eagle,376,a salmon a whale,0
an eagle,376,a seal a dolphin,0
an eagle,376,a seal a whale,0
a robin,377,a finch a chicken,0
a robin,377,a finch an eagle,0
a robin,377,a finch an ostrich,0
a robin,377,a finch a penguin,0
a robin,377,a finch a salmon,0
a robin,377,a finch a seal,0
a robin,377,a finch a dolphin,0
a robin,377,a finch a whale,0
a robin,377,a chicken an eagle,0
a robin,377,a chicken an ostrich,0
a robin,377,a chicken a penguin,0
a robin,377,a chicken a salmon,0
a robin,377,a chicken a seal,0
a robin,377,a chicken a dolphin,0
a robin,377,a chicken a whale,0
a robin,377,an eagle an ostrich,0
a robin,377,an eagle a penguin,0
a robin,377,an eagle a salmon,0
a robin,377,an eagle a seal,0
a robin,377,an eagle a dolphin,0
a robin,377,an eagle a whale,0
a robin,377,an ostrich a penguin,0
a robin,377,an ostrich a salmon,0
a robin,377,an ostrich a seal,0
a robin,377,an ostrich a dolphin,0
a robin,377,an ostrich a whale,0
a robin,377,a penguin a salmon,0
a robin,377,a penguin a seal,1
a robin,377,a penguin a dolphin,0
a robin,377,a penguin a whale,0
a robin,377,a salmon a seal,0
a robin,377,a salmon a dolphin,0
a robin,377,a salmon a whale,0
a robin,377,a seal a dolphin,0
a robin,377,a seal a whale,0
a robin,377,a dolphin a whale,0
a whale,378,a finch a robin,0
a whale,378,a finch a chicken,0
a whale,378,a finch an eagle,0
a whale,378,a finch an ostrich,0
a whale,378,a finch a penguin,0
a whale,378,a finch a salmon,0
a whale,378,a finch a seal,1
a whale,378,a finch a dolphin,0
a whale,378,a robin a chicken,0
a whale,378,a robin an eagle,0
a whale,378,a robin an ostrich,0
a whale,378,a robin a penguin,0
a whale,378,a robin a salmon,0
a whale,378,a robin a seal,0
a whale,378,a robin a dolphin,0
a whale,378,a chicken an eagle,0
a whale,378,a chicken an ostrich,0
a whale,378,a chicken a penguin,0
a whale,378,a chicken a salmon,0
a whale,378,a chicken a seal,1
a whale,378,a chicken a dolphin,0
a whale,378,an eagle an ostrich,1
a whale,378,an eagle a penguin,0
a whale,378,an eagle a salmon,0
a whale,378,an eagle a seal,0
a whale,378,an eagle a dolphin,0
a whale,378,an ostrich a penguin,0
a whale,378,an ostrich a salmon,0
a whale,378,an ostrich a seal,1
a whale,378,a penguin a salmon,0
a whale,378,a penguin a seal,0
a whale,378,a penguin a dolphin,0
a whale,378,a salmon a seal,1
a whale,378,a salmon a dolphin,0
a whale,378,a seal a dolphin,0
a chicken,379,a finch a robin,0
a chicken,379,a finch an eagle,0
a chicken,379,a finch an ostrich,0
a chicken,379,a finch a penguin,0
a chicken,379,a finch a salmon,0
a chicken,379,a finch a seal,0
a chicken,379,a finch a dolphin,0
a chicken,379,a finch a whale,0
a chicken,379,a robin an eagle,0
a chicken,379,a robin an ostrich,0
a chicken,379,a robin a penguin,0
a chicken,379,a robin a salmon,0
a chicken,379,a robin a seal,0
a chicken,379,a robin a dolphin,0
a chicken,379,a robin a whale,0
a chicken,379,an eagle an ostrich,0
a chicken,379,an eagle a penguin,0
a chicken,379,an eagle a salmon,0
a chicken,379,an eagle a seal,0
a chicken,379,an eagle a dolphin,0
a chicken,379,an eagle a whale,0
a chicken,379,an ostrich a penguin,0
a chicken,379,an ostrich a salmon,0
a chicken,379,an ostrich a seal,0
a chicken,379,an ostrich a dolphin,0
a chicken,379,an ostrich a whale,0
a chicken,379,a penguin a salmon,0
a chicken,379,a penguin a seal,0
a chicken,379,a penguin a dolphin,0
a chicken,379,a penguin a whale,0
a chicken,379,a salmon a dolphin,0
a chicken,379,a salmon a whale,0
a chicken,379,a seal a dolphin,0
a chicken,379,a seal a whale,0
a chicken,379,a dolphin a whale,0
a finch,380,a robin a chicken,0
a finch,380,a robin an eagle,0
a finch,380,a robin an ostrich,0
a finch,380,a robin a penguin,0
a finch,380,a robin a salmon,0
a finch,380,a robin a seal,0
a finch,380,a robin a dolphin,0
a finch,380,a robin a whale,0
a finch,380,a chicken an eagle,0
a finch,380,a chicken an ostrich,0
a finch,380,a chicken a penguin,0
a finch,380,a chicken a salmon,0
a finch,380,a chicken a seal,0
a finch,380,a chicken a dolphin,0
a finch,380,a chicken a whale,0
a finch,380,an eagle an ostrich,0
a finch,380,an eagle a penguin,0
a finch,380,an eagle a salmon,0
a finch,380,an eagle a seal,0
a finch,380,an eagle a dolphin,0
a finch,380,an eagle a whale,0
a finch,380,an ostrich a penguin,0
a finch,380,an ostrich a salmon,0
a finch,380,an ostrich a seal,0
a finch,380,an ostrich a dolphin,0
a finch,380,an ostrich a whale,0
a finch,380,a penguin a salmon,0
a finch,380,a penguin a seal,0
a finch,380,a penguin a dolphin,0
a finch,380,a penguin a whale,0
a finch,380,a salmon a seal,1
a finch,380,a salmon a dolphin,0
a finch,380,a salmon a whale,0
a finch,380,a seal a dolphin,0
a finch,380,a seal a whale,0
a finch,380,a dolphin a whale,0
a seal,381,a finch a robin,0
a seal,381,a finch a chicken,0
a seal,381,a finch an eagle,0
a seal,381,a finch an ostrich,0
a seal,381,a finch a penguin,0
a seal,381,a finch a salmon,1
a seal,381,a finch a dolphin,0
a seal,381,a finch a whale,0
a seal,381,a robin a chicken,0
a seal,381,a robin an eagle,0
a seal,381,a robin an ostrich,0
a seal,381,a robin a penguin,0
a seal,381,a robin a salmon,0
a seal,381,a robin a dolphin,0
a seal,381,a robin a whale,0
a seal,381,a chicken an eagle,0
a seal,381,a chicken an ostrich,0
a seal,381,a chicken a penguin,0
a seal,381,a chicken a salmon,0
a seal,381,a chicken a dolphin,0
a seal,381,a chicken a whale,0
a seal,381,an eagle an ostrich,0
a seal,381,an eagle a penguin,0
a seal,381,an eagle a salmon,1
a seal,381,an eagle a dolphin,0
a seal,381,an eagle a whale,0
a seal,381,an ostrich a penguin,0
a seal,381,an ostrich a salmon,0
a seal,381,an ostrich a whale,1
a seal,381,a penguin a salmon,0
a seal,381,a penguin a dolphin,0
a seal,381,a penguin a whale,0
a seal,381,a salmon a dolphin,0
a seal,381,a salmon a whale,0
a seal,381,a dolphin a whale,0
a chicken,382,a finch a robin,0
a chicken,382,a finch an eagle,0
a chicken,382,a finch an ostrich,0
a chicken,382,a finch a penguin,0
a chicken,382,a finch a salmon,0
a chicken,382,a finch a seal,0
a chicken,382,a finch a dolphin,0
a chicken,382,a finch a whale,0
a chicken,382,a robin an eagle,0
a chicken,382,a robin an ostrich,0
a chicken,382,a robin a penguin,0
a chicken,382,a robin a salmon,0
a chicken,382,a robin a seal,0
a chicken,382,a robin a dolphin,0
a chicken,382,a robin a whale,0
a chicken,382,an eagle an ostrich,1
a chicken,382,an eagle a penguin,0
a chicken,382,an eagle a salmon,0
a chicken,382,an eagle a dolphin,0
a chicken,382,an eagle a whale,0
a chicken,382,an ostrich a penguin,0
a chicken,382,an ostrich a salmon,0
a chicken,382,an ostrich a seal,0
a chicken,382,an ostrich a dolphin,0
a chicken,382,an ostrich a whale,0
a chicken,382,a penguin a salmon,0
a chicken,382,a penguin a seal,0
a chicken,382,a penguin a dolphin,0
a chicken,382,a penguin a whale,0
a chicken,382,a salmon a seal,0
a chicken,382,a salmon a dolphin,0
a chicken,382,a salmon a whale,0
a chicken,382,a seal a dolphin,0
a chicken,382,a seal a whale,0
a chicken,382,a dolphin a whale,0
a whale,383,a finch a robin,0
a whale,383,a finch a chicken,0
a whale,383,a finch an eagle,0
a whale,383,a finch an ostrich,0
a whale,383,a finch a penguin,0
a whale,383,a finch a salmon,1
a whale,383,a finch a seal,0
a whale,383,a finch a dolphin,0
a whale,383,a robin a chicken,0
a whale,383,a robin an eagle,1
a whale,383,a robin an ostrich,0
a whale,383,a robin a penguin,0
a whale,383,a robin a salmon,0
a whale,383,a robin a seal,1
a whale,383,a robin a dolphin,0
a whale,383,a chicken an eagle,0
a whale,383,a chicken an ostrich,0
a whale,383,a chicken a penguin,0
a whale,383,a chicken a salmon,0
a whale,383,a chicken a seal,0
a whale,383,a chicken a dolphin,0
a whale,383,an eagle an ostrich,0
a whale,383,an eagle a penguin,0
a whale,383,an eagle a salmon,0
a whale,383,an eagle a seal,0
a whale,383,an eagle a dolphin,0
a whale,383,an ostrich a penguin,0
a whale,383,an ostrich a salmon,0
a whale,383,an ostrich a seal,1
a whale,383,an ostrich a dolphin,0
a whale,383,a penguin a salmon,0
a whale,383,a penguin a seal,0
a whale,383,a penguin a dolphin,0
a whale,383,a salmon a seal,1
a whale,383,a salmon a dolphin,0
a whale,383,a seal a dolphin,0
a salmon,384,a finch a robin,0
a salmon,384,a finch a chicken,1
a salmon,384,a finch an eagle,1
a salmon,384,a finch an ostrich,0
a salmon,384,a finch a penguin,0
a salmon,384,a finch a seal,0
a salmon,384,a finch a dolphin,0
a salmon,384,a finch a whale,0
a salmon,384,a robin a chicken,0
a salmon,384,a robin an eagle,1
a salmon,384,a robin an ostrich,0
a salmon,384,a robin a penguin,0
a salmon,384,a robin a seal,1
a salmon,384,a robin a dolphin,0
a salmon,384,a robin a whale,0
a salmon,384,a chicken an eagle,1
a salmon,384,a chicken an ostrich,0
a salmon,384,a chicken a penguin,0
a salmon,384,a chicken a seal,1
a salmon,384,a chicken a dolphin,0
a salmon,384,a chicken a whale,0
a salmon,384,an eagle an ostrich,0
a salmon,384,an eagle a penguin,0
a salmon,384,an eagle a seal,0
a salmon,384,an eagle a dolphin,0
a salmon,384,an eagle a whale,0
a salmon,384,an ostrich a penguin,0
a salmon,384,an ostrich a seal,1
a salmon,384,an ostrich a dolphin,0
a salmon,384,an ostrich a whale,0
a salmon,384,a penguin a seal,1
a salmon,384,a penguin a whale,0
a salmon,384,a seal a dolphin,0
a salmon,384,a seal a whale,0
a salmon,384,a dolphin a whale,0
a whale,385,a finch a robin,0
a whale,385,a finch a chicken,1
a whale,385,a finch an eagle,0
a whale,385,a finch an ostrich,0
a whale,385,a finch a penguin,0
a whale,385,a finch a salmon,0
a whale,385,a finch a seal,0
a whale,385,a finch a dolphin,0
a whale,385,a robin a chicken,0
a whale,385,a robin an eagle,0
a whale,385,a robin an ostrich,0
a whale,385,a robin a penguin,0
a whale,385,a robin a salmon,0
a whale,385,a robin a seal,0
a whale,385,a robin a dolphin,0
a whale,385,a chicken an eagle,0
a whale,385,a chicken an ostrich,0
a whale,385,a chicken a penguin,0
a whale,385,a chicken a seal,0
a whale,385,a chicken a dolphin,0
a whale,385,an eagle an ostrich,0
a whale,385,an eagle a penguin,0
a whale,385,an eagle a salmon,1
a whale,385,an eagle a seal,0
a whale,385,an eagle a dolphin,0
a whale,385,an ostrich a penguin,0
a whale,385,an ostrich a salmon,0
a whale,385,an ostrich a seal,0
a whale,385,an ostrich a dolphin,1
a whale,385,a penguin a salmon,0
a whale,385,a penguin a seal,1
a whale,385,a penguin a dolphin,0
a whale,385,a salmon a seal,0
a whale,385,a salmon a dolphin,0
a whale,385,a seal a dolphin,0
an ostrich,386,a finch a robin,0
an ostrich,386,a finch a chicken,0
an ostrich,386,a finch an eagle,0
an ostrich,386,a finch a penguin,0
an ostrich,386,a finch a salmon,0
an ostrich,386,a finch a seal,0
an ostrich,386,a finch a dolphin,0
an ostrich,386,a finch a whale,0
an ostrich,386,a robin a chicken,0
an ostrich,386,a robin an eagle,0
an ostrich,386,a robin a penguin,0
an ostrich,386,a robin a salmon,0
an ostrich,386,a robin a seal,0
an ostrich,386,a robin a dolphin,0
an ostrich,386,a robin a whale,0
an ostrich,386,a chicken an eagle,0
an ostrich,386,a chicken a penguin,0
an ostrich,386,a chicken a salmon,0
an ostrich,386,a chicken a seal,0
an ostrich,386,a chicken a dolphin,0
an ostrich,386,a chicken a whale,0
an ostrich,386,an eagle a penguin,0
an ostrich,386,an eagle a salmon,0
an ostrich,386,an eagle a seal,0
an ostrich,386,an eagle a dolphin,0
an ostrich,386,an eagle a whale,0
an ostrich,386,a penguin a salmon,0
an ostrich,386,a penguin a seal,0
an ostrich,386,a penguin a dolphin,0
an ostrich,386,a penguin a whale,0
an ostrich,386,a salmon a seal,0
an ostrich,386,a salmon a dolphin,0
an ostrich,386,a seal a dolphin,0
an ostrich,386,a seal a whale,0
an ostrich,386,a dolphin a whale,0
a whale,387,a finch a robin,0
a whale,387,a finch a chicken,0
a whale,387,a finch an eagle,0
a whale,387,a finch an ostrich,0
a whale,387,a finch a penguin,0
a whale,387,a finch a salmon,0
a whale,387,a finch a seal,0
a whale,387,a finch a dolphin,0
a whale,387,a robin a chicken,0
a whale,387,a robin an eagle,0
a whale,387,a robin an ostrich,0
a whale,387,a robin a penguin,0
a whale,387,a robin a salmon,1
a whale,387,a robin a seal,1
a whale,387,a robin a dolphin,0
a whale,387,a chicken an eagle,0
a whale,387,a chicken an ostrich,0
a whale,387,a chicken a penguin,0
a whale,387,a chicken a salmon,0
a whale,387,a chicken a seal,0
a whale,387,a chicken a dolphin,0
a whale,387,an eagle a penguin,0
a whale,387,an eagle a salmon,0
a whale,387,an eagle a seal,1
a whale,387,an eagle a dolphin,0
a whale,387,an ostrich a penguin,0
a whale,387,an ostrich a salmon,0
a whale,387,an ostrich a seal,1
a whale,387,an ostrich a dolphin,0
a whale,387,a penguin a salmon,0
a whale,387,a penguin a seal,0
a whale,387,a penguin a dolphin,0
a whale,387,a salmon a seal,1
a whale,387,a salmon a dolphin,0
a whale,387,a seal a dolphin,0
an ostrich,388,a finch a robin,0
an ostrich,388,a finch a chicken,1
an ostrich,388,a finch an eagle,0
an ostrich,388,a finch a penguin,0
an ostrich,388,a finch a salmon,0
an ostrich,388,a finch a seal,0
an ostrich,388,a finch a dolphin,0
an ostrich,388,a finch a whale,0
an ostrich,388,a robin a chicken,0
an ostrich,388,a robin an eagle,0
an ostrich,388,a robin a penguin,0
an ostrich,388,a robin a salmon,0
an ostrich,388,a robin a seal,0
an ostrich,388,a robin a dolphin,0
an ostrich,388,a robin a whale,0
an ostrich,388,a chicken an eagle,0
an ostrich,388,a chicken a penguin,0
an ostrich,388,a chicken a salmon,0
an ostrich,388,a chicken a seal,0
an ostrich,388,a chicken a dolphin,0
an ostrich,388,a chicken a whale,0
an ostrich,388,an eagle a penguin,0
an ostrich,388,an eagle a salmon,0
an ostrich,388,an eagle a seal,0
an ostrich,388,an eagle a whale,0
an ostrich,388,a penguin a salmon,0
an ostrich,388,a penguin a seal,0
an ostrich,388,a penguin a dolphin,0
an ostrich,388,a penguin a whale,0
an ostrich,388,a salmon a dolphin,0
an ostrich,388,a salmon a whale,0
an ostrich,388,a seal a dolphin,0
an ostrich,388,a seal a whale,0
an ostrich,388,a dolphin a whale,0
a salmon,389,a finch a robin,0
a salmon,389,a finch a chicken,1
a salmon,389,a finch an eagle,0
a salmon,389,a finch an ostrich,0
a salmon,389,a finch a penguin,0
a salmon,389,a finch a seal,1
a salmon,389,a finch a dolphin,0
a salmon,389,a finch a whale,0
a salmon,389,a robin a chicken,0
a salmon,389,a robin an eagle,0
a salmon,389,a robin an ostrich,0
a salmon,389,a robin a penguin,0
a salmon,389,a robin a seal,1
a salmon,389,a robin a dolphin,0
a salmon,389,a robin a whale,0
a salmon,389,a chicken an eagle,0
a salmon,389,a chicken an ostrich,0
a salmon,389,a chicken a penguin,0
a salmon,389,a chicken a seal,1
a salmon,389,a chicken a dolphin,0
a salmon,389,a chicken a whale,0
a salmon,389,an eagle an ostrich,0
a salmon,389,an eagle a penguin,0
a salmon,389,an eagle a seal,1
a salmon,389,an eagle a dolphin,0
a salmon,389,an eagle a whale,0
a salmon,389,an ostrich a penguin,0
a salmon,389,an ostrich a seal,0
a salmon,389,an ostrich a dolphin,0
a salmon,389,an ostrich a whale,0
a salmon,389,a penguin a seal,0
a salmon,389,a penguin a dolphin,0
a salmon,389,a penguin a whale,1
a salmon,389,a seal a dolphin,0
a salmon,389,a seal a whale,0
a salmon,389,a dolphin a whale,0
a dolphin,390,a finch a robin,0
a dolphin,390,a finch a chicken,0
a dolphin,390,a finch an eagle,0
a dolphin,390,a finch an ostrich,0
a dolphin,390,a finch a penguin,0
a dolphin,390,a finch a salmon,0
a dolphin,390,a finch a seal,0
a dolphin,390,a finch a whale,0
a dolphin,390,a robin a chicken,0
a dolphin,390,a robin an eagle,0
a dolphin,390,a robin an ostrich,0
a dolphin,390,a robin a salmon,0
a dolphin,390,a robin a seal,1
a dolphin,390,a robin a whale,0
a dolphin,390,a chicken an eagle,0
a dolphin,390,a chicken an ostrich,0
a dolphin,390,a chicken a penguin,0
a dolphin,390,a chicken a salmon,0
a dolphin,390,a chicken a seal,0
a dolphin,390,a chicken a whale,0
a dolphin,390,an eagle a penguin,0
a dolphin,390,an eagle a salmon,1
a dolphin,390,an eagle a seal,0
a dolphin,390,an eagle a whale,0
a dolphin,390,an ostrich a penguin,0
a dolphin,390,an ostrich a salmon,0
a dolphin,390,an ostrich a seal,1
a dolphin,390,an ostrich a whale,0
a dolphin,390,a penguin a salmon,0
a dolphin,390,a penguin a seal,1
a dolphin,390,a penguin a whale,1
a dolphin,390,a salmon a seal,0
a dolphin,390,a salmon a whale,1
a dolphin,390,a seal a whale,0
an ostrich,391,a finch a robin,0
an ostrich,391,a finch a chicken,0
an ostrich,391,a finch an eagle,0
an ostrich,391,a finch a penguin,0
an ostrich,391,a finch a salmon,0
an ostrich,391,a finch a seal,0
an ostrich,391,a finch a dolphin,0
an ostrich,391,a finch a whale,0
an ostrich,391,a robin a chicken,0
an ostrich,391,a robin an eagle,0
an ostrich,391,a robin a penguin,0
an ostrich,391,a robin a salmon,0
an ostrich,391,a robin a seal,0
an ostrich,391,a robin a dolphin,0
an ostrich,391,a robin a whale,0
an ostrich,391,a chicken an eagle,0
an ostrich,391,a chicken a penguin,0
an ostrich,391,a chicken a salmon,0
an ostrich,391,a chicken a seal,0
an ostrich,391,a chicken a dolphin,0
an ostrich,391,a chicken a whale,0
an ostrich,391,an eagle a penguin,0
an ostrich,391,an eagle a salmon,0
an ostrich,391,an eagle a seal,0
an ostrich,391,an eagle a dolphin,0
an ostrich,391,an eagle a whale,0
an ostrich,391,a penguin a salmon,0
an ostrich,391,a penguin a seal,0
an ostrich,391,a penguin a dolphin,0
an ostrich,391,a penguin a whale,0
an ostrich,391,a salmon a seal,0
an ostrich,391,a salmon a dolphin,0
an ostrich,391,a salmon a whale,0
an ostrich,391,a seal a dolphin,0
an ostrich,391,a seal a whale,0
an ostrich,391,a dolphin a whale,0
a finch,392,a robin a chicken,0
a finch,392,a robin an eagle,0
a finch,392,a robin an ostrich,0
a finch,392,a robin a penguin,0
a finch,392,a robin a salmon,0
a finch,392,a robin a seal,0
a finch,392,a robin a dolphin,0
a finch,392,a robin a whale,0
a finch,392,a chicken an eagle,0
a finch,392,a chicken an ostrich,0
a finch,392,a chicken a penguin,0
a finch,392,a chicken a salmon,0
a finch,392,a chicken a seal,0
a finch,392,a chicken a dolphin,0
a finch,392,a chicken a whale,0
a finch,392,an eagle an ostrich,0
a finch,392,an eagle a penguin,0
a finch,392,an eagle a salmon,0
a finch,392,an eagle a seal,0
a finch,392,an eagle a dolphin,0
a finch,392,an eagle a whale,0
a finch,392,an ostrich a penguin,0
a finch,392,an ostrich a salmon,0
a finch,392,an ostrich a seal,0
a finch,392,an ostrich a dolphin,0
a finch,392,an ostrich a whale,0
a finch,392,a penguin a salmon,0
a finch,392,a penguin a seal,0
a finch,392,a penguin a dolphin,0
a finch,392,a penguin a whale,0
a finch,392,a salmon a seal,0
a finch,392,a salmon a dolphin,0
a finch,392,a salmon a whale,0
a finch,392,a seal a dolphin,0
a finch,392,a seal a whale,0
a finch,392,a dolphin a whale,0
a whale,393,a finch a robin,0
a whale,393,a finch a chicken,0
a whale,393,a finch an eagle,0
a whale,393,a finch an ostrich,0
a whale,393,a finch a penguin,0
a whale,393,a finch a salmon,0
a whale,393,a finch a seal,1
a whale,393,a finch a dolphin,0
a whale,393,a robin a chicken,0
a whale,393,a robin an eagle,0
a whale,393,a robin an ostrich,0
a whale,393,a robin a penguin,0
a whale,393,a robin a salmon,0
a whale,393,a robin a seal,1
a whale,393,a robin a dolphin,0
a whale,393,a chicken an eagle,0
a whale,393,a chicken an ostrich,0
a whale,393,a chicken a penguin,0
a whale,393,a chicken a salmon,0
a whale,393,a chicken a seal,1
a whale,393,a chicken a dolphin,0
a whale,393,an eagle an ostrich,0
a whale,393,an eagle a penguin,0
a whale,393,an eagle a salmon,1
a whale,393,an eagle a seal,1
a whale,393,an eagle a dolphin,0
a whale,393,an ostrich a penguin,0
a whale,393,an ostrich a salmon,0
a whale,393,an ostrich a seal,0
a whale,393,an ostrich a dolphin,0
a whale,393,a penguin a salmon,0
a whale,393,a penguin a seal,0
a whale,393,a penguin a dolphin,1
a whale,393,a salmon a seal,1
a whale,393,a salmon a dolphin,1
a whale,393,a seal a dolphin,0
a whale,394,a finch a robin,0
a whale,394,a finch a chicken,0
a whale,394,a finch an eagle,0
a whale,394,a finch an ostrich,0
a whale,394,a finch a penguin,0
a whale,394,a finch a salmon,0
a whale,394,a finch a seal,0
a whale,394,a finch a dolphin,0
a whale,394,a robin a chicken,0
a whale,394,a robin an eagle,0
a whale,394,a robin an ostrich,0
a whale,394,a robin a penguin,0
a whale,394,a robin a salmon,0
a whale,394,a robin a seal,1
a whale,394,a robin a dolphin,0
a whale,394,a chicken an eagle,0
a whale,394,a chicken an ostrich,0
a whale,394,a chicken a penguin,0
a whale,394,a chicken a salmon,0
a whale,394,a chicken a seal,1
a whale,394,a chicken a dolphin,0
a whale,394,an eagle an ostrich,0
a whale,394,an eagle a penguin,0
a whale,394,an eagle a salmon,0
a whale,394,an eagle a seal,0
a whale,394,an eagle a dolphin,1
a whale,394,an ostrich a penguin,0
a whale,394,an ostrich a salmon,0
a whale,394,an ostrich a seal,1
a whale,394,an ostrich a dolphin,0
a whale,394,a penguin a salmon,0
a whale,394,a penguin a seal,0
a whale,394,a penguin a dolphin,1
a whale,394,a salmon a seal,1
a whale,394,a salmon a dolphin,0
a whale,394,a seal a dolphin,0
a finch,395,a robin a chicken,0
a finch,395,a robin an eagle,0
a finch,395,a robin an ostrich,0
a finch,395,a robin a penguin,0
a finch,395,a robin a salmon,0
a finch,395,a robin a seal,0
a finch,395,a robin a dolphin,0
a finch,395,a robin a whale,0
a finch,395,a chicken an eagle,0
a finch,395,a chicken an ostrich,0
a finch,395,a chicken a penguin,0
a finch,395,a chicken a salmon,0
a finch,395,a chicken a seal,0
a finch,395,a chicken a dolphin,0
a finch,395,a chicken a whale,0
a finch,395,an eagle an ostrich,0
a finch,395,an eagle a penguin,0
a finch,395,an eagle a salmon,0
a finch,395,an eagle a seal,0
a finch,395,an eagle a dolphin,0
a finch,395,an eagle a whale,0
a finch,395,an ostrich a penguin,0
a finch,395,an ostrich a salmon,0
a finch,395,an ostrich a seal,0
a finch,395,an ostrich a dolphin,0
a finch,395,an ostrich a whale,0
a finch,395,a penguin a salmon,0
a finch,395,a penguin a seal,0
a finch,395,a penguin a dolphin,0
a finch,395,a penguin a whale,0
a finch,395,a salmon a seal,0
a finch,395,a salmon a dolphin,0
a finch,395,a salmon a whale,0
a finch,395,a seal a dolphin,0
a finch,395,a seal a whale,0
a finch,395,a dolphin a whale,0
a robin,396,a finch a chicken,0
a robin,396,a finch an eagle,0
a robin,396,a finch an ostrich,0
a robin,396,a finch a penguin,0
a robin,396,a finch a salmon,0
a robin,396,a finch a seal,0
a robin,396,a finch a dolphin,0
a robin,396,a finch a whale,0
a robin,396,a chicken an eagle,0
a robin,396,a chicken a penguin,0
a robin,396,a chicken a salmon,0
a robin,396,a chicken a seal,0
a robin,396,a chicken a dolphin,0
a robin,396,a chicken a whale,0
a robin,396,an eagle an ostrich,0
a robin,396,an eagle a penguin,0
a robin,396,an eagle a salmon,0
a robin,396,an eagle a seal,0
a robin,396,an eagle a dolphin,0
a robin,396,an eagle a whale,0
a robin,396,an ostrich a penguin,0
a robin,396,an ostrich a salmon,0
a robin,396,an ostrich a seal,0
a robin,396,an ostrich a dolphin,0
a robin,396,an ostrich a whale,0
a robin,396,a penguin a salmon,0
a robin,396,a penguin a seal,0
a robin,396,a penguin a dolphin,0
a robin,396,a penguin a whale,0
a robin,396,a salmon a seal,0
a robin,396,a salmon a dolphin,0
a robin,396,a salmon a whale,0
a robin,396,a seal a dolphin,0
a robin,396,a seal a whale,0
a robin,396,a dolphin a whale,0
a penguin,397,a finch a robin,0
a penguin,397,a finch a chicken,1
a penguin,397,a finch an eagle,0
a penguin,397,a finch an ostrich,0
a penguin,397,a finch a salmon,0
a penguin,397,a finch a seal,1
a penguin,397,a finch a dolphin,0
a penguin,397,a finch a whale,0
a penguin,397,a robin a chicken,0
a penguin,397,a robin an eagle,0
a penguin,397,a robin an ostrich,0
a penguin,397,a robin a salmon,0
a penguin,397,a robin a seal,0
a penguin,397,a robin a dolphin,1
a penguin,397,a robin a whale,0
a penguin,397,a chicken an eagle,0
a penguin,397,a chicken an ostrich,0
a penguin,397,a chicken a salmon,0
a penguin,397,a chicken a seal,1
a penguin,397,a chicken a dolphin,0
a penguin,397,a chicken a whale,0
a penguin,397,an eagle an ostrich,0
a penguin,397,an eagle a salmon,0
a penguin,397,an eagle a seal,1
a penguin,397,an eagle a dolphin,0
a penguin,397,an eagle a whale,0
a penguin,397,an ostrich a salmon,0
a penguin,397,an ostrich a seal,1
a penguin,397,an ostrich a dolphin,0
a penguin,397,an ostrich a whale,1
a penguin,397,a salmon a seal,1
a penguin,397,a salmon a dolphin,0
a penguin,397,a salmon a whale,0
a penguin,397,a seal a dolphin,0
a penguin,397,a seal a whale,0
a penguin,397,a dolphin a whale,0
a dolphin,398,a finch a robin,0
a dolphin,398,a finch a chicken,0
a dolphin,398,a finch an eagle,0
a dolphin,398,a finch an ostrich,0
a dolphin,398,a finch a penguin,0
a dolphin,398,a finch a salmon,0
a dolphin,398,a finch a seal,0
a dolphin,398,a finch a whale,0
a dolphin,398,a robin a chicken,0
a dolphin,398,a robin an eagle,0
a dolphin,398,a robin an ostrich,0
a dolphin,398,a robin a penguin,0
a dolphin,398,a robin a salmon,0
a dolphin,398,a robin a seal,0
a dolphin,398,a robin a whale,0
a dolphin,398,a chicken an eagle,0
a dolphin,398,a chicken an ostrich,0
a dolphin,398,a chicken a penguin,0
a dolphin,398,a chicken a salmon,0
a dolphin,398,a chicken a seal,0
a dolphin,398,a chicken a whale,0
a dolphin,398,an eagle an ostrich,0
a dolphin,398,an eagle a penguin,0
a dolphin,398,an eagle a salmon,0
a dolphin,398,an eagle a seal,1
a dolphin,398,an eagle a whale,0
a dolphin,398,an ostrich a penguin,0
a dolphin,398,an ostrich a salmon,0
a dolphin,398,an ostrich a seal,1
a dolphin,398,an ostrich a whale,0
a dolphin,398,a penguin a salmon,0
a dolphin,398,a penguin a seal,1
a dolphin,398,a penguin a whale,0
a dolphin,398,a salmon a seal,0
a dolphin,398,a salmon a whale,1
a dolphin,398,a seal a whale,0
a seal,399,a finch a robin,0
a seal,399,a finch a chicken,0
a seal,399,a finch an eagle,0
a seal,399,a finch an ostrich,0
a seal,399,a finch a penguin,0
a seal,399,a finch a salmon,0
a seal,399,a finch a dolphin,0
a seal,399,a finch a whale,0
a seal,399,a robin a chicken,0
a seal,399,a robin an eagle,0
a seal,399,a robin an ostrich,0
a seal,399,a robin a penguin,0
a seal,399,a robin a salmon,1
a seal,399,a robin a dolphin,0
a seal,399,a robin a whale,0
a seal,399,a chicken an eagle,0
a seal,399,a chicken an ostrich,0
a seal,399,a chicken a penguin,0
a seal,399,a chicken a salmon,1
a seal,399,a chicken a dolphin,0
a seal,399,a chicken a whale,0
a seal,399,an eagle an ostrich,0
a seal,399,an eagle a penguin,0
a seal,399,an eagle a salmon,0
a seal,399,an eagle a dolphin,0
a seal,399,an eagle a whale,1
a seal,399,an ostrich a penguin,0
a seal,399,an ostrich a salmon,0
a seal,399,an ostrich a dolphin,0
a seal,399,an ostrich a whale,1
a seal,399,a penguin a salmon,0
a seal,399,a penguin a dolphin,0
a seal,399,a penguin a whale,0
a seal,399,a salmon a dolphin,0
a seal,399,a salmon a whale,0
a seal,399,a dolphin a whale,0
an ostrich,400,a finch a robin,0
an ostrich,400,a finch a chicken,0
an ostrich,400,a finch an eagle,0
an ostrich,400,a finch a penguin,0
an ostrich,400,a finch a salmon,0
an ostrich,400,a finch a seal,0
an ostrich,400,a finch a dolphin,0
an ostrich,400,a finch a whale,0
an ostrich,400,a robin a chicken,0
an ostrich,400,a robin an eagle,0
an ostrich,400,a robin a penguin,0
an ostrich,400,a robin a salmon,0
an ostrich,400,a robin a seal,0
an ostrich,400,a robin a dolphin,0
an ostrich,400,a robin a whale,0
an ostrich,400,a chicken an eagle,0
an ostrich,400,a chicken a penguin,0
an ostrich,400,a chicken a salmon,0
an ostrich,400,a chicken a seal,0
an ostrich,400,a chicken a dolphin,0
an ostrich,400,a chicken a whale,0
an ostrich,400,an eagle a penguin,0
an ostrich,400,an eagle a salmon,0
an ostrich,400,an eagle a seal,0
an ostrich,400,an eagle a dolphin,0
an ostrich,400,an eagle a whale,0
an ostrich,400,a penguin a salmon,0
an ostrich,400,a penguin a seal,0
an ostrich,400,a penguin a dolphin,0
an ostrich,400,a penguin a whale,0
an ostrich,400,a salmon a seal,0
an ostrich,400,a salmon a dolphin,0
an ostrich,400,a salmon a whale,0
an ostrich,400,a seal a dolphin,0
an ostrich,400,a seal a whale,0
an ostrich,400,a dolphin a whale,0
a finch,401,a robin a chicken,0
a finch,401,a robin an eagle,0
a finch,401,a robin an ostrich,0
a finch,401,a robin a penguin,0
a finch,401,a robin a salmon,0
a finch,401,a robin a seal,0
a finch,401,a robin a dolphin,0
a finch,401,a robin a whale,0
a finch,401,a chicken an eagle,0
a finch,401,a chicken an ostrich,0
a finch,401,a chicken a penguin,0
a finch,401,a chicken a salmon,0
a finch,401,a chicken a seal,0
a finch,401,a chicken a dolphin,0
a finch,401,a chicken a whale,0
a finch,401,an eagle an ostrich,0
a finch,401,an eagle a penguin,0
a finch,401,an eagle a salmon,0
a finch,401,an eagle a seal,0
a finch,401,an eagle a dolphin,0
a finch,401,an eagle a whale,0
a finch,401,an ostrich a penguin,0
a finch,401,an ostrich a salmon,0
a finch,401,an ostrich a dolphin,0
a finch,401,an ostrich a whale,0
a finch,401,a penguin a salmon,0
a finch,401,a penguin a seal,0
a finch,401,a penguin a dolphin,0
a finch,401,a penguin a whale,0
a finch,401,a salmon a seal,0
a finch,401,a salmon a dolphin,0
a finch,401,a salmon a whale,0
a finch,401,a seal a dolphin,0
a finch,401,a seal a whale,0
a finch,401,a dolphin a whale,0
a salmon,402,a finch a robin,0
a salmon,402,a finch a chicken,0
a salmon,402,a finch an eagle,1
a salmon,402,a finch an ostrich,0
a salmon,402,a finch a penguin,0
a salmon,402,a finch a seal,1
a salmon,402,a finch a dolphin,0
a salmon,402,a finch a whale,0
a salmon,402,a robin a chicken,1
a salmon,402,a robin an eagle,1
a salmon,402,a robin an ostrich,0
a salmon,402,a robin a penguin,0
a salmon,402,a robin a seal,1
a salmon,402,a robin a dolphin,0
a salmon,402,a robin a whale,0
a salmon,402,a chicken an eagle,1
a salmon,402,a chicken an ostrich,0
a salmon,402,a chicken a penguin,0
a salmon,402,a chicken a seal,1
a salmon,402,a chicken a dolphin,0
a salmon,402,a chicken a whale,0
a salmon,402,an eagle an ostrich,0
a salmon,402,an eagle a penguin,0
a salmon,402,an eagle a seal,0
a salmon,402,an eagle a dolphin,0
a salmon,402,an eagle a whale,0
a salmon,402,an ostrich a penguin,0
a salmon,402,an ostrich a seal,0
a salmon,402,an ostrich a dolphin,0
a salmon,402,an ostrich a whale,0
a salmon,402,a penguin a seal,1
a salmon,402,a penguin a dolphin,0
a salmon,402,a penguin a whale,0
a salmon,402,a seal a dolphin,0
a salmon,402,a seal a whale,0
a salmon,402,a dolphin a whale,0
an ostrich,403,a finch a robin,0
an ostrich,403,a finch a chicken,0
an ostrich,403,a finch an eagle,0
an ostrich,403,a finch a penguin,0
an ostrich,403,a finch a salmon,0
an ostrich,403,a finch a seal,0
an ostrich,403,a finch a dolphin,0
an ostrich,403,a finch a whale,0
an ostrich,403,a robin a chicken,0
an ostrich,403,a robin an eagle,0
an ostrich,403,a robin a penguin,0
an ostrich,403,a robin a salmon,0
an ostrich,403,a robin a seal,1
an ostrich,403,a robin a dolphin,0
an ostrich,403,a robin a whale,0
an ostrich,403,a chicken an eagle,0
an ostrich,403,a chicken a penguin,0
an ostrich,403,a chicken a salmon,0
an ostrich,403,a chicken a seal,0
an ostrich,403,a chicken a dolphin,0
an ostrich,403,a chicken a whale,0
an ostrich,403,an eagle a penguin,0
an ostrich,403,an eagle a salmon,0
an ostrich,403,an eagle a seal,0
an ostrich,403,an eagle a dolphin,0
an ostrich,403,an eagle a whale,0
an ostrich,403,a penguin a salmon,0
an ostrich,403,a penguin a seal,0
an ostrich,403,a penguin a dolphin,0
an ostrich,403,a penguin a whale,0
an ostrich,403,a salmon a seal,0
an ostrich,403,a salmon a dolphin,0
an ostrich,403,a salmon a whale,1
an ostrich,403,a seal a dolphin,0
an ostrich,403,a seal a whale,0
an ostrich,403,a dolphin a whale,0
a penguin,404,a finch a robin,0
a penguin,404,a finch a chicken,1
a penguin,404,a finch an eagle,0
a penguin,404,a finch an ostrich,0
a penguin,404,a finch a salmon,0
a penguin,404,a finch a seal,1
a penguin,404,a finch a dolphin,0
a penguin,404,a finch a whale,0
a penguin,404,a robin a chicken,1
a penguin,404,a robin an eagle,0
a penguin,404,a robin an ostrich,0
a penguin,404,a robin a salmon,0
a penguin,404,a robin a seal,0
a penguin,404,a robin a dolphin,0
a penguin,404,a robin a whale,0
a penguin,404,a chicken an eagle,0
a penguin,404,a chicken an ostrich,0
a penguin,404,a chicken a salmon,0
a penguin,404,a chicken a seal,1
a penguin,404,a chicken a dolphin,0
a penguin,404,a chicken a whale,0
a penguin,404,an eagle an ostrich,0
a penguin,404,an eagle a salmon,0
a penguin,404,an eagle a seal,1
a penguin,404,an eagle a dolphin,1
a penguin,404,an eagle a whale,1
a penguin,404,an ostrich a salmon,0
a penguin,404,an ostrich a seal,0
a penguin,404,an ostrich a dolphin,0
a penguin,404,an ostrich a whale,0
a penguin,404,a salmon a seal,0
a penguin,404,a salmon a dolphin,0
a penguin,404,a salmon a whale,1
a penguin,404,a seal a dolphin,0
a penguin,404,a seal a whale,0
a penguin,404,a dolphin a whale,0
a salmon,405,a finch a robin,0
a salmon,405,a finch a chicken,0
a salmon,405,a finch an eagle,0
a salmon,405,a finch an ostrich,0
a salmon,405,a finch a penguin,0
a salmon,405,a finch a seal,0
a salmon,405,a finch a dolphin,0
a salmon,405,a finch a whale,0
a salmon,405,a robin a chicken,1
a salmon,405,a robin an eagle,0
a salmon,405,a robin an ostrich,0
a salmon,405,a robin a penguin,0
a salmon,405,a robin a seal,0
a salmon,405,a robin a dolphin,0
a salmon,405,a robin a whale,0
a salmon,405,a chicken an eagle,0
a salmon,405,a chicken an ostrich,0
a salmon,405,a chicken a penguin,0
a salmon,405,a chicken a seal,1
a salmon,405,a chicken a dolphin,0
a salmon,405,a chicken a whale,0
a salmon,405,an eagle a penguin,0
a salmon,405,an eagle a seal,1
a salmon,405,an eagle a dolphin,0
a salmon,405,an eagle a whale,1
a salmon,405,an ostrich a penguin,0
a salmon,405,an ostrich a seal,1
a salmon,405,an ostrich a dolphin,0
a salmon,405,an ostrich a whale,1
a salmon,405,a penguin a seal,0
a salmon,405,a penguin a dolphin,0
a salmon,405,a penguin a whale,0
a salmon,405,a seal a dolphin,0
a salmon,405,a seal a whale,0
a salmon,405,a dolphin a whale,0
a chicken,406,a finch a robin,0
a chicken,406,a finch an eagle,0
a chicken,406,a finch an ostrich,0
a chicken,406,a finch a penguin,0
a chicken,406,a finch a salmon,0
a chicken,406,a finch a seal,0
a chicken,406,a finch a dolphin,0
a chicken,406,a finch a whale,0
a chicken,406,a robin an eagle,0
a chicken,406,a robin an ostrich,0
a chicken,406,a robin a penguin,0
a chicken,406,a robin a salmon,0
a chicken,406,a robin a seal,0
a chicken,406,a robin a dolphin,0
a chicken,406,a robin a whale,0
a chicken,406,an eagle an ostrich,0
a chicken,406,an eagle a penguin,0
a chicken,406,an eagle a salmon,0
a chicken,406,an eagle a seal,0
a chicken,406,an eagle a dolphin,0
a chicken,406,an eagle a whale,0
a chicken,406,an ostrich a penguin,0
a chicken,406,an ostrich a salmon,0
a chicken,406,an ostrich a seal,0
a chicken,406,an ostrich a dolphin,0
a chicken,406,an ostrich a whale,0
a chicken,406,a penguin a salmon,0
a chicken,406,a penguin a seal,0
a chicken,406,a penguin a dolphin,0
a chicken,406,a penguin a whale,0
a chicken,406,a salmon a seal,0
a chicken,406,a salmon a dolphin,0
a chicken,406,a salmon a whale,0
a chicken,406,a seal a dolphin,0
a chicken,406,a seal a whale,0
a chicken,406,a dolphin a whale,0
a whale,407,a finch a robin,0
a whale,407,a finch a chicken,0
a whale,407,a finch an eagle,0
a whale,407,a finch an ostrich,0
a whale,407,a finch a penguin,0
a whale,407,a finch a salmon,0
a whale,407,a finch a seal,0
a whale,407,a finch a dolphin,0
a whale,407,a robin a chicken,1
a whale,407,a robin an eagle,0
a whale,407,a robin an ostrich,0
a whale,407,a robin a penguin,0
a whale,407,a robin a salmon,0
a whale,407,a robin a seal,0
a whale,407,a robin a dolphin,0
a whale,407,a chicken an eagle,0
a whale,407,a chicken a penguin,0
a whale,407,a chicken a salmon,0
a whale,407,a chicken a seal,0
a whale,407,a chicken a dolphin,0
a whale,407,an eagle an ostrich,0
a whale,407,an eagle a penguin,1
a whale,407,an eagle a salmon,0
a whale,407,an eagle a seal,1
a whale,407,an eagle a dolphin,0
a whale,407,an ostrich a penguin,0
a whale,407,an ostrich a salmon,0
a whale,407,an ostrich a seal,0
a whale,407,an ostrich a dolphin,0
a whale,407,a penguin a salmon,0
a whale,407,a penguin a seal,1
a whale,407,a penguin a dolphin,1
a whale,407,a salmon a seal,0
a whale,407,a salmon a dolphin,1
a whale,407,a seal a dolphin,0
a chicken,408,a finch a robin,0
a chicken,408,a finch an eagle,0
a chicken,408,a finch an ostrich,0
a chicken,408,a finch a penguin,0
a chicken,408,a finch a salmon,0
a chicken,408,a finch a seal,0
a chicken,408,a finch a dolphin,0
a chicken,408,a finch a whale,0
a chicken,408,a robin an eagle,0
a chicken,408,a robin an ostrich,0
a chicken,408,a robin a penguin,0
a chicken,408,a robin a salmon,0
a chicken,408,a robin a seal,0
a chicken,408,a robin a dolphin,0
a chicken,408,a robin a whale,0
a chicken,408,an eagle an ostrich,0
a chicken,408,an eagle a penguin,0
a chicken,408,an eagle a salmon,0
a chicken,408,an eagle a seal,0
a chicken,408,an eagle a dolphin,0
a chicken,408,an eagle a whale,0
a chicken,408,an ostrich a penguin,0
a chicken,408,an ostrich a salmon,0
a chicken,408,an ostrich a seal,0
a chicken,408,an ostrich a dolphin,0
a chicken,408,an ostrich a whale,0
a chicken,408,a penguin a salmon,0
a chicken,408,a penguin a seal,0
a chicken,408,a penguin a dolphin,0
a chicken,408,a penguin a whale,0
a chicken,408,a salmon a seal,0
a chicken,408,a salmon a dolphin,0
a chicken,408,a salmon a whale,0
a chicken,408,a seal a dolphin,0
a chicken,408,a seal a whale,0
a chicken,408,a dolphin a whale,0
an ostrich,409,a finch a robin,0
an ostrich,409,a finch a chicken,0
an ostrich,409,a finch an eagle,0
an ostrich,409,a finch a penguin,0
an ostrich,409,a finch a salmon,0
an ostrich,409,a finch a seal,0
an ostrich,409,a finch a dolphin,0
an ostrich,409,a finch a whale,0
an ostrich,409,a robin a chicken,0
an ostrich,409,a robin an eagle,0
an ostrich,409,a robin a penguin,0
an ostrich,409,a robin a salmon,0
an ostrich,409,a robin a seal,0
an ostrich,409,a robin a dolphin,0
an ostrich,409,a robin a whale,0
an ostrich,409,a chicken an eagle,0
an ostrich,409,a chicken a penguin,0
an ostrich,409,a chicken a salmon,0
an ostrich,409,a chicken a seal,0
an ostrich,409,a chicken a dolphin,0
an ostrich,409,a chicken a whale,0
an ostrich,409,an eagle a penguin,0
an ostrich,409,an eagle a salmon,0
an ostrich,409,an eagle a seal,0
an ostrich,409,an eagle a dolphin,0
an ostrich,409,an eagle a whale,0
an ostrich,409,a penguin a salmon,0
an ostrich,409,a penguin a seal,0
an ostrich,409,a penguin a dolphin,0
an ostrich,409,a penguin a whale,0
an ostrich,409,a salmon a seal,0
an ostrich,409,a salmon a dolphin,0
an ostrich,409,a salmon a whale,0
an ostrich,409,a seal a dolphin,0
an ostrich,409,a seal a whale,0
an ostrich,409,a dolphin a whale,0
a penguin,410,a finch a robin,0
a penguin,410,a finch a chicken,0
a penguin,410,a finch an eagle,0
a penguin,410,a finch an ostrich,0
a penguin,410,a finch a salmon,0
a penguin,410,a finch a seal,0
a penguin,410,a finch a dolphin,0
a penguin,410,a finch a whale,0
a penguin,410,a robin a chicken,0
a penguin,410,a robin an eagle,1
a penguin,410,a robin an ostrich,0
a penguin,410,a robin a salmon,0
a penguin,410,a robin a seal,1
a penguin,410,a robin a dolphin,0
a penguin,410,a robin a whale,0
a penguin,410,a chicken an eagle,0
a penguin,410,a chicken an ostrich,0
a penguin,410,a chicken a salmon,0
a penguin,410,a chicken a seal,1
a penguin,410,a chicken a dolphin,0
a penguin,410,a chicken a whale,0
a penguin,410,an eagle an ostrich,0
a penguin,410,an eagle a salmon,1
a penguin,410,an eagle a seal,1
a penguin,410,an eagle a dolphin,0
a penguin,410,an eagle a whale,0
a penguin,410,an ostrich a salmon,0
a penguin,410,an ostrich a seal,1
a penguin,410,an ostrich a dolphin,0
a penguin,410,an ostrich a whale,1
a penguin,410,a salmon a seal,0
a penguin,410,a salmon a dolphin,0
a penguin,410,a salmon a whale,0
a penguin,410,a seal a dolphin,0
a penguin,410,a seal a whale,0
a penguin,410,a dolphin a whale,0
a dolphin,411,a finch a robin,0
a dolphin,411,a finch a chicken,0
a dolphin,411,a finch an eagle,0
a dolphin,411,a finch an ostrich,0
a dolphin,411,a finch a penguin,0
a dolphin,411,a finch a salmon,0
a dolphin,411,a finch a seal,0
a dolphin,411,a finch a whale,0
a dolphin,411,a robin a chicken,0
a dolphin,411,a robin an eagle,0
a dolphin,411,a robin an ostrich,0
a dolphin,411,a robin a penguin,0
a dolphin,411,a robin a salmon,0
a dolphin,411,a robin a seal,1
a dolphin,411,a robin a whale,0
a dolphin,411,a chicken an eagle,0
a dolphin,411,a chicken an ostrich,0
a dolphin,411,a chicken a penguin,0
a dolphin,411,a chicken a salmon,0
a dolphin,411,a chicken a seal,0
a dolphin,411,a chicken a whale,0
a dolphin,411,an eagle an ostrich,0
a dolphin,411,an eagle a salmon,0
a dolphin,411,an eagle a seal,0
a dolphin,411,an eagle a whale,1
a dolphin,411,an ostrich a penguin,0
a dolphin,411,an ostrich a salmon,0
a dolphin,411,an ostrich a seal,1
a dolphin,411,an ostrich a whale,0
a dolphin,411,a penguin a salmon,0
a dolphin,411,a penguin a seal,1
a dolphin,411,a penguin a whale,0
a dolphin,411,a salmon a seal,0
a dolphin,411,a salmon a whale,0
a dolphin,411,a seal a whale,0
an ostrich,412,a finch a robin,0
an ostrich,412,a finch a chicken,0
an ostrich,412,a finch an eagle,0
an ostrich,412,a finch a penguin,0
an ostrich,412,a finch a salmon,0
an ostrich,412,a finch a seal,0
an ostrich,412,a finch a dolphin,0
an ostrich,412,a finch a whale,0
an ostrich,412,a robin a chicken,0
an ostrich,412,a robin an eagle,0
an ostrich,412,a robin a penguin,0
an ostrich,412,a robin a salmon,0
an ostrich,412,a robin a seal,0
an ostrich,412,a robin a dolphin,0
an ostrich,412,a robin a whale,0
an ostrich,412,a chicken an eagle,0
an ostrich,412,a chicken a penguin,0
an ostrich,412,a chicken a salmon,0
an ostrich,412,a chicken a seal,0
an ostrich,412,a chicken a dolphin,0
an ostrich,412,a chicken a whale,0
an ostrich,412,an eagle a penguin,0
an ostrich,412,an eagle a salmon,0
an ostrich,412,an eagle a seal,0
an ostrich,412,an eagle a dolphin,0
an ostrich,412,an eagle a whale,0
an ostrich,412,a penguin a salmon,0
an ostrich,412,a penguin a seal,0
an ostrich,412,a penguin a dolphin,0
an ostrich,412,a penguin a whale,0
an ostrich,412,a salmon a seal,0
an ostrich,412,a salmon a dolphin,0
an ostrich,412,a salmon a whale,0
an ostrich,412,a seal a dolphin,0
an ostrich,412,a seal a whale,0
an ostrich,412,a dolphin a whale,0
a finch,413,a robin a chicken,0
a finch,413,a robin an eagle,0
a finch,413,a robin an ostrich,0
a finch,413,a robin a penguin,0
a finch,413,a robin a salmon,0
a finch,413,a robin a seal,0
a finch,413,a robin a dolphin,0
a finch,413,a robin a whale,0
a finch,413,a chicken an eagle,0
a finch,413,a chicken an ostrich,0
a finch,413,a chicken a penguin,0
a finch,413,a chicken a salmon,0
a finch,413,a chicken a seal,0
a finch,413,a chicken a dolphin,0
a finch,413,a chicken a whale,0
a finch,413,an eagle an ostrich,0
a finch,413,an eagle a penguin,0
a finch,413,an eagle a salmon,0
a finch,413,an eagle a seal,0
a finch,413,an eagle a dolphin,0
a finch,413,an eagle a whale,0
a finch,413,an ostrich a penguin,0
a finch,413,an ostrich a salmon,0
a finch,413,an ostrich a seal,0
a finch,413,an ostrich a dolphin,0
a finch,413,an ostrich a whale,0
a finch,413,a penguin a salmon,0
a finch,413,a penguin a seal,0
a finch,413,a penguin a dolphin,0
a finch,413,a penguin a whale,0
a finch,413,a salmon a seal,0
a finch,413,a salmon a dolphin,0
a finch,413,a salmon a whale,0
a finch,413,a seal a dolphin,0
a finch,413,a seal a whale,0
a finch,413,a dolphin a whale,0
an eagle,414,a finch a robin,0
an eagle,414,a finch a chicken,0
an eagle,414,a finch an ostrich,0
an eagle,414,a finch a penguin,0
an eagle,414,a finch a salmon,0
an eagle,414,a finch a seal,0
an eagle,414,a finch a dolphin,0
an eagle,414,a finch a whale,0
an eagle,414,a robin a chicken,0
an eagle,414,a robin an ostrich,0
an eagle,414,a robin a penguin,0
an eagle,414,a robin a salmon,0
an eagle,414,a robin a seal,0
an eagle,414,a robin a dolphin,0
an eagle,414,a robin a whale,0
an eagle,414,a chicken an ostrich,0
an eagle,414,a chicken a penguin,0
an eagle,414,a chicken a salmon,0
an eagle,414,a chicken a seal,0
an eagle,414,a chicken a dolphin,0
an eagle,414,a chicken a whale,0
an eagle,414,an ostrich a penguin,0
an eagle,414,an ostrich a salmon,0
an eagle,414,an ostrich a seal,0
an eagle,414,an ostrich a dolphin,0
an eagle,414,an ostrich a whale,0
an eagle,414,a penguin a salmon,0
an eagle,414,a penguin a seal,0
an eagle,414,a penguin a dolphin,0
an eagle,414,a penguin a whale,0
an eagle,414,a salmon a dolphin,0
an eagle,414,a salmon a whale,1
an eagle,414,a seal a whale,0
an eagle,414,a dolphin a whale,0
an ostrich,415,a finch a robin,0
an ostrich,415,a finch a chicken,0
an ostrich,415,a finch an eagle,0
an ostrich,415,a finch a penguin,0
an ostrich,415,a finch a salmon,0
an ostrich,415,a finch a seal,0
an ostrich,415,a finch a dolphin,0
an ostrich,415,a finch a whale,0
an ostrich,415,a robin a chicken,0
an ostrich,415,a robin an eagle,0
an ostrich,415,a robin a penguin,0
an ostrich,415,a robin a salmon,0
an ostrich,415,a robin a seal,0
an ostrich,415,a robin a dolphin,0
an ostrich,415,a robin a whale,0
an ostrich,415,a chicken an eagle,0
an ostrich,415,a chicken a penguin,0
an ostrich,415,a chicken a salmon,0
an ostrich,415,a chicken a seal,0
an ostrich,415,a chicken a dolphin,0
an ostrich,415,a chicken a whale,0
an ostrich,415,an eagle a penguin,0
an ostrich,415,an eagle a salmon,0
an ostrich,415,an eagle a seal,0
an ostrich,415,an eagle a dolphin,0
an ostrich,415,an eagle a whale,0
an ostrich,415,a penguin a salmon,0
an ostrich,415,a penguin a seal,0
an ostrich,415,a penguin a dolphin,0
an ostrich,415,a penguin a whale,0
an ostrich,415,a salmon a seal,0
an ostrich,415,a salmon a dolphin,0
an ostrich,415,a seal a dolphin,0
an ostrich,415,a seal a whale,0
a whale,416,a finch a robin,0
a whale,416,a finch a chicken,1
a whale,416,a finch an eagle,0
a whale,416,a finch an ostrich,0
a whale,416,a finch a penguin,0
a whale,416,a finch a salmon,0
a whale,416,a finch a seal,0
a whale,416,a finch a dolphin,0
a whale,416,a robin a chicken,1
a whale,416,a robin an eagle,0
a whale,416,a robin an ostrich,0
a whale,416,a robin a penguin,0
a whale,416,a robin a salmon,1
a whale,416,a robin a seal,0
a whale,416,a robin a dolphin,0
a whale,416,a chicken an eagle,0
a whale,416,a chicken an ostrich,0
a whale,416,a chicken a penguin,0
a whale,416,a chicken a salmon,0
a whale,416,a chicken a seal,1
a whale,416,a chicken a dolphin,0
a whale,416,an eagle an ostrich,1
a whale,416,an eagle a penguin,0
a whale,416,an eagle a salmon,0
a whale,416,an eagle a seal,0
a whale,416,an eagle a dolphin,0
a whale,416,an ostrich a penguin,0
a whale,416,an ostrich a salmon,0
a whale,416,an ostrich a seal,1
a whale,416,an ostrich a dolphin,0
a whale,416,a penguin a salmon,1
a whale,416,a penguin a seal,0
a whale,416,a penguin a dolphin,0
a whale,416,a salmon a seal,0
a whale,416,a salmon a dolphin,0
a whale,416,a seal a dolphin,0
a whale,417,a finch a robin,0
a whale,417,a finch a chicken,0
a whale,417,a finch an ostrich,0
a whale,417,a finch a penguin,0
a whale,417,a finch a salmon,0
a whale,417,a finch a seal,0
a whale,417,a finch a dolphin,0
a whale,417,a robin a chicken,0
a whale,417,a robin an eagle,0
a whale,417,a robin an ostrich,0
a whale,417,a robin a penguin,0
a whale,417,a robin a salmon,0
a whale,417,a robin a seal,0
a whale,417,a robin a dolphin,0
a whale,417,a chicken an eagle,0
a whale,417,a chicken an ostrich,0
a whale,417,a chicken a penguin,0
a whale,417,a chicken a salmon,0
a whale,417,a chicken a seal,1
a whale,417,an eagle an ostrich,0
a whale,417,an eagle a penguin,0
a whale,417,an eagle a salmon,1
a whale,417,an eagle a seal,0
a whale,417,an eagle a dolphin,1
a whale,417,an ostrich a penguin,0
a whale,417,an ostrich a salmon,0
a whale,417,an ostrich a seal,1
a whale,417,an ostrich a dolphin,0
a whale,417,a penguin a salmon,0
a whale,417,a penguin a seal,1
a whale,417,a penguin a dolphin,1
a whale,417,a salmon a seal,0
a whale,417,a salmon a dolphin,0
a whale,417,a seal a dolphin,0
an ostrich,418,a finch a robin,0
an ostrich,418,a finch a chicken,0
an ostrich,418,a finch an eagle,1
an ostrich,418,a finch a penguin,0
an ostrich,418,a finch a salmon,0
an ostrich,418,a finch a seal,0
an ostrich,418,a finch a dolphin,0
an ostrich,418,a finch a whale,0
an ostrich,418,a robin a chicken,1
an ostrich,418,a robin an eagle,0
an ostrich,418,a robin a penguin,0
an ostrich,418,a robin a salmon,0
an ostrich,418,a robin a seal,0
an ostrich,418,a robin a dolphin,0
an ostrich,418,a robin a whale,0
an ostrich,418,a chicken an eagle,0
an ostrich,418,a chicken a penguin,0
an ostrich,418,a chicken a salmon,0
an ostrich,418,a chicken a seal,0
an ostrich,418,a chicken a dolphin,0
an ostrich,418,a chicken a whale,0
an ostrich,418,an eagle a penguin,0
an ostrich,418,an eagle a salmon,0
an ostrich,418,an eagle a seal,0
an ostrich,418,an eagle a dolphin,0
an ostrich,418,an eagle a whale,0
an ostrich,418,a penguin a salmon,0
an ostrich,418,a penguin a seal,0
an ostrich,418,a penguin a dolphin,0
an ostrich,418,a penguin a whale,0
an ostrich,418,a salmon a seal,0
an ostrich,418,a salmon a dolphin,0
an ostrich,418,a salmon a whale,0
an ostrich,418,a seal a dolphin,0
an ostrich,418,a seal a whale,0
an ostrich,418,a dolphin a whale,0
a salmon,419,a finch a chicken,0
a salmon,419,a finch an eagle,0
a salmon,419,a finch an ostrich,0
a salmon,419,a finch a penguin,0
a salmon,419,a finch a seal,1
a salmon,419,a finch a dolphin,0
a salmon,419,a finch a whale,0
a salmon,419,a robin a chicken,1
a salmon,419,a robin an eagle,0
a salmon,419,a robin an ostrich,0
a salmon,419,a robin a penguin,0
a salmon,419,a robin a seal,0
a salmon,419,a robin a dolphin,0
a salmon,419,a robin a whale,0
a salmon,419,a chicken an eagle,0
a salmon,419,a chicken an ostrich,0
a salmon,419,a chicken a penguin,0
a salmon,419,a chicken a seal,0
a salmon,419,a chicken a dolphin,0
a salmon,419,a chicken a whale,1
a salmon,419,an eagle an ostrich,0
a salmon,419,an eagle a penguin,0
a salmon,419,an eagle a seal,0
a salmon,419,an eagle a dolphin,0
a salmon,419,an eagle a whale,0
a salmon,419,an ostrich a penguin,0
a salmon,419,an ostrich a seal,0
a salmon,419,an ostrich a dolphin,0
a salmon,419,an ostrich a whale,0
a salmon,419,a penguin a seal,1
a salmon,419,a penguin a whale,1
a salmon,419,a seal a dolphin,0
a salmon,419,a seal a whale,0
a salmon,419,a dolphin a whale,0
an eagle,420,a finch a robin,0
an eagle,420,a finch a chicken,0
an eagle,420,a finch an ostrich,0
an eagle,420,a finch a penguin,0
an eagle,420,a finch a salmon,0
an eagle,420,a finch a seal,0
an eagle,420,a finch a dolphin,0
an eagle,420,a finch a whale,0
an eagle,420,a robin a chicken,0
an eagle,420,a robin an ostrich,0
an eagle,420,a robin a penguin,0
an eagle,420,a robin a salmon,0
an eagle,420,a robin a seal,0
an eagle,420,a robin a dolphin,0
an eagle,420,a robin a whale,0
an eagle,420,a chicken an ostrich,0
an eagle,420,a chicken a penguin,0
an eagle,420,a chicken a salmon,0
an eagle,420,a chicken a seal,0
an eagle,420,a chicken a dolphin,0
an eagle,420,a chicken a whale,0
an eagle,420,an ostrich a penguin,0
an eagle,420,an ostrich a salmon,0
an eagle,420,an ostrich a seal,0
an eagle,420,an ostrich a dolphin,0
an eagle,420,an ostrich a whale,0
an eagle,420,a penguin a salmon,0
an eagle,420,a penguin a seal,0
an eagle,420,a penguin a dolphin,0
an eagle,420,a penguin a whale,0
an eagle,420,a salmon a seal,1
an eagle,420,a salmon a whale,0
an eagle,420,a seal a whale,0
an eagle,420,a dolphin a whale,0
a finch,421,a robin a chicken,0
a finch,421,a robin an eagle,0
a finch,421,a robin an ostrich,0
a finch,421,a robin a penguin,0
a finch,421,a robin a seal,0
a finch,421,a robin a dolphin,0
a finch,421,a robin a whale,0
a finch,421,a chicken an eagle,0
a finch,421,a chicken an ostrich,0
a finch,421,a chicken a penguin,0
a finch,421,a chicken a salmon,0
a finch,421,a chicken a seal,0
a finch,421,a chicken a dolphin,0
a finch,421,a chicken a whale,0
a finch,421,an eagle an ostrich,0
a finch,421,an eagle a penguin,0
a finch,421,an eagle a salmon,0
a finch,421,an eagle a seal,0
a finch,421,an eagle a dolphin,0
a finch,421,an eagle a whale,0
a finch,421,an ostrich a penguin,0
a finch,421,an ostrich a salmon,0
a finch,421,an ostrich a seal,0
a finch,421,an ostrich a dolphin,0
a finch,421,an ostrich a whale,0
a finch,421,a penguin a salmon,0
a finch,421,a penguin a seal,0
a finch,421,a penguin a dolphin,0
a finch,421,a penguin a whale,0
a finch,421,a salmon a seal,0
a finch,421,a salmon a dolphin,0
a finch,421,a salmon a whale,0
a finch,421,a seal a dolphin,1
a finch,421,a seal a whale,0
a finch,421,a dolphin a whale,0
an ostrich,422,a finch a robin,0
an ostrich,422,a finch a chicken,0
an ostrich,422,a finch an eagle,0
an ostrich,422,a finch a penguin,0
an ostrich,422,a finch a salmon,0
an ostrich,422,a finch a seal,0
an ostrich,422,a finch a dolphin,0
an ostrich,422,a finch a whale,0
an ostrich,422,a robin a chicken,1
an ostrich,422,a robin an eagle,0
an ostrich,422,a robin a penguin,0
an ostrich,422,a robin a salmon,0
an ostrich,422,a robin a seal,0
an ostrich,422,a robin a dolphin,0
an ostrich,422,a robin a whale,0
an ostrich,422,a chicken an eagle,0
an ostrich,422,a chicken a penguin,0
an ostrich,422,a chicken a salmon,0
an ostrich,422,a chicken a dolphin,0
an ostrich,422,a chicken a whale,0
an ostrich,422,an eagle a penguin,0
an ostrich,422,an eagle a salmon,0
an ostrich,422,an eagle a seal,0
an ostrich,422,an eagle a dolphin,1
an ostrich,422,an eagle a whale,0
an ostrich,422,a penguin a salmon,0
an ostrich,422,a penguin a seal,0
an ostrich,422,a penguin a dolphin,0
an ostrich,422,a penguin a whale,0
an ostrich,422,a salmon a seal,0
an ostrich,422,a salmon a dolphin,0
an ostrich,422,a salmon a whale,0
an ostrich,422,a seal a dolphin,0
an ostrich,422,a seal a whale,0
an ostrich,422,a dolphin a whale,0
a salmon,423,a finch a robin,0
a salmon,423,a finch a chicken,1
a salmon,423,a finch an eagle,0
a salmon,423,a finch an ostrich,0
a salmon,423,a finch a penguin,0
a salmon,423,a finch a seal,1
a salmon,423,a finch a dolphin,0
a salmon,423,a finch a whale,0
a salmon,423,a robin a chicken,0
a salmon,423,a robin an eagle,0
a salmon,423,a robin an ostrich,0
a salmon,423,a robin a penguin,0
a salmon,423,a robin a seal,0
a salmon,423,a robin a dolphin,0
a salmon,423,a robin a whale,0
a salmon,423,a chicken an eagle,0
a salmon,423,a chicken an ostrich,0
a salmon,423,a chicken a penguin,0
a salmon,423,a chicken a seal,0
a salmon,423,a chicken a dolphin,0
a salmon,423,a chicken a whale,0
a salmon,423,an eagle an ostrich,0
a salmon,423,an eagle a penguin,0
a salmon,423,an eagle a seal,1
a salmon,423,an eagle a dolphin,0
a salmon,423,an eagle a whale,1
a salmon,423,an ostrich a seal,1
a salmon,423,an ostrich a dolphin,0
a salmon,423,an ostrich a whale,0
a salmon,423,a penguin a seal,0
a salmon,423,a penguin a dolphin,0
a salmon,423,a penguin a whale,1
a salmon,423,a seal a dolphin,0
a salmon,423,a seal a whale,0
a salmon,423,a dolphin a whale,0
a whale,424,a finch a robin,0
a whale,424,a finch a chicken,0
a whale,424,a finch an eagle,0
a whale,424,a finch an ostrich,0
a whale,424,a finch a penguin,0
a whale,424,a finch a salmon,0
a whale,424,a finch a seal,0
a whale,424,a finch a dolphin,0
a whale,424,a robin a chicken,0
a whale,424,a robin an eagle,0
a whale,424,a robin an ostrich,0
a whale,424,a robin a penguin,0
a whale,424,a robin a salmon,0
a whale,424,a robin a seal,1
a whale,424,a robin a dolphin,0
a whale,424,a chicken an eagle,0
a whale,424,a chicken an ostrich,0
a whale,424,a chicken a penguin,0
a whale,424,a chicken a salmon,0
a whale,424,a chicken a seal,0
a whale,424,a chicken a dolphin,0
a whale,424,an eagle a penguin,0
a whale,424,an eagle a salmon,0
a whale,424,an eagle a seal,1
a whale,424,an ostrich a penguin,0
a whale,424,an ostrich a salmon,0
a whale,424,an ostrich a seal,1
a whale,424,an ostrich a dolphin,0
a whale,424,a penguin a salmon,1
a whale,424,a penguin a seal,0
a whale,424,a penguin a dolphin,0
a whale,424,a salmon a seal,1
a whale,424,a salmon a dolphin,0
a whale,424,a seal a dolphin,0
a whale,425,a finch a robin,0
a whale,425,a finch a chicken,0
a whale,425,a finch an eagle,0
a whale,425,a finch an ostrich,0
a whale,425,a finch a penguin,0
a whale,425,a finch a salmon,0
a whale,425,a finch a seal,1
a whale,425,a finch a dolphin,0
a whale,425,a robin a chicken,1
a whale,425,a robin an eagle,0
a whale,425,a robin an ostrich,0
a whale,425,a robin a penguin,0
a whale,425,a robin a salmon,0
a whale,425,a robin a seal,1
a whale,425,a robin a dolphin,0
a whale,425,a chicken an eagle,0
a whale,425,a chicken an ostrich,0
a whale,425,a chicken a penguin,0
a whale,425,a chicken a salmon,0
a whale,425,a chicken a seal,1
a whale,425,a chicken a dolphin,0
a whale,425,an eagle a penguin,0
a whale,425,an eagle a salmon,0
a whale,425,an eagle a seal,1
a whale,425,an eagle a dolphin,0
a whale,425,an ostrich a penguin,0
a whale,425,an ostrich a salmon,0
a whale,425,an ostrich a seal,1
a whale,425,an ostrich a dolphin,0
a whale,425,a penguin a salmon,1
a whale,425,a penguin a seal,0
a whale,425,a penguin a dolphin,0
a whale,425,a salmon a seal,1
a whale,425,a salmon a dolphin,0
a whale,425,a seal a dolphin,0
a penguin,426,a finch a robin,0
a penguin,426,a finch a chicken,0
a penguin,426,a finch an eagle,0
a penguin,426,a finch an ostrich,0
a penguin,426,a finch a salmon,0
a penguin,426,a finch a seal,1
a penguin,426,a finch a dolphin,0
a penguin,426,a finch a whale,0
a penguin,426,a robin a chicken,0
a penguin,426,a robin an eagle,0
a penguin,426,a robin an ostrich,0
a penguin,426,a robin a salmon,0
a penguin,426,a robin a seal,0
a penguin,426,a robin a dolphin,0
a penguin,426,a robin a whale,0
a penguin,426,a chicken an eagle,0
a penguin,426,a chicken an ostrich,0
a penguin,426,a chicken a salmon,0
a penguin,426,a chicken a seal,1
a penguin,426,a chicken a dolphin,0
a penguin,426,a chicken a whale,0
a penguin,426,an eagle an ostrich,0
a penguin,426,an eagle a salmon,1
a penguin,426,an eagle a seal,1
a penguin,426,an eagle a dolphin,0
a penguin,426,an eagle a whale,1
a penguin,426,an ostrich a salmon,0
a penguin,426,an ostrich a seal,1
a penguin,426,an ostrich a dolphin,0
a penguin,426,an ostrich a whale,0
a penguin,426,a salmon a seal,0
a penguin,426,a salmon a dolphin,1
a penguin,426,a salmon a whale,0
a penguin,426,a seal a dolphin,0
a penguin,426,a seal a whale,0
a penguin,426,a dolphin a whale,0
an ostrich,427,a finch a robin,0
an ostrich,427,a finch a chicken,0
an ostrich,427,a finch an eagle,0
an ostrich,427,a finch a penguin,0
an ostrich,427,a finch a salmon,0
an ostrich,427,a finch a seal,0
an ostrich,427,a finch a dolphin,0
an ostrich,427,a finch a whale,0
an ostrich,427,a robin a chicken,0
an ostrich,427,a robin an eagle,0
an ostrich,427,a robin a penguin,0
an ostrich,427,a robin a salmon,0
an ostrich,427,a robin a seal,0
an ostrich,427,a robin a dolphin,0
an ostrich,427,a robin a whale,0
an ostrich,427,a chicken an eagle,0
an ostrich,427,a chicken a penguin,0
an ostrich,427,a chicken a salmon,0
an ostrich,427,a chicken a seal,0
an ostrich,427,a chicken a dolphin,0
an ostrich,427,a chicken a whale,0
an ostrich,427,an eagle a penguin,0
an ostrich,427,an eagle a salmon,0
an ostrich,427,an eagle a seal,0
an ostrich,427,an eagle a dolphin,0
an ostrich,427,an eagle a whale,0
an ostrich,427,a penguin a salmon,0
an ostrich,427,a penguin a dolphin,0
an ostrich,427,a penguin a whale,0
an ostrich,427,a salmon a seal,0
an ostrich,427,a salmon a dolphin,0
an ostrich,427,a salmon a whale,0
an ostrich,427,a seal a dolphin,0
an ostrich,427,a seal a whale,0
an ostrich,427,a dolphin a whale,0
an eagle,428,a finch a robin,0
an eagle,428,a finch a chicken,0
an eagle,428,a finch an ostrich,0
an eagle,428,a finch a penguin,0
an eagle,428,a finch a salmon,0
an eagle,428,a finch a seal,0
an eagle,428,a finch a dolphin,0
an eagle,428,a finch a whale,0
an eagle,428,a robin a chicken,0
an eagle,428,a robin an ostrich,0
an eagle,428,a robin a penguin,0
an eagle,428,a robin a salmon,0
an eagle,428,a robin a seal,0
an eagle,428,a robin a dolphin,0
an eagle,428,a robin a whale,1
an eagle,428,a chicken an ostrich,0
an eagle,428,a chicken a penguin,0
an eagle,428,a chicken a salmon,0
an eagle,428,a chicken a seal,0
an eagle,428,a chicken a dolphin,0
an eagle,428,a chicken a whale,0
an eagle,428,an ostrich a penguin,0
an eagle,428,an ostrich a salmon,0
an eagle,428,an ostrich a seal,0
an eagle,428,an ostrich a dolphin,0
an eagle,428,an ostrich a whale,0
an eagle,428,a penguin a salmon,0
an eagle,428,a penguin a dolphin,0
an eagle,428,a penguin a whale,0
an eagle,428,a salmon a seal,1
an eagle,428,a salmon a dolphin,0
an eagle,428,a salmon a whale,0
an eagle,428,a seal a dolphin,0
an eagle,428,a seal a whale,0
an eagle,428,a dolphin a whale,0
a robin,429,a finch a chicken,1
a robin,429,a finch an eagle,0
a robin,429,a finch an ostrich,0
a robin,429,a finch a penguin,0
a robin,429,a finch a salmon,0
a robin,429,a finch a seal,0
a robin,429,a finch a dolphin,0
a robin,429,a finch a whale,0
a robin,429,a chicken an eagle,0
a robin,429,a chicken an ostrich,0
a robin,429,a chicken a penguin,0
a robin,429,a chicken a salmon,0
a robin,429,a chicken a seal,0
a robin,429,a chicken a dolphin,0
a robin,429,a chicken a whale,0
a robin,429,an eagle an ostrich,0
a robin,429,an eagle a penguin,0
a robin,429,an eagle a salmon,0
a robin,429,an eagle a seal,0
a robin,429,an eagle a dolphin,0
a robin,429,an eagle a whale,0
a robin,429,an ostrich a penguin,0
a robin,429,an ostrich a salmon,0
a robin,429,an ostrich a seal,0
a robin,429,an ostrich a dolphin,0
a robin,429,an ostrich a whale,0
a robin,429,a penguin a salmon,0
a robin,429,a penguin a seal,0
a robin,429,a penguin a dolphin,0
a robin,429,a penguin a whale,0
a robin,429,a salmon a seal,0
a robin,429,a salmon a dolphin,0
a robin,429,a salmon a whale,0
a robin,429,a seal a dolphin,0
a robin,429,a seal a whale,0
a robin,429,a dolphin a whale,0
an eagle,430,a finch a robin,0
an eagle,430,a finch a chicken,0
an eagle,430,a finch an ostrich,0
an eagle,430,a finch a penguin,0
an eagle,430,a finch a salmon,0
an eagle,430,a finch a seal,0
an eagle,430,a finch a dolphin,0
an eagle,430,a finch a whale,0
an eagle,430,a robin a chicken,0
an eagle,430,a robin an ostrich,0
an eagle,430,a robin a penguin,0
an eagle,430,a robin a salmon,0
an eagle,430,a robin a seal,0
an eagle,430,a robin a dolphin,0
an eagle,430,a robin a whale,0
an eagle,430,a chicken an ostrich,0
an eagle,430,a chicken a penguin,0
an eagle,430,a chicken a salmon,0
an eagle,430,a chicken a seal,0
an eagle,430,a chicken a dolphin,0
an eagle,430,a chicken a whale,0
an eagle,430,an ostrich a penguin,0
an eagle,430,an ostrich a salmon,0
an eagle,430,an ostrich a whale,0
an eagle,430,a penguin a salmon,0
an eagle,430,a penguin a seal,0
an eagle,430,a penguin a dolphin,0
an eagle,430,a penguin a whale,0
an eagle,430,a salmon a seal,0
an eagle,430,a salmon a dolphin,0
an eagle,430,a seal a dolphin,0
an eagle,430,a seal a whale,0
an eagle,430,a dolphin a whale,0
a whale,431,a finch a robin,0
a whale,431,a finch a chicken,0
a whale,431,a finch an eagle,0
a whale,431,a finch an ostrich,0
a whale,431,a finch a penguin,0
a whale,431,a finch a salmon,0
a whale,431,a finch a seal,1
a whale,431,a finch a dolphin,0
a whale,431,a robin a chicken,0
a whale,431,a robin an eagle,0
a whale,431,a robin an ostrich,0
a whale,431,a robin a penguin,0
a whale,431,a robin a salmon,0
a whale,431,a robin a seal,1
a whale,431,a robin a dolphin,0
a whale,431,a chicken an eagle,0
a whale,431,a chicken an ostrich,0
a whale,431,a chicken a penguin,0
a whale,431,a chicken a salmon,0
a whale,431,a chicken a seal,0
a whale,431,a chicken a dolphin,0
a whale,431,an eagle a penguin,0
a whale,431,an eagle a salmon,1
a whale,431,an eagle a seal,1
a whale,431,an eagle a dolphin,0
a whale,431,an ostrich a penguin,0
a whale,431,an ostrich a salmon,0
a whale,431,an ostrich a seal,1
a whale,431,an ostrich a dolphin,0
a whale,431,a penguin a salmon,0
a whale,431,a penguin a seal,0
a whale,431,a penguin a dolphin,0
a whale,431,a salmon a seal,1
a whale,431,a salmon a dolphin,1
a whale,431,a seal a dolphin,0
a whale,432,a finch a robin,0
a whale,432,a finch a chicken,0
a whale,432,a finch an eagle,0
a whale,432,a finch an ostrich,0
a whale,432,a finch a penguin,0
a whale,432,a finch a salmon,0
a whale,432,a finch a seal,1
a whale,432,a finch a dolphin,0
a whale,432,a robin a chicken,0
a whale,432,a robin an eagle,0
a whale,432,a robin an ostrich,0
a whale,432,a robin a penguin,0
a whale,432,a robin a salmon,0
a whale,432,a robin a seal,0
a whale,432,a robin a dolphin,0
a whale,432,a chicken an eagle,0
a whale,432,a chicken an ostrich,0
a whale,432,a chicken a penguin,0
a whale,432,a chicken a salmon,0
a whale,432,a chicken a seal,1
a whale,432,a chicken a dolphin,0
a whale,432,an eagle an ostrich,0
a whale,432,an eagle a salmon,1
a whale,432,an eagle a seal,0
a whale,432,an eagle a dolphin,0
a whale,432,an ostrich a penguin,0
a whale,432,an ostrich a salmon,0
a whale,432,an ostrich a seal,1
a whale,432,an ostrich a dolphin,1
a whale,432,a penguin a salmon,0
a whale,432,a penguin a seal,1
a whale,432,a penguin a dolphin,1
a whale,432,a salmon a seal,0
a whale,432,a salmon a dolphin,0
a whale,432,a seal a dolphin,0
a chicken,433,a finch a robin,0
a chicken,433,a finch an eagle,0
a chicken,433,a finch an ostrich,0
a chicken,433,a finch a penguin,0
a chicken,433,a finch a salmon,0
a chicken,433,a finch a seal,0
a chicken,433,a finch a dolphin,0
a chicken,433,a finch a whale,0
a chicken,433,a robin an eagle,0
a chicken,433,a robin an ostrich,0
a chicken,433,a robin a penguin,0
a chicken,433,a robin a salmon,0
a chicken,433,a robin a seal,0
a chicken,433,a robin a dolphin,0
a chicken,433,a robin a whale,0
a chicken,433,an eagle an ostrich,0
a chicken,433,an eagle a penguin,0
a chicken,433,an eagle a salmon,0
a chicken,433,an eagle a seal,0
a chicken,433,an eagle a dolphin,0
a chicken,433,an eagle a whale,0
a chicken,433,an ostrich a penguin,0
a chicken,433,an ostrich a salmon,0
a chicken,433,an ostrich a seal,0
a chicken,433,an ostrich a dolphin,0
a chicken,433,an ostrich a whale,0
a chicken,433,a penguin a salmon,0
a chicken,433,a penguin a seal,0
a chicken,433,a penguin a dolphin,0
a chicken,433,a penguin a whale,0
a chicken,433,a salmon a seal,0
a chicken,433,a salmon a dolphin,0
a chicken,433,a salmon a whale,0
a chicken,433,a seal a dolphin,0
a chicken,433,a seal a whale,0
a chicken,433,a dolphin a whale,0
a whale,434,a finch a robin,0
a whale,434,a finch a chicken,0
a whale,434,a finch an eagle,0
a whale,434,a finch an ostrich,0
a whale,434,a finch a penguin,0
a whale,434,a finch a salmon,0
a whale,434,a finch a seal,1
a whale,434,a finch a dolphin,0
a whale,434,a robin a chicken,0
a whale,434,a robin an eagle,0
a whale,434,a robin an ostrich,0
a whale,434,a robin a penguin,0
a whale,434,a robin a salmon,0
a whale,434,a robin a seal,1
a whale,434,a robin a dolphin,0
a whale,434,a chicken an eagle,0
a whale,434,a chicken an ostrich,0
a whale,434,a chicken a penguin,0
a whale,434,a chicken a salmon,0
a whale,434,a chicken a seal,0
a whale,434,a chicken a dolphin,0
a whale,434,an eagle an ostrich,0
a whale,434,an eagle a salmon,0
a whale,434,an eagle a seal,0
a whale,434,an eagle a dolphin,0
a whale,434,an ostrich a penguin,0
a whale,434,an ostrich a salmon,0
a whale,434,an ostrich a seal,1
a whale,434,an ostrich a dolphin,0
a whale,434,a penguin a salmon,0
a whale,434,a penguin a seal,1
a whale,434,a penguin a dolphin,0
a whale,434,a salmon a seal,1
a whale,434,a salmon a dolphin,0
a whale,434,a seal a dolphin,0
a finch,435,a robin an eagle,0
a finch,435,a robin an ostrich,0
a finch,435,a robin a penguin,0
a finch,435,a robin a salmon,0
a finch,435,a robin a seal,0
a finch,435,a robin a dolphin,0
a finch,435,a robin a whale,0
a finch,435,a chicken an eagle,0
a finch,435,a chicken an ostrich,0
a finch,435,a chicken a penguin,0
a finch,435,a chicken a salmon,0
a finch,435,a chicken a seal,0
a finch,435,a chicken a dolphin,0
a finch,435,a chicken a whale,0
a finch,435,an eagle an ostrich,0
a finch,435,an eagle a penguin,0
a finch,435,an eagle a salmon,0
a finch,435,an eagle a seal,0
a finch,435,an eagle a dolphin,0
a finch,435,an eagle a whale,0
a finch,435,an ostrich a penguin,0
a finch,435,an ostrich a salmon,0
a finch,435,an ostrich a seal,0
a finch,435,an ostrich a dolphin,0
a finch,435,an ostrich a whale,0
a finch,435,a penguin a salmon,0
a finch,435,a penguin a seal,0
a finch,435,a penguin a dolphin,0
a finch,435,a penguin a whale,0
a finch,435,a salmon a seal,0
a finch,435,a salmon a dolphin,0
a finch,435,a salmon a whale,0
a finch,435,a seal a dolphin,0
a finch,435,a seal a whale,0
a finch,435,a dolphin a whale,0
a seal,436,a finch a robin,0
a seal,436,a finch a chicken,0
a seal,436,a finch an ostrich,0
a seal,436,a finch a penguin,0
a seal,436,a finch a salmon,0
a seal,436,a finch a dolphin,0
a seal,436,a finch a whale,0
a seal,436,a robin a chicken,0
a seal,436,a robin an eagle,0
a seal,436,a robin an ostrich,0
a seal,436,a robin a penguin,0
a seal,436,a robin a salmon,1
a seal,436,a robin a dolphin,1
a seal,436,a robin a whale,0
a seal,436,a chicken an eagle,0
a seal,436,a chicken an ostrich,0
a seal,436,a chicken a penguin,0
a seal,436,a chicken a salmon,0
a seal,436,a chicken a dolphin,0
a seal,436,a chicken a whale,0
a seal,436,an eagle an ostrich,0
a seal,436,an eagle a penguin,0
a seal,436,an eagle a salmon,0
a seal,436,an eagle a dolphin,0
a seal,436,an eagle a whale,0
a seal,436,an ostrich a penguin,0
a seal,436,an ostrich a salmon,0
a seal,436,an ostrich a dolphin,0
a seal,436,an ostrich a whale,1
a seal,436,a penguin a salmon,0
a seal,436,a penguin a dolphin,0
a seal,436,a penguin a whale,0
a seal,436,a salmon a dolphin,0
a seal,436,a salmon a whale,0
a seal,436,a dolphin a whale,0
an ostrich,437,a finch a robin,0
an ostrich,437,a finch a chicken,0
an ostrich,437,a finch an eagle,0
an ostrich,437,a finch a penguin,0
an ostrich,437,a finch a salmon,0
an ostrich,437,a finch a seal,0
an ostrich,437,a finch a dolphin,0
an ostrich,437,a finch a whale,0
an ostrich,437,a robin a chicken,0
an ostrich,437,a robin an eagle,0
an ostrich,437,a robin a penguin,0
an ostrich,437,a robin a salmon,0
an ostrich,437,a robin a seal,0
an ostrich,437,a robin a whale,0
an ostrich,437,a chicken an eagle,0
an ostrich,437,a chicken a penguin,0
an ostrich,437,a chicken a salmon,0
an ostrich,437,a chicken a seal,0
an ostrich,437,a chicken a dolphin,0
an ostrich,437,a chicken a whale,0
an ostrich,437,an eagle a penguin,0
an ostrich,437,an eagle a salmon,0
an ostrich,437,an eagle a seal,0
an ostrich,437,an eagle a dolphin,0
an ostrich,437,an eagle a whale,0
an ostrich,437,a penguin a salmon,0
an ostrich,437,a penguin a seal,0
an ostrich,437,a penguin a dolphin,0
an ostrich,437,a penguin a whale,0
an ostrich,437,a salmon a seal,0
an ostrich,437,a salmon a dolphin,0
an ostrich,437,a salmon a whale,1
an ostrich,437,a seal a dolphin,0
an ostrich,437,a seal a whale,0
an eagle,438,a finch a robin,0
an eagle,438,a finch a chicken,0
an eagle,438,a finch an ostrich,0
an eagle,438,a finch a penguin,0
an eagle,438,a finch a salmon,0
an eagle,438,a finch a seal,0
an eagle,438,a finch a dolphin,0
an eagle,438,a finch a whale,0
an eagle,438,a robin a chicken,0
an eagle,438,a robin an ostrich,0
an eagle,438,a robin a penguin,0
an eagle,438,a robin a salmon,0
an eagle,438,a robin a seal,0
an eagle,438,a robin a dolphin,0
an eagle,438,a robin a whale,0
an eagle,438,a chicken an ostrich,0
an eagle,438,a chicken a penguin,0
an eagle,438,a chicken a salmon,0
an eagle,438,a chicken a seal,0
an eagle,438,a chicken a dolphin,0
an eagle,438,a chicken a whale,0
an eagle,438,an ostrich a salmon,0
an eagle,438,an ostrich a seal,0
an eagle,438,an ostrich a dolphin,0
an eagle,438,an ostrich a whale,0
an eagle,438,a penguin a salmon,0
an eagle,438,a penguin a seal,0
an eagle,438,a penguin a dolphin,0
an eagle,438,a penguin a whale,0
an eagle,438,a salmon a seal,0
an eagle,438,a salmon a whale,0
an eagle,438,a seal a dolphin,0
an eagle,438,a seal a whale,0
an eagle,438,a dolphin a whale,1
a seal,439,a finch a robin,0
a seal,439,a finch a chicken,0
a seal,439,a finch an eagle,0
a seal,439,a finch an ostrich,0
a seal,439,a finch a penguin,0
a seal,439,a finch a salmon,0
a seal,439,a finch a dolphin,0
a seal,439,a finch a whale,0
a seal,439,a robin a chicken,0
a seal,439,a robin an eagle,0
a seal,439,a robin an ostrich,0
a seal,439,a robin a penguin,0
a seal,439,a robin a salmon,0
a seal,439,a robin a dolphin,1
a seal,439,a robin a whale,0
a seal,439,a chicken an eagle,0
a seal,439,a chicken an ostrich,1
a seal,439,a chicken a penguin,0
a seal,439,a chicken a salmon,0
a seal,439,a chicken a dolphin,0
a seal,439,a chicken a whale,0
a seal,439,an eagle an ostrich,0
a seal,439,an eagle a penguin,0
a seal,439,an eagle a salmon,0
a seal,439,an eagle a dolphin,0
a seal,439,an eagle a whale,1
a seal,439,an ostrich a penguin,0
a seal,439,an ostrich a salmon,0
a seal,439,an ostrich a dolphin,0
a seal,439,an ostrich a whale,1
a seal,439,a penguin a salmon,0
a seal,439,a penguin a dolphin,0
a seal,439,a penguin a whale,0
a seal,439,a salmon a dolphin,0
a seal,439,a salmon a whale,0
a seal,439,a dolphin a whale,0
a salmon,440,a finch a robin,0
a salmon,440,a finch a chicken,0
a salmon,440,a finch an eagle,0
a salmon,440,a finch an ostrich,0
a salmon,440,a finch a penguin,0
a salmon,440,a finch a seal,0
a salmon,440,a finch a dolphin,0
a salmon,440,a finch a whale,0
a salmon,440,a robin a chicken,1
a salmon,440,a robin an eagle,0
a salmon,440,a robin an ostrich,0
a salmon,440,a robin a penguin,0
a salmon,440,a robin a seal,0
a salmon,440,a robin a dolphin,0
a salmon,440,a robin a whale,0
a salmon,440,a chicken an eagle,1
a salmon,440,a chicken an ostrich,0
a salmon,440,a chicken a penguin,0
a salmon,440,a chicken a seal,1
a salmon,440,a chicken a dolphin,0
a salmon,440,a chicken a whale,0
a salmon,440,an eagle an ostrich,0
a salmon,440,an eagle a penguin,0
a salmon,440,an eagle a seal,1
a salmon,440,an eagle a dolphin,0
a salmon,440,an eagle a whale,1
a salmon,440,an ostrich a seal,0
a salmon,440,an ostrich a whale,1
a salmon,440,a penguin a seal,0
a salmon,440,a penguin a dolphin,1
a salmon,440,a penguin a whale,0
a salmon,440,a seal a whale,0
a robin,441,a finch a chicken,0
a robin,441,a finch an eagle,0
a robin,441,a finch an ostrich,0
a robin,441,a finch a penguin,0
a robin,441,a finch a salmon,0
a robin,441,a finch a seal,0
a robin,441,a finch a dolphin,0
a robin,441,a finch a whale,0
a robin,441,a chicken an eagle,0
a robin,441,a chicken an ostrich,0
a robin,441,a chicken a penguin,0
a robin,441,a chicken a salmon,0
a robin,441,a chicken a seal,0
a robin,441,a chicken a dolphin,0
a robin,441,a chicken a whale,0
a robin,441,an eagle an ostrich,0
a robin,441,an eagle a penguin,0
a robin,441,an eagle a salmon,0
a robin,441,an eagle a seal,0
a robin,441,an eagle a dolphin,0
a robin,441,an eagle a whale,0
a robin,441,an ostrich a penguin,0
a robin,441,an ostrich a salmon,0
a robin,441,an ostrich a seal,0
a robin,441,an ostrich a dolphin,0
a robin,441,an ostrich a whale,0
a robin,441,a penguin a salmon,0
a robin,441,a penguin a seal,0
a robin,441,a penguin a dolphin,0
a robin,441,a penguin a whale,0
a robin,441,a salmon a seal,0
a robin,441,a salmon a dolphin,0
a robin,441,a salmon a whale,0
a robin,441,a seal a dolphin,0
a robin,441,a seal a whale,0
a robin,441,a dolphin a whale,0
a finch,442,a robin a chicken,0
a finch,442,a robin an eagle,0
a finch,442,a robin an ostrich,0
a finch,442,a robin a penguin,0
a finch,442,a robin a salmon,0
a finch,442,a robin a seal,0
a finch,442,a robin a dolphin,0
a finch,442,a robin a whale,0
a finch,442,a chicken an eagle,0
a finch,442,a chicken an ostrich,0
a finch,442,a chicken a penguin,0
a finch,442,a chicken a salmon,0
a finch,442,a chicken a seal,0
a finch,442,a chicken a dolphin,0
a finch,442,a chicken a whale,0
a finch,442,an eagle an ostrich,0
a finch,442,an eagle a penguin,0
a finch,442,an eagle a salmon,0
a finch,442,an eagle a seal,0
a finch,442,an eagle a dolphin,0
a finch,442,an eagle a whale,0
a finch,442,an ostrich a penguin,0
a finch,442,an ostrich a salmon,0
a finch,442,an ostrich a seal,1
a finch,442,an ostrich a dolphin,0
a finch,442,an ostrich a whale,0
a finch,442,a penguin a salmon,0
a finch,442,a penguin a seal,0
a finch,442,a penguin a dolphin,0
a finch,442,a penguin a whale,0
a finch,442,a salmon a seal,0
a finch,442,a salmon a dolphin,0
a finch,442,a salmon a whale,0
a finch,442,a seal a dolphin,0
a finch,442,a seal a whale,0
a finch,442,a dolphin a whale,0
an eagle,443,a finch a robin,0
an eagle,443,a finch a chicken,0
an eagle,443,a finch an ostrich,0
an eagle,443,a finch a penguin,0
an eagle,443,a finch a salmon,0
an eagle,443,a finch a seal,0
an eagle,443,a finch a dolphin,0
an eagle,443,a finch a whale,0
an eagle,443,a robin an ostrich,0
an eagle,443,a robin a penguin,0
an eagle,443,a robin a salmon,0
an eagle,443,a robin a seal,0
an eagle,443,a robin a dolphin,0
an eagle,443,a robin a whale,0
an eagle,443,a chicken an ostrich,0
an eagle,443,a chicken a penguin,0
an eagle,443,a chicken a salmon,0
an eagle,443,a chicken a seal,0
an eagle,443,a chicken a dolphin,0
an eagle,443,a chicken a whale,0
an eagle,443,an ostrich a penguin,0
an eagle,443,an ostrich a salmon,0
an eagle,443,an ostrich a seal,0
an eagle,443,an ostrich a dolphin,0
an eagle,443,an ostrich a whale,0
an eagle,443,a penguin a seal,0
an eagle,443,a penguin a whale,0
an eagle,443,a salmon a seal,0
an eagle,443,a salmon a dolphin,0
an eagle,443,a salmon a whale,0
an eagle,443,a seal a dolphin,0
an eagle,443,a seal a whale,0
an eagle,443,a dolphin a whale,0
a seal,444,a finch a robin,0
a seal,444,a finch a chicken,0
a seal,444,a finch an eagle,1
a seal,444,a finch an ostrich,0
a seal,444,a finch a penguin,0
a seal,444,a finch a salmon,0
a seal,444,a finch a dolphin,0
a seal,444,a finch a whale,0
a seal,444,a robin a chicken,0
a seal,444,a robin an eagle,0
a seal,444,a robin an ostrich,0
a seal,444,a robin a penguin,0
a seal,444,a robin a salmon,1
a seal,444,a robin a dolphin,0
a seal,444,a robin a whale,1
a seal,444,a chicken an eagle,0
a seal,444,a chicken an ostrich,0
a seal,444,a chicken a penguin,0
a seal,444,a chicken a salmon,0
a seal,444,a chicken a dolphin,0
a seal,444,a chicken a whale,0
a seal,444,an eagle an ostrich,0
a seal,444,an eagle a penguin,0
a seal,444,an eagle a salmon,0
a seal,444,an eagle a dolphin,0
a seal,444,an eagle a whale,0
a seal,444,an ostrich a penguin,0
a seal,444,an ostrich a salmon,0
a seal,444,an ostrich a dolphin,0
a seal,444,an ostrich a whale,0
a seal,444,a penguin a salmon,0
a seal,444,a penguin a dolphin,0
a seal,444,a penguin a whale,0
a seal,444,a salmon a dolphin,0
a seal,444,a salmon a whale,0
a seal,444,a dolphin a whale,0
a robin,445,a finch a chicken,0
a robin,445,a finch an eagle,0
a robin,445,a finch an ostrich,0
a robin,445,a finch a penguin,0
a robin,445,a finch a salmon,0
a robin,445,a finch a seal,0
a robin,445,a finch a dolphin,0
a robin,445,a finch a whale,0
a robin,445,a chicken an ostrich,0
a robin,445,a chicken a penguin,0
a robin,445,a chicken a salmon,0
a robin,445,a chicken a seal,0
a robin,445,a chicken a dolphin,0
a robin,445,a chicken a whale,0
a robin,445,an eagle an ostrich,0
a robin,445,an eagle a penguin,0
a robin,445,an eagle a salmon,0
a robin,445,an eagle a seal,0
a robin,445,an eagle a dolphin,0
a robin,445,an eagle a whale,0
a robin,445,an ostrich a penguin,0
a robin,445,an ostrich a salmon,0
a robin,445,an ostrich a seal,0
a robin,445,an ostrich a dolphin,0
a robin,445,an ostrich a whale,0
a robin,445,a penguin a salmon,0
a robin,445,a penguin a seal,0
a robin,445,a penguin a dolphin,0
a robin,445,a penguin a whale,0
a robin,445,a salmon a seal,0
a robin,445,a salmon a dolphin,0
a robin,445,a salmon a whale,0
a robin,445,a seal a dolphin,0
a robin,445,a seal a whale,0
a robin,445,a dolphin a whale,0
a chicken,446,a finch a robin,0
a chicken,446,a finch an eagle,0
a chicken,446,a finch an ostrich,0
a chicken,446,a finch a penguin,0
a chicken,446,a finch a salmon,0
a chicken,446,a finch a seal,0
a chicken,446,a finch a dolphin,0
a chicken,446,a finch a whale,0
a chicken,446,a robin an eagle,0
a chicken,446,a robin an ostrich,0
a chicken,446,a robin a penguin,0
a chicken,446,a robin a salmon,0
a chicken,446,a robin a seal,0
a chicken,446,a robin a dolphin,0
a chicken,446,a robin a whale,0
a chicken,446,an eagle an ostrich,0
a chicken,446,an eagle a penguin,0
a chicken,446,an eagle a salmon,0
a chicken,446,an eagle a seal,0
a chicken,446,an eagle a dolphin,0
a chicken,446,an eagle a whale,0
a chicken,446,an ostrich a penguin,0
a chicken,446,an ostrich a salmon,0
a chicken,446,an ostrich a seal,0
a chicken,446,an ostrich a dolphin,0
a chicken,446,an ostrich a whale,0
a chicken,446,a penguin a salmon,0
a chicken,446,a penguin a seal,0
a chicken,446,a penguin a dolphin,0
a chicken,446,a penguin a whale,0
a chicken,446,a salmon a seal,0
a chicken,446,a salmon a dolphin,0
a chicken,446,a salmon a whale,0
a chicken,446,a seal a whale,0
a chicken,446,a dolphin a whale,0
a finch,447,a robin a chicken,0
a finch,447,a robin an eagle,0
a finch,447,a robin an ostrich,0
a finch,447,a robin a penguin,0
a finch,447,a robin a salmon,0
a finch,447,a robin a seal,0
a finch,447,a robin a dolphin,0
a finch,447,a robin a whale,0
a finch,447,a chicken an eagle,0
a finch,447,a chicken a penguin,0
a finch,447,a chicken a salmon,0
a finch,447,a chicken a seal,0
a finch,447,a chicken a dolphin,0
a finch,447,a chicken a whale,0
a finch,447,an eagle an ostrich,0
a finch,447,an eagle a penguin,0
a finch,447,an eagle a salmon,0
a finch,447,an eagle a seal,0
a finch,447,an eagle a dolphin,0
a finch,447,an eagle a whale,0
a finch,447,an ostrich a penguin,0
a finch,447,an ostrich a salmon,0
a finch,447,an ostrich a seal,0
a finch,447,an ostrich a dolphin,0
a finch,447,an ostrich a whale,0
a finch,447,a penguin a salmon,0
a finch,447,a penguin a seal,0
a finch,447,a penguin a dolphin,0
a finch,447,a penguin a whale,0
a finch,447,a salmon a seal,0
a finch,447,a salmon a dolphin,0
a finch,447,a salmon a whale,0
a finch,447,a seal a whale,0
a finch,448,a robin a chicken,0
a finch,448,a robin an eagle,0
a finch,448,a robin an ostrich,0
a finch,448,a robin a penguin,0
a finch,448,a robin a salmon,0
a finch,448,a robin a seal,0
a finch,448,a robin a dolphin,0
a finch,448,a robin a whale,0
a finch,448,a chicken an eagle,0
a finch,448,a chicken an ostrich,0
a finch,448,a chicken a penguin,0
a finch,448,a chicken a salmon,0
a finch,448,a chicken a seal,0
a finch,448,a chicken a dolphin,0
a finch,448,a chicken a whale,0
a finch,448,an eagle an ostrich,0
a finch,448,an eagle a penguin,0
a finch,448,an eagle a salmon,0
a finch,448,an eagle a seal,0
a finch,448,an eagle a dolphin,0
a finch,448,an eagle a whale,0
a finch,448,an ostrich a penguin,0
a finch,448,an ostrich a salmon,0
a finch,448,an ostrich a seal,0
a finch,448,an ostrich a dolphin,0
a finch,448,an ostrich a whale,0
a finch,448,a penguin a salmon,0
a finch,448,a penguin a seal,0
a finch,448,a penguin a dolphin,0
a finch,448,a penguin a whale,0
a finch,448,a salmon a seal,0
a finch,448,a salmon a dolphin,0
a finch,448,a salmon a whale,0
a finch,448,a seal a dolphin,0
a finch,448,a seal a whale,0
a finch,448,a dolphin a whale,0
a chicken,449,a finch a robin,0
a chicken,449,a finch an eagle,0
a chicken,449,a finch an ostrich,0
a chicken,449,a finch a penguin,0
a chicken,449,a finch a salmon,0
a chicken,449,a finch a seal,0
a chicken,449,a finch a dolphin,0
a chicken,449,a finch a whale,0
a chicken,449,a robin an eagle,0
a chicken,449,a robin an ostrich,0
a chicken,449,a robin a penguin,0
a chicken,449,a robin a salmon,0
a chicken,449,a robin a seal,0
a chicken,449,a robin a dolphin,0
a chicken,449,a robin a whale,0
a chicken,449,an eagle an ostrich,0
a chicken,449,an eagle a penguin,0
a chicken,449,an eagle a salmon,0
a chicken,449,an eagle a seal,0
a chicken,449,an eagle a dolphin,0
a chicken,449,an eagle a whale,0
a chicken,449,an ostrich a penguin,0
a chicken,449,an ostrich a salmon,0
a chicken,449,an ostrich a seal,0
a chicken,449,an ostrich a dolphin,0
a chicken,449,an ostrich a whale,0
a chicken,449,a penguin a salmon,0
a chicken,449,a penguin a seal,0
a chicken,449,a penguin a dolphin,0
a chicken,449,a penguin a whale,0
a chicken,449,a salmon a seal,0
a chicken,449,a salmon a dolphin,0
a chicken,449,a salmon a whale,0
a chicken,449,a seal a dolphin,0
a chicken,449,a seal a whale,0
a chicken,449,a dolphin a whale,0
an ostrich,450,a finch a robin,0
an ostrich,450,a finch a chicken,0
an ostrich,450,a finch an eagle,0
an ostrich,450,a finch a penguin,0
an ostrich,450,a finch a salmon,0
an ostrich,450,a finch a seal,0
an ostrich,450,a finch a dolphin,0
an ostrich,450,a finch a whale,0
an ostrich,450,a robin a chicken,0
an ostrich,450,a robin an eagle,0
an ostrich,450,a robin a penguin,0
an ostrich,450,a robin a salmon,0
an ostrich,450,a robin a seal,0
an ostrich,450,a robin a dolphin,0
an ostrich,450,a robin a whale,0
an ostrich,450,a chicken an eagle,0
an ostrich,450,a chicken a penguin,0
an ostrich,450,a chicken a salmon,0
an ostrich,450,a chicken a seal,0
an ostrich,450,a chicken a dolphin,0
an ostrich,450,a chicken a whale,0
an ostrich,450,an eagle a penguin,0
an ostrich,450,an eagle a salmon,0
an ostrich,450,an eagle a seal,0
an ostrich,450,an eagle a dolphin,0
an ostrich,450,an eagle a whale,0
an ostrich,450,a penguin a salmon,0
an ostrich,450,a penguin a seal,0
an ostrich,450,a penguin a dolphin,0
an ostrich,450,a penguin a whale,0
an ostrich,450,a salmon a seal,0
an ostrich,450,a salmon a dolphin,0
an ostrich,450,a salmon a whale,0
an ostrich,450,a seal a dolphin,0
an ostrich,450,a seal a whale,0
an ostrich,450,a dolphin a whale,0
a chicken,451,a finch a robin,0
a chicken,451,a finch an eagle,0
a chicken,451,a finch an ostrich,0
a chicken,451,a finch a penguin,0
a chicken,451,a finch a salmon,0
a chicken,451,a finch a seal,0
a chicken,451,a finch a dolphin,0
a chicken,451,a finch a whale,0
a chicken,451,a robin an eagle,0
a chicken,451,a robin an ostrich,0
a chicken,451,a robin a penguin,0
a chicken,451,a robin a salmon,0
a chicken,451,a robin a seal,0
a chicken,451,a robin a dolphin,0
a chicken,451,a robin a whale,0
a chicken,451,an eagle an ostrich,0
a chicken,451,an eagle a penguin,0
a chicken,451,an eagle a salmon,0
a chicken,451,an eagle a seal,0
a chicken,451,an eagle a dolphin,0
a chicken,451,an eagle a whale,0
a chicken,451,an ostrich a penguin,0
a chicken,451,an ostrich a salmon,0
a chicken,451,an ostrich a dolphin,0
a chicken,451,an ostrich a whale,0
a chicken,451,a penguin a salmon,0
a chicken,451,a penguin a seal,0
a chicken,451,a penguin a dolphin,0
a chicken,451,a penguin a whale,0
a chicken,451,a salmon a seal,0
a chicken,451,a salmon a whale,0
a chicken,451,a seal a whale,0
a chicken,451,a dolphin a whale,0
a finch,452,a robin a chicken,0
a finch,452,a robin an eagle,0
a finch,452,a robin an ostrich,0
a finch,452,a robin a penguin,0
a finch,452,a robin a salmon,0
a finch,452,a robin a seal,0
a finch,452,a robin a dolphin,0
a finch,452,a robin a whale,0
a finch,452,a chicken an eagle,0
a finch,452,a chicken an ostrich,0
a finch,452,a chicken a penguin,0
a finch,452,a chicken a salmon,0
a finch,452,a chicken a seal,0
a finch,452,a chicken a dolphin,0
a finch,452,a chicken a whale,0
a finch,452,an eagle an ostrich,0
a finch,452,an eagle a penguin,0
a finch,452,an eagle a salmon,0
a finch,452,an eagle a seal,0
a finch,452,an eagle a dolphin,0
a finch,452,an eagle a whale,0
a finch,452,an ostrich a penguin,0
a finch,452,an ostrich a salmon,0
a finch,452,an ostrich a seal,0
a finch,452,an ostrich a dolphin,0
a finch,452,an ostrich a whale,0
a finch,452,a penguin a salmon,0
a finch,452,a penguin a seal,0
a finch,452,a penguin a dolphin,0
a finch,452,a penguin a whale,0
a finch,452,a salmon a seal,0
a finch,452,a salmon a dolphin,0
a finch,452,a salmon a whale,0
a finch,452,a dolphin a whale,0
a finch,453,a robin a chicken,0
a finch,453,a robin an eagle,0
a finch,453,a robin an ostrich,0
a finch,453,a robin a penguin,0
a finch,453,a robin a salmon,0
a finch,453,a robin a seal,0
a finch,453,a robin a dolphin,0
a finch,453,a robin a whale,0
a finch,453,a chicken an eagle,0
a finch,453,a chicken an ostrich,0
a finch,453,a chicken a penguin,0
a finch,453,a chicken a salmon,0
a finch,453,a chicken a dolphin,0
a finch,453,a chicken a whale,0
a finch,453,an eagle an ostrich,0
a finch,453,an eagle a penguin,0
a finch,453,an eagle a salmon,0
a finch,453,an eagle a seal,0
a finch,453,an eagle a dolphin,0
a finch,453,an eagle a whale,0
a finch,453,an ostrich a penguin,0
a finch,453,an ostrich a salmon,0
a finch,453,an ostrich a seal,0
a finch,453,an ostrich a dolphin,0
a finch,453,an ostrich a whale,0
a finch,453,a penguin a salmon,0
a finch,453,a penguin a seal,0
a finch,453,a penguin a dolphin,0
a finch,453,a salmon a seal,0
a finch,453,a salmon a dolphin,0
a finch,453,a salmon a whale,0
a finch,453,a seal a dolphin,0
a finch,453,a seal a whale,0
a finch,453,a dolphin a whale,0
a seal,454,a finch a robin,0
a seal,454,a finch a chicken,0
a seal,454,a finch an eagle,0
a seal,454,a finch an ostrich,0
a seal,454,a finch a penguin,0
a seal,454,a finch a salmon,0
a seal,454,a finch a dolphin,0
a seal,454,a finch a whale,0
a seal,454,a robin a chicken,0
a seal,454,a robin an eagle,0
a seal,454,a robin an ostrich,0
a seal,454,a robin a penguin,0
a seal,454,a robin a salmon,0
a seal,454,a robin a dolphin,0
a seal,454,a robin a whale,0
a seal,454,a chicken an eagle,0
a seal,454,a chicken an ostrich,0
a seal,454,a chicken a penguin,0
a seal,454,a chicken a salmon,1
a seal,454,a chicken a dolphin,0
a seal,454,a chicken a whale,0
a seal,454,an eagle an ostrich,0
a seal,454,an eagle a penguin,0
a seal,454,an eagle a salmon,0
a seal,454,an eagle a dolphin,0
a seal,454,an eagle a whale,0
a seal,454,an ostrich a penguin,0
a seal,454,an ostrich a salmon,0
a seal,454,an ostrich a dolphin,0
a seal,454,an ostrich a whale,0
a seal,454,a penguin a dolphin,0
a seal,454,a penguin a whale,0
a seal,454,a salmon a dolphin,0
a seal,454,a salmon a whale,0
a seal,454,a dolphin a whale,0
a whale,455,a finch a robin,0
a whale,455,a finch a chicken,0
a whale,455,a finch an eagle,0
a whale,455,a finch an ostrich,0
a whale,455,a finch a penguin,0
a whale,455,a finch a salmon,1
a whale,455,a finch a seal,1
a whale,455,a finch a dolphin,0
a whale,455,a robin a chicken,1
a whale,455,a robin an eagle,0
a whale,455,a robin an ostrich,0
a whale,455,a robin a penguin,0
a whale,455,a robin a salmon,0
a whale,455,a robin a seal,1
a whale,455,a robin a dolphin,0
a whale,455,a chicken an eagle,0
a whale,455,a chicken an ostrich,0
a whale,455,a chicken a penguin,0
a whale,455,a chicken a salmon,0
a whale,455,a chicken a seal,1
a whale,455,a chicken a dolphin,0
a whale,455,an eagle a penguin,0
a whale,455,an eagle a salmon,0
a whale,455,an eagle a seal,1
a whale,455,an eagle a dolphin,0
a whale,455,an ostrich a penguin,0
a whale,455,an ostrich a salmon,0
a whale,455,an ostrich a seal,1
a whale,455,an ostrich a dolphin,0
a whale,455,a penguin a salmon,0
a whale,455,a penguin a seal,0
a whale,455,a penguin a dolphin,1
a whale,455,a salmon a seal,1
a whale,455,a salmon a dolphin,0
a whale,455,a seal a dolphin,0
a robin,456,a finch a chicken,0
a robin,456,a finch an eagle,0
a robin,456,a finch an ostrich,0
a robin,456,a finch a penguin,0
a robin,456,a finch a salmon,0
a robin,456,a finch a seal,0
a robin,456,a finch a dolphin,0
a robin,456,a finch a whale,0
a robin,456,a chicken an eagle,0
a robin,456,a chicken an ostrich,0
a robin,456,a chicken a penguin,0
a robin,456,a chicken a salmon,0
a robin,456,a chicken a seal,0
a robin,456,a chicken a dolphin,0
a robin,456,a chicken a whale,0
a robin,456,an eagle an ostrich,0
a robin,456,an eagle a penguin,0
a robin,456,an eagle a salmon,0
a robin,456,an eagle a seal,0
a robin,456,an eagle a dolphin,0
a robin,456,an eagle a whale,0
a robin,456,an ostrich a penguin,0
a robin,456,an ostrich a salmon,0
a robin,456,an ostrich a seal,0
a robin,456,an ostrich a dolphin,0
a robin,456,an ostrich a whale,0
a robin,456,a penguin a salmon,0
a robin,456,a penguin a seal,0
a robin,456,a penguin a dolphin,0
a robin,456,a penguin a whale,0
a robin,456,a salmon a seal,0
a robin,456,a salmon a dolphin,0
a robin,456,a salmon a whale,0
a robin,456,a seal a dolphin,0
a robin,456,a seal a whale,0
a chicken,457,a finch a robin,0
a chicken,457,a finch an eagle,0
a chicken,457,a finch an ostrich,0
a chicken,457,a finch a penguin,0
a chicken,457,a finch a salmon,0
a chicken,457,a finch a seal,0
a chicken,457,a finch a dolphin,0
a chicken,457,a finch a whale,0
a chicken,457,a robin an eagle,0
a chicken,457,a robin an ostrich,0
a chicken,457,a robin a penguin,0
a chicken,457,a robin a salmon,0
a chicken,457,a robin a seal,0
a chicken,457,a robin a dolphin,0
a chicken,457,a robin a whale,0
a chicken,457,an eagle an ostrich,0
a chicken,457,an eagle a penguin,0
a chicken,457,an eagle a salmon,0
a chicken,457,an eagle a seal,0
a chicken,457,an eagle a dolphin,0
a chicken,457,an eagle a whale,0
a chicken,457,an ostrich a penguin,0
a chicken,457,an ostrich a salmon,0
a chicken,457,an ostrich a seal,0
a chicken,457,an ostrich a dolphin,0
a chicken,457,an ostrich a whale,0
a chicken,457,a penguin a salmon,0
a chicken,457,a penguin a seal,0
a chicken,457,a penguin a whale,0
a chicken,457,a salmon a seal,0
a chicken,457,a salmon a dolphin,0
a chicken,457,a salmon a whale,0
a chicken,457,a seal a whale,0
a chicken,457,a dolphin a whale,0
a robin,458,a finch a chicken,0
a robin,458,a finch an eagle,0
a robin,458,a finch an ostrich,0
a robin,458,a finch a penguin,0
a robin,458,a finch a salmon,0
a robin,458,a finch a seal,0
a robin,458,a finch a dolphin,0
a robin,458,a finch a whale,0
a robin,458,a chicken an eagle,0
a robin,458,a chicken an ostrich,0
a robin,458,a chicken a penguin,0
a robin,458,a chicken a salmon,0
a robin,458,a chicken a seal,0
a robin,458,a chicken a dolphin,0
a robin,458,a chicken a whale,0
a robin,458,an eagle an ostrich,0
a robin,458,an eagle a penguin,0
a robin,458,an eagle a salmon,0
a robin,458,an eagle a seal,0
a robin,458,an eagle a dolphin,0
a robin,458,an eagle a whale,0
a robin,458,an ostrich a penguin,0
a robin,458,an ostrich a salmon,0
a robin,458,an ostrich a seal,0
a robin,458,an ostrich a whale,0
a robin,458,a penguin a salmon,1
a robin,458,a penguin a seal,0
a robin,458,a penguin a dolphin,0
a robin,458,a penguin a whale,0
a robin,458,a salmon a seal,0
a robin,458,a salmon a dolphin,0
a robin,458,a salmon a whale,0
a robin,458,a seal a dolphin,0
a robin,458,a seal a whale,0
a robin,458,a dolphin a whale,0
a chicken,459,a finch a robin,0
a chicken,459,a finch an eagle,0
a chicken,459,a finch an ostrich,0
a chicken,459,a finch a penguin,0
a chicken,459,a finch a salmon,0
a chicken,459,a finch a seal,0
a chicken,459,a finch a dolphin,0
a chicken,459,a finch a whale,0
a chicken,459,a robin an eagle,0
a chicken,459,a robin an ostrich,0
a chicken,459,a robin a penguin,0
a chicken,459,a robin a salmon,0
a chicken,459,a robin a seal,0
a chicken,459,a robin a dolphin,0
a chicken,459,a robin a whale,0
a chicken,459,an eagle an ostrich,0
a chicken,459,an eagle a penguin,0
a chicken,459,an eagle a salmon,0
a chicken,459,an eagle a seal,0
a chicken,459,an eagle a dolphin,0
a chicken,459,an eagle a whale,0
a chicken,459,an ostrich a penguin,0
a chicken,459,an ostrich a salmon,0
a chicken,459,an ostrich a seal,0
a chicken,459,an ostrich a dolphin,0
a chicken,459,an ostrich a whale,0
a chicken,459,a penguin a salmon,0
a chicken,459,a penguin a dolphin,0
a chicken,459,a penguin a whale,0
a chicken,459,a salmon a seal,0
a chicken,459,a salmon a whale,0
a chicken,459,a seal a dolphin,0
a chicken,459,a seal a whale,0
a chicken,459,a dolphin a whale,0
a salmon,460,a finch a robin,0
a salmon,460,a finch a chicken,0
a salmon,460,a finch an eagle,0
a salmon,460,a finch a penguin,0
a salmon,460,a finch a seal,1
a salmon,460,a finch a dolphin,0
a salmon,460,a finch a whale,0
a salmon,460,a robin a chicken,0
a salmon,460,a robin an eagle,0
a salmon,460,a robin an ostrich,0
a salmon,460,a robin a penguin,0
a salmon,460,a robin a seal,1
a salmon,460,a robin a whale,0
a salmon,460,a chicken an eagle,0
a salmon,460,a chicken an ostrich,0
a salmon,460,a chicken a penguin,0
a salmon,460,a chicken a seal,1
a salmon,460,a chicken a dolphin,0
a salmon,460,a chicken a whale,0
a salmon,460,an eagle an ostrich,0
a salmon,460,an eagle a penguin,0
a salmon,460,an eagle a seal,1
a salmon,460,an eagle a dolphin,0
a salmon,460,an eagle a whale,0
a salmon,460,an ostrich a penguin,0
a salmon,460,an ostrich a seal,1
a salmon,460,an ostrich a dolphin,0
a salmon,460,an ostrich a whale,0
a salmon,460,a penguin a seal,1
a salmon,460,a penguin a dolphin,0
a salmon,460,a penguin a whale,1
a salmon,460,a seal a dolphin,0
a salmon,460,a seal a whale,0
a salmon,460,a dolphin a whale,0
a finch,461,a robin a chicken,1
a finch,461,a robin an eagle,0
a finch,461,a robin an ostrich,0
a finch,461,a robin a penguin,0
a finch,461,a robin a salmon,0
a finch,461,a robin a seal,0
a finch,461,a robin a dolphin,0
a finch,461,a robin a whale,0
a finch,461,a chicken an eagle,0
a finch,461,a chicken an ostrich,0
a finch,461,a chicken a penguin,0
a finch,461,a chicken a salmon,0
a finch,461,a chicken a seal,0
a finch,461,a chicken a dolphin,0
a finch,461,a chicken a whale,0
a finch,461,an eagle an ostrich,0
a finch,461,an eagle a penguin,0
a finch,461,an eagle a salmon,0
a finch,461,an eagle a seal,0
a finch,461,an eagle a dolphin,0
a finch,461,an eagle a whale,0
a finch,461,an ostrich a penguin,0
a finch,461,an ostrich a salmon,0
a finch,461,an ostrich a dolphin,0
a finch,461,an ostrich a whale,0
a finch,461,a penguin a salmon,0
a finch,461,a penguin a seal,0
a finch,461,a penguin a dolphin,0
a finch,461,a penguin a whale,0
a finch,461,a salmon a seal,0
a finch,461,a salmon a whale,0
a finch,461,a seal a whale,0
a finch,461,a dolphin a whale,0
a whale,462,a finch a robin,0
a whale,462,a finch a chicken,0
a whale,462,a finch an eagle,0
a whale,462,a finch an ostrich,0
a whale,462,a finch a penguin,0
a whale,462,a finch a salmon,0
a whale,462,a finch a seal,1
a whale,462,a finch a dolphin,0
a whale,462,a robin a chicken,0
a whale,462,a robin an eagle,0
a whale,462,a robin an ostrich,0
a whale,462,a robin a penguin,0
a whale,462,a robin a salmon,1
a whale,462,a robin a seal,1
a whale,462,a robin a dolphin,0
a whale,462,a chicken an eagle,0
a whale,462,a chicken an ostrich,0
a whale,462,a chicken a penguin,0
a whale,462,a chicken a salmon,0
a whale,462,a chicken a seal,0
a whale,462,a chicken a dolphin,0
a whale,462,an eagle a penguin,0
a whale,462,an eagle a salmon,0
a whale,462,an eagle a seal,1
a whale,462,an eagle a dolphin,0
a whale,462,an ostrich a penguin,0
a whale,462,an ostrich a salmon,0
a whale,462,an ostrich a seal,1
a whale,462,an ostrich a dolphin,0
a whale,462,a penguin a salmon,0
a whale,462,a penguin a seal,1
a whale,462,a penguin a dolphin,0
a whale,462,a salmon a seal,1
a whale,462,a salmon a dolphin,0
a whale,462,a seal a dolphin,0
a seal,463,a finch a robin,0
a seal,463,a finch a chicken,0
a seal,463,a finch an eagle,0
a seal,463,a finch an ostrich,0
a seal,463,a finch a penguin,0
a seal,463,a finch a salmon,0
a seal,463,a finch a dolphin,0
a seal,463,a finch a whale,0
a seal,463,a robin a chicken,0
a seal,463,a robin an eagle,0
a seal,463,a robin an ostrich,0
a seal,463,a robin a penguin,0
a seal,463,a robin a salmon,0
a seal,463,a robin a dolphin,0
a seal,463,a robin a whale,1
a seal,463,a chicken an eagle,0
a seal,463,a chicken an ostrich,0
a seal,463,a chicken a penguin,0
a seal,463,a chicken a salmon,1
a seal,463,a chicken a dolphin,0
a seal,463,a chicken a whale,0
a seal,463,an eagle an ostrich,0
a seal,463,an eagle a penguin,0
a seal,463,an eagle a salmon,0
a seal,463,an eagle a dolphin,0
a seal,463,an eagle a whale,1
a seal,463,an ostrich a penguin,0
a seal,463,an ostrich a salmon,0
a seal,463,an ostrich a dolphin,0
a seal,463,an ostrich a whale,0
a seal,463,a penguin a salmon,0
a seal,463,a penguin a dolphin,0
a seal,463,a penguin a whale,0
a seal,463,a salmon a dolphin,0
a seal,463,a salmon a whale,0
a seal,463,a dolphin a whale,0
a whale,464,a finch a robin,0
a whale,464,a finch a chicken,1
a whale,464,a finch an eagle,0
a whale,464,a finch an ostrich,0
a whale,464,a finch a penguin,0
a whale,464,a finch a salmon,0
a whale,464,a finch a seal,0
a whale,464,a finch a dolphin,0
a whale,464,a robin a chicken,0
a whale,464,a robin an eagle,0
a whale,464,a robin an ostrich,0
a whale,464,a robin a penguin,0
a whale,464,a robin a salmon,0
a whale,464,a robin a seal,1
a whale,464,a robin a dolphin,0
a whale,464,a chicken an eagle,0
a whale,464,a chicken an ostrich,0
a whale,464,a chicken a penguin,0
a whale,464,a chicken a salmon,0
a whale,464,a chicken a seal,1
a whale,464,a chicken a dolphin,0
a whale,464,an eagle an ostrich,0
a whale,464,an eagle a penguin,0
a whale,464,an eagle a salmon,0
a whale,464,an eagle a seal,1
a whale,464,an eagle a dolphin,0
a whale,464,an ostrich a penguin,0
a whale,464,an ostrich a salmon,0
a whale,464,an ostrich a seal,1
a whale,464,an ostrich a dolphin,0
a whale,464,a penguin a salmon,0
a whale,464,a penguin a seal,0
a whale,464,a penguin a dolphin,0
a whale,464,a salmon a seal,1
a whale,464,a salmon a dolphin,0
a whale,464,a seal a dolphin,0
a whale,465,a finch a robin,0
a whale,465,a finch a chicken,0
a whale,465,a finch an eagle,0
a whale,465,a finch an ostrich,0
a whale,465,a finch a penguin,0
a whale,465,a finch a salmon,0
a whale,465,a finch a seal,1
a whale,465,a finch a dolphin,0
a whale,465,a robin a chicken,0
a whale,465,a robin an eagle,0
a whale,465,a robin an ostrich,0
a whale,465,a robin a penguin,0
a whale,465,a robin a salmon,0
a whale,465,a robin a seal,1
a whale,465,a robin a dolphin,0
a whale,465,a chicken an eagle,0
a whale,465,a chicken an ostrich,0
a whale,465,a chicken a penguin,0
a whale,465,a chicken a salmon,0
a whale,465,a chicken a seal,0
a whale,465,a chicken a dolphin,0
a whale,465,an eagle an ostrich,0
a whale,465,an eagle a salmon,0
a whale,465,an eagle a seal,0
a whale,465,an eagle a dolphin,0
a whale,465,an ostrich a penguin,0
a whale,465,an ostrich a salmon,0
a whale,465,an ostrich a seal,0
a whale,465,an ostrich a dolphin,0
a whale,465,a penguin a salmon,0
a whale,465,a penguin a seal,0
a whale,465,a penguin a dolphin,0
a whale,465,a salmon a seal,1
a whale,465,a salmon a dolphin,0
a whale,465,a seal a dolphin,0
a whale,466,a finch a robin,0
a whale,466,a finch a chicken,0
a whale,466,a finch an eagle,0
a whale,466,a finch an ostrich,0
a whale,466,a finch a penguin,0
a whale,466,a finch a salmon,0
a whale,466,a finch a seal,1
a whale,466,a finch a dolphin,0
a whale,466,a robin a chicken,0
a whale,466,a robin an eagle,0
a whale,466,a robin an ostrich,0
a whale,466,a robin a penguin,0
a whale,466,a robin a salmon,1
a whale,466,a robin a seal,0
a whale,466,a robin a dolphin,0
a whale,466,a chicken an eagle,0
a whale,466,a chicken a penguin,0
a whale,466,a chicken a salmon,0
a whale,466,a chicken a seal,1
a whale,466,a chicken a dolphin,0
a whale,466,an eagle an ostrich,0
a whale,466,an eagle a penguin,0
a whale,466,an eagle a salmon,0
a whale,466,an eagle a seal,1
a whale,466,an eagle a dolphin,1
a whale,466,an ostrich a penguin,0
a whale,466,an ostrich a salmon,0
a whale,466,an ostrich a seal,1
a whale,466,an ostrich a dolphin,0
a whale,466,a penguin a salmon,0
a whale,466,a penguin a seal,1
a whale,466,a penguin a dolphin,0
a whale,466,a salmon a seal,1
a whale,466,a salmon a dolphin,0
a whale,466,a seal a dolphin,0
a robin,467,a finch a chicken,0
a robin,467,a finch an eagle,0
a robin,467,a finch an ostrich,0
a robin,467,a finch a penguin,0
a robin,467,a finch a salmon,0
a robin,467,a finch a seal,0
a robin,467,a finch a dolphin,0
a robin,467,a finch a whale,0
a robin,467,a chicken an eagle,0
a robin,467,a chicken an ostrich,0
a robin,467,a chicken a penguin,0
a robin,467,a chicken a salmon,0
a robin,467,a chicken a seal,0
a robin,467,a chicken a dolphin,0
a robin,467,a chicken a whale,0
a robin,467,an eagle an ostrich,0
a robin,467,an eagle a penguin,0
a robin,467,an eagle a salmon,1
a robin,467,an eagle a seal,0
a robin,467,an eagle a dolphin,0
a robin,467,an eagle a whale,0
a robin,467,an ostrich a penguin,0
a robin,467,an ostrich a salmon,0
a robin,467,an ostrich a seal,0
a robin,467,an ostrich a dolphin,0
a robin,467,an ostrich a whale,0
a robin,467,a penguin a salmon,0
a robin,467,a penguin a seal,0
a robin,467,a penguin a dolphin,0
a robin,467,a penguin a whale,0
a robin,467,a salmon a seal,0
a robin,467,a salmon a whale,0
a robin,467,a seal a dolphin,0
a robin,467,a seal a whale,0
a robin,467,a dolphin a whale,0
a chicken,468,a finch a robin,0
a chicken,468,a finch an eagle,0
a chicken,468,a finch an ostrich,0
a chicken,468,a finch a penguin,0
a chicken,468,a finch a salmon,0
a chicken,468,a finch a seal,0
a chicken,468,a finch a dolphin,0
a chicken,468,a finch a whale,0
a chicken,468,a robin an eagle,0
a chicken,468,a robin an ostrich,0
a chicken,468,a robin a penguin,0
a chicken,468,a robin a salmon,0
a chicken,468,a robin a seal,0
a chicken,468,a robin a dolphin,0
a chicken,468,a robin a whale,0
a chicken,468,an eagle an ostrich,0
a chicken,468,an eagle a penguin,0
a chicken,468,an eagle a salmon,0
a chicken,468,an eagle a seal,0
a chicken,468,an eagle a dolphin,0
a chicken,468,an eagle a whale,0
a chicken,468,an ostrich a penguin,0
a chicken,468,an ostrich a salmon,0
a chicken,468,an ostrich a seal,0
a chicken,468,an ostrich a dolphin,0
a chicken,468,an ostrich a whale,0
a chicken,468,a penguin a seal,0
a chicken,468,a penguin a dolphin,0
a chicken,468,a penguin a whale,0
a chicken,468,a salmon a seal,0
a chicken,468,a salmon a dolphin,0
a chicken,468,a salmon a whale,0
a chicken,468,a seal a dolphin,0
a chicken,468,a seal a whale,0
a chicken,468,a dolphin a whale,0
a dolphin,469,a finch a robin,0
a dolphin,469,a finch a chicken,0
a dolphin,469,a finch an ostrich,0
a dolphin,469,a finch a penguin,0
a dolphin,469,a finch a salmon,0
a dolphin,469,a finch a seal,0
a dolphin,469,a finch a whale,0
a dolphin,469,a robin a chicken,0
a dolphin,469,a robin an eagle,0
a dolphin,469,a robin an ostrich,0
a dolphin,469,a robin a penguin,0
a dolphin,469,a robin a salmon,1
a dolphin,469,a robin a seal,1
a dolphin,469,a robin a whale,0
a dolphin,469,a chicken an ostrich,0
a dolphin,469,a chicken a penguin,0
a dolphin,469,a chicken a salmon,0
a dolphin,469,a chicken a seal,0
a dolphin,469,a chicken a whale,0
a dolphin,469,an eagle an ostrich,0
a dolphin,469,an eagle a penguin,0
a dolphin,469,an eagle a salmon,0
a dolphin,469,an eagle a seal,0
a dolphin,469,an eagle a whale,1
a dolphin,469,an ostrich a penguin,0
a dolphin,469,an ostrich a salmon,0
a dolphin,469,an ostrich a seal,0
a dolphin,469,an ostrich a whale,0
a dolphin,469,a penguin a salmon,0
a dolphin,469,a penguin a seal,1
a dolphin,469,a penguin a whale,1
a dolphin,469,a salmon a seal,1
a dolphin,469,a salmon a whale,1
a dolphin,469,a seal a whale,0
a salmon,470,a finch a robin,0
a salmon,470,a finch a chicken,0
a salmon,470,a finch an eagle,1
a salmon,470,a finch an ostrich,0
a salmon,470,a finch a penguin,0
a salmon,470,a finch a seal,0
a salmon,470,a finch a dolphin,0
a salmon,470,a finch a whale,0
a salmon,470,a robin a chicken,0
a salmon,470,a robin an eagle,1
a salmon,470,a robin an ostrich,0
a salmon,470,a robin a penguin,0
a salmon,470,a robin a seal,1
a salmon,470,a robin a dolphin,0
a salmon,470,a robin a whale,0
a salmon,470,a chicken an eagle,1
a salmon,470,a chicken an ostrich,0
a salmon,470,a chicken a penguin,0
a salmon,470,a chicken a seal,0
a salmon,470,a chicken a dolphin,0
a salmon,470,a chicken a whale,0
a salmon,470,an eagle an ostrich,0
a salmon,470,an eagle a penguin,0
a salmon,470,an eagle a seal,0
a salmon,470,an eagle a dolphin,0
a salmon,470,an eagle a whale,1
a salmon,470,an ostrich a penguin,0
a salmon,470,an ostrich a seal,0
a salmon,470,an ostrich a dolphin,0
a salmon,470,an ostrich a whale,0
a salmon,470,a penguin a seal,1
a salmon,470,a penguin a dolphin,1
a salmon,470,a penguin a whale,1
a salmon,470,a seal a dolphin,0
a salmon,470,a seal a whale,0
a salmon,470,a dolphin a whale,0
an eagle,471,a finch a robin,0
an eagle,471,a finch a chicken,0
an eagle,471,a finch an ostrich,0
an eagle,471,a finch a penguin,0
an eagle,471,a finch a salmon,0
an eagle,471,a finch a seal,0
an eagle,471,a finch a dolphin,0
an eagle,471,a finch a whale,0
an eagle,471,a robin a chicken,0
an eagle,471,a robin an ostrich,1
an eagle,471,a robin a penguin,0
an eagle,471,a robin a salmon,0
an eagle,471,a robin a seal,0
an eagle,471,a robin a dolphin,0
an eagle,471,a robin a whale,0
an eagle,471,a chicken an ostrich,0
an eagle,471,a chicken a penguin,0
an eagle,471,a chicken a salmon,0
an eagle,471,a chicken a seal,0
an eagle,471,a chicken a dolphin,0
an eagle,471,a chicken a whale,0
an eagle,471,an ostrich a penguin,0
an eagle,471,an ostrich a salmon,0
an eagle,471,an ostrich a seal,0
an eagle,471,an ostrich a dolphin,0
an eagle,471,an ostrich a whale,0
an eagle,471,a penguin a salmon,0
an eagle,471,a penguin a seal,0
an eagle,471,a penguin a whale,0
an eagle,471,a salmon a seal,0
an eagle,471,a seal a dolphin,0
an eagle,471,a seal a whale,0
an eagle,471,a dolphin a whale,0
a whale,472,a finch a robin,0
a whale,472,a finch a chicken,0
a whale,472,a finch an eagle,0
a whale,472,a finch an ostrich,0
a whale,472,a finch a penguin,0
a whale,472,a finch a salmon,0
a whale,472,a finch a seal,1
a whale,472,a finch a dolphin,0
a whale,472,a robin a chicken,0
a whale,472,a robin an eagle,0
a whale,472,a robin an ostrich,0
a whale,472,a robin a penguin,0
a whale,472,a robin a salmon,1
a whale,472,a robin a seal,1
a whale,472,a robin a dolphin,0
a whale,472,a chicken an eagle,0
a whale,472,a chicken an ostrich,0
a whale,472,a chicken a penguin,0
a whale,472,a chicken a salmon,0
a whale,472,a chicken a seal,1
a whale,472,a chicken a dolphin,0
a whale,472,an eagle a penguin,0
a whale,472,an eagle a salmon,0
a whale,472,an eagle a seal,1
a whale,472,an eagle a dolphin,0
a whale,472,an ostrich a penguin,0
a whale,472,an ostrich a salmon,0
a whale,472,an ostrich a seal,1
a whale,472,an ostrich a dolphin,0
a whale,472,a penguin a salmon,0
a whale,472,a penguin a seal,0
a whale,472,a penguin a dolphin,0
a whale,472,a salmon a seal,0
a whale,472,a salmon a dolphin,0
a whale,472,a seal a dolphin,0
an ostrich,473,a finch a robin,0
an ostrich,473,a finch a chicken,0
an ostrich,473,a finch an eagle,0
an ostrich,473,a finch a penguin,0
an ostrich,473,a finch a salmon,0
an ostrich,473,a finch a seal,0
an ostrich,473,a finch a dolphin,0
an ostrich,473,a finch a whale,0
an ostrich,473,a robin a chicken,0
an ostrich,473,a robin an eagle,0
an ostrich,473,a robin a penguin,0
an ostrich,473,a robin a salmon,0
an ostrich,473,a robin a seal,0
an ostrich,473,a robin a dolphin,0
an ostrich,473,a robin a whale,0
an ostrich,473,a chicken an eagle,0
an ostrich,473,a chicken a penguin,0
an ostrich,473,a chicken a salmon,0
an ostrich,473,a chicken a seal,0
an ostrich,473,a chicken a dolphin,0
an ostrich,473,a chicken a whale,0
an ostrich,473,an eagle a penguin,0
an ostrich,473,an eagle a salmon,0
an ostrich,473,an eagle a seal,0
an ostrich,473,an eagle a dolphin,0
an ostrich,473,an eagle a whale,0
an ostrich,473,a penguin a salmon,0
an ostrich,473,a penguin a seal,0
an ostrich,473,a penguin a dolphin,0
an ostrich,473,a penguin a whale,0
an ostrich,473,a salmon a seal,0
an ostrich,473,a salmon a dolphin,0
an ostrich,473,a salmon a whale,0
an ostrich,473,a seal a dolphin,0
an ostrich,473,a seal a whale,0
an ostrich,473,a dolphin a whale,0
a robin,474,a finch a chicken,0
a robin,474,a finch an eagle,0
a robin,474,a finch an ostrich,0
a robin,474,a finch a penguin,0
a robin,474,a finch a salmon,0
a robin,474,a finch a seal,0
a robin,474,a finch a dolphin,0
a robin,474,a finch a whale,0
a robin,474,a chicken an eagle,0
a robin,474,a chicken an ostrich,0
a robin,474,a chicken a penguin,0
a robin,474,a chicken a salmon,0
a robin,474,a chicken a seal,0
a robin,474,a chicken a dolphin,0
a robin,474,a chicken a whale,0
a robin,474,an eagle an ostrich,0
a robin,474,an eagle a penguin,0
a robin,474,an eagle a salmon,0
a robin,474,an eagle a seal,0
a robin,474,an eagle a dolphin,0
a robin,474,an eagle a whale,0
a robin,474,an ostrich a penguin,0
a robin,474,an ostrich a salmon,0
a robin,474,an ostrich a seal,0
a robin,474,an ostrich a dolphin,0
a robin,474,an ostrich a whale,0
a robin,474,a penguin a salmon,0
a robin,474,a penguin a seal,0
a robin,474,a penguin a dolphin,0
a robin,474,a penguin a whale,0
a robin,474,a salmon a seal,0
a robin,474,a salmon a dolphin,0
a robin,474,a salmon a whale,0
a robin,474,a seal a dolphin,0
a robin,474,a seal a whale,0
a robin,474,a dolphin a whale,0
a seal,475,a finch a robin,0
a seal,475,a finch a chicken,0
a seal,475,a finch an eagle,0
a seal,475,a finch an ostrich,0
a seal,475,a finch a penguin,0
a seal,475,a finch a salmon,0
a seal,475,a finch a dolphin,0
a seal,475,a finch a whale,0
a seal,475,a robin a chicken,0
a seal,475,a robin an eagle,0
a seal,475,a robin an ostrich,0
a seal,475,a robin a penguin,0
a seal,475,a robin a salmon,0
a seal,475,a robin a dolphin,0
a seal,475,a robin a whale,0
a seal,475,a chicken an eagle,0
a seal,475,a chicken an ostrich,0
a seal,475,a chicken a penguin,0
a seal,475,a chicken a salmon,0
a seal,475,a chicken a dolphin,0
a seal,475,a chicken a whale,0
a seal,475,an eagle an ostrich,0
a seal,475,an eagle a penguin,0
a seal,475,an eagle a salmon,1
a seal,475,an eagle a dolphin,0
a seal,475,an eagle a whale,0
a seal,475,an ostrich a penguin,0
a seal,475,an ostrich a salmon,0
a seal,475,an ostrich a dolphin,0
a seal,475,an ostrich a whale,0
a seal,475,a penguin a salmon,0
a seal,475,a penguin a dolphin,0
a seal,475,a penguin a whale,0
a seal,475,a salmon a dolphin,0
a seal,475,a salmon a whale,0
a seal,475,a dolphin a whale,0
an eagle,476,a finch a robin,0
an eagle,476,a finch a chicken,0
an eagle,476,a finch an ostrich,0
an eagle,476,a finch a penguin,0
an eagle,476,a finch a salmon,0
an eagle,476,a finch a seal,0
an eagle,476,a finch a dolphin,0
an eagle,476,a finch a whale,0
an eagle,476,a robin a chicken,0
an eagle,476,a robin an ostrich,0
an eagle,476,a robin a penguin,0
an eagle,476,a robin a salmon,0
an eagle,476,a robin a seal,0
an eagle,476,a robin a dolphin,0
an eagle,476,a robin a whale,0
an eagle,476,a chicken an ostrich,0
an eagle,476,a chicken a penguin,0
an eagle,476,a chicken a salmon,0
an eagle,476,a chicken a seal,0
an eagle,476,a chicken a dolphin,0
an eagle,476,a chicken a whale,0
an eagle,476,an ostrich a penguin,0
an eagle,476,an ostrich a salmon,0
an eagle,476,an ostrich a dolphin,0
an eagle,476,an ostrich a whale,0
an eagle,476,a penguin a salmon,0
an eagle,476,a penguin a seal,0
an eagle,476,a penguin a dolphin,0
an eagle,476,a penguin a whale,0
an eagle,476,a salmon a seal,0
an eagle,476,a salmon a dolphin,0
an eagle,476,a salmon a whale,0
an eagle,476,a seal a dolphin,0
an eagle,476,a seal a whale,0
an eagle,476,a dolphin a whale,0
a dolphin,477,a finch a robin,0
a dolphin,477,a finch a chicken,0
a dolphin,477,a finch an eagle,0
a dolphin,477,a finch an ostrich,0
a dolphin,477,a finch a penguin,0
a dolphin,477,a finch a salmon,0
a dolphin,477,a finch a seal,0
a dolphin,477,a finch a whale,0
a dolphin,477,a robin a chicken,0
a dolphin,477,a robin an eagle,0
a dolphin,477,a robin an ostrich,0
a dolphin,477,a robin a penguin,0
a dolphin,477,a robin a salmon,0
a dolphin,477,a robin a seal,0
a dolphin,477,a robin a whale,0
a dolphin,477,a chicken an eagle,0
a dolphin,477,a chicken an ostrich,0
a dolphin,477,a chicken a penguin,0
a dolphin,477,a chicken a salmon,0
a dolphin,477,a chicken a seal,0
a dolphin,477,a chicken a whale,0
a dolphin,477,an eagle an ostrich,0
a dolphin,477,an eagle a penguin,0
a dolphin,477,an eagle a salmon,0
a dolphin,477,an eagle a seal,0
a dolphin,477,an eagle a whale,1
a dolphin,477,an ostrich a penguin,0
a dolphin,477,an ostrich a salmon,0
a dolphin,477,an ostrich a seal,1
a dolphin,477,an ostrich a whale,1
a dolphin,477,a penguin a salmon,0
a dolphin,477,a penguin a seal,1
a dolphin,477,a penguin a whale,1
a dolphin,477,a salmon a seal,1
a dolphin,477,a salmon a whale,0
a dolphin,477,a seal a whale,0
an ostrich,478,a finch a robin,0
an ostrich,478,a finch a chicken,0
an ostrich,478,a finch an eagle,0
an ostrich,478,a finch a penguin,0
an ostrich,478,a finch a salmon,0
an ostrich,478,a finch a seal,0
an ostrich,478,a finch a dolphin,0
an ostrich,478,a finch a whale,0
an ostrich,478,a robin a chicken,0
an ostrich,478,a robin an eagle,0
an ostrich,478,a robin a penguin,0
an ostrich,478,a robin a salmon,0
an ostrich,478,a robin a seal,0
an ostrich,478,a robin a dolphin,0
an ostrich,478,a robin a whale,0
an ostrich,478,a chicken an eagle,0
an ostrich,478,a chicken a penguin,0
an ostrich,478,a chicken a salmon,0
an ostrich,478,a chicken a seal,0
an ostrich,478,a chicken a dolphin,0
an ostrich,478,a chicken a whale,0
an ostrich,478,an eagle a penguin,0
an ostrich,478,an eagle a salmon,0
an ostrich,478,an eagle a seal,0
an ostrich,478,an eagle a dolphin,0
an ostrich,478,an eagle a whale,0
an ostrich,478,a penguin a salmon,0
an ostrich,478,a penguin a seal,0
an ostrich,478,a penguin a dolphin,0
an ostrich,478,a penguin a whale,0
an ostrich,478,a salmon a seal,0
an ostrich,478,a salmon a dolphin,0
an ostrich,478,a salmon a whale,0
an ostrich,478,a seal a dolphin,0
an ostrich,478,a dolphin a whale,0
a dolphin,479,a finch a robin,0
a dolphin,479,a finch a chicken,0
a dolphin,479,a finch an eagle,0
a dolphin,479,a finch an ostrich,0
a dolphin,479,a finch a penguin,0
a dolphin,479,a finch a salmon,0
a dolphin,479,a finch a seal,1
a dolphin,479,a finch a whale,0
a dolphin,479,a robin a chicken,0
a dolphin,479,a robin an eagle,1
a dolphin,479,a robin an ostrich,0
a dolphin,479,a robin a penguin,0
a dolphin,479,a robin a salmon,0
a dolphin,479,a robin a seal,0
a dolphin,479,a robin a whale,0
a dolphin,479,a chicken an eagle,0
a dolphin,479,a chicken an ostrich,0
a dolphin,479,a chicken a penguin,0
a dolphin,479,a chicken a salmon,0
a dolphin,479,a chicken a seal,0
a dolphin,479,a chicken a whale,0
a dolphin,479,an eagle an ostrich,0
a dolphin,479,an eagle a penguin,0
a dolphin,479,an eagle a salmon,0
a dolphin,479,an eagle a seal,1
a dolphin,479,an eagle a whale,1
a dolphin,479,an ostrich a penguin,0
a dolphin,479,an ostrich a salmon,0
a dolphin,479,an ostrich a seal,1
a dolphin,479,an ostrich a whale,0
a dolphin,479,a penguin a salmon,1
a dolphin,479,a penguin a seal,1
a dolphin,479,a penguin a whale,0
a dolphin,479,a salmon a seal,1
a dolphin,479,a salmon a whale,1
a dolphin,479,a seal a whale,0
an eagle,480,a finch a robin,0
an eagle,480,a finch a chicken,0
an eagle,480,a finch an ostrich,0
an eagle,480,a finch a penguin,0
an eagle,480,a finch a salmon,0
an eagle,480,a finch a seal,0
an eagle,480,a finch a dolphin,0
an eagle,480,a finch a whale,0
an eagle,480,a robin a chicken,0
an eagle,480,a robin an ostrich,0
an eagle,480,a robin a penguin,0
an eagle,480,a robin a salmon,0
an eagle,480,a robin a seal,0
an eagle,480,a robin a dolphin,0
an eagle,480,a robin a whale,0
an eagle,480,a chicken an ostrich,0
an eagle,480,a chicken a penguin,0
an eagle,480,a chicken a salmon,0
an eagle,480,a chicken a seal,0
an eagle,480,a chicken a dolphin,0
an eagle,480,a chicken a whale,0
an eagle,480,an ostrich a penguin,0
an eagle,480,an ostrich a salmon,0
an eagle,480,an ostrich a seal,0
an eagle,480,an ostrich a dolphin,0
an eagle,480,an ostrich a whale,0
an eagle,480,a penguin a salmon,0
an eagle,480,a penguin a seal,0
an eagle,480,a penguin a dolphin,0
an eagle,480,a penguin a whale,0
an eagle,480,a salmon a seal,0
an eagle,480,a salmon a dolphin,0
an eagle,480,a salmon a whale,0
an eagle,480,a seal a whale,0
an eagle,480,a dolphin a whale,0
a whale,481,a finch a chicken,1
a whale,481,a finch an eagle,0
a whale,481,a finch an ostrich,0
a whale,481,a finch a penguin,0
a whale,481,a finch a salmon,0
a whale,481,a finch a seal,0
a whale,481,a finch a dolphin,0
a whale,481,a robin a chicken,1
a whale,481,a robin an eagle,0
a whale,481,a robin an ostrich,0
a whale,481,a robin a penguin,0
a whale,481,a robin a salmon,0
a whale,481,a robin a seal,0
a whale,481,a robin a dolphin,0
a whale,481,a chicken an eagle,0
a whale,481,a chicken an ostrich,0
a whale,481,a chicken a penguin,0
a whale,481,a chicken a salmon,1
a whale,481,a chicken a seal,0
a whale,481,a chicken a dolphin,0
a whale,481,an eagle a salmon,0
a whale,481,an eagle a seal,0
a whale,481,an eagle a dolphin,1
a whale,481,an ostrich a penguin,0
a whale,481,an ostrich a salmon,0
a whale,481,an ostrich a seal,0
a whale,481,an ostrich a dolphin,0
a whale,481,a penguin a salmon,0
a whale,481,a penguin a seal,0
a whale,481,a penguin a dolphin,0
a whale,481,a salmon a seal,0
a whale,481,a salmon a dolphin,1
a whale,481,a seal a dolphin,0
an ostrich,482,a finch a robin,0
an ostrich,482,a finch a chicken,0
an ostrich,482,a finch an eagle,0
an ostrich,482,a finch a penguin,0
an ostrich,482,a finch a salmon,0
an ostrich,482,a finch a seal,0
an ostrich,482,a finch a dolphin,0
an ostrich,482,a finch a whale,0
an ostrich,482,a robin a chicken,0
an ostrich,482,a robin an eagle,0
an ostrich,482,a robin a penguin,0
an ostrich,482,a robin a salmon,0
an ostrich,482,a robin a seal,0
an ostrich,482,a robin a dolphin,0
an ostrich,482,a robin a whale,0
an ostrich,482,a chicken an eagle,0
an ostrich,482,a chicken a penguin,0
an ostrich,482,a chicken a salmon,0
an ostrich,482,a chicken a seal,0
an ostrich,482,a chicken a dolphin,0
an ostrich,482,a chicken a whale,0
an ostrich,482,an eagle a penguin,0
an ostrich,482,an eagle a salmon,0
an ostrich,482,an eagle a seal,1
an ostrich,482,an eagle a dolphin,0
an ostrich,482,an eagle a whale,0
an ostrich,482,a penguin a salmon,0
an ostrich,482,a penguin a seal,0
an ostrich,482,a penguin a dolphin,0
an ostrich,482,a penguin a whale,0
an ostrich,482,a salmon a seal,0
an ostrich,482,a salmon a dolphin,0
an ostrich,482,a salmon a whale,0
an ostrich,482,a seal a dolphin,0
an ostrich,482,a seal a whale,0
an ostrich,482,a dolphin a whale,0
a dolphin,483,a finch a robin,0
a dolphin,483,a finch a chicken,0
a dolphin,483,a finch an eagle,0
a dolphin,483,a finch an ostrich,0
a dolphin,483,a finch a penguin,0
a dolphin,483,a finch a salmon,1
a dolphin,483,a finch a seal,1
a dolphin,483,a finch a whale,0
a dolphin,483,a robin a chicken,1
a dolphin,483,a robin an eagle,0
a dolphin,483,a robin an ostrich,1
a dolphin,483,a robin a penguin,0
a dolphin,483,a robin a salmon,0
a dolphin,483,a robin a seal,1
a dolphin,483,a robin a whale,0
a dolphin,483,a chicken an eagle,0
a dolphin,483,a chicken a penguin,0
a dolphin,483,a chicken a salmon,0
a dolphin,483,a chicken a seal,0
a dolphin,483,a chicken a whale,0
a dolphin,483,an eagle an ostrich,0
a dolphin,483,an eagle a penguin,0
a dolphin,483,an eagle a salmon,1
a dolphin,483,an eagle a seal,0
a dolphin,483,an eagle a whale,0
a dolphin,483,an ostrich a penguin,0
a dolphin,483,an ostrich a salmon,0
a dolphin,483,an ostrich a seal,0
a dolphin,483,an ostrich a whale,0
a dolphin,483,a penguin a salmon,0
a dolphin,483,a penguin a seal,1
a dolphin,483,a penguin a whale,1
a dolphin,483,a salmon a seal,0
a dolphin,483,a salmon a whale,0
a dolphin,483,a seal a whale,0
a seal,484,a finch a robin,0
a seal,484,a finch a chicken,0
a seal,484,a finch an eagle,0
a seal,484,a finch an ostrich,0
a seal,484,a finch a penguin,0
a seal,484,a finch a salmon,0
a seal,484,a finch a dolphin,0
a seal,484,a finch a whale,0
a seal,484,a robin a chicken,0
a seal,484,a robin an eagle,0
a seal,484,a robin an ostrich,0
a seal,484,a robin a penguin,0
a seal,484,a robin a salmon,1
a seal,484,a robin a dolphin,0
a seal,484,a robin a whale,0
a seal,484,a chicken an eagle,0
a seal,484,a chicken an ostrich,0
a seal,484,a chicken a penguin,0
a seal,484,a chicken a salmon,0
a seal,484,a chicken a dolphin,0
a seal,484,a chicken a whale,0
a seal,484,an eagle an ostrich,0
a seal,484,an eagle a penguin,0
a seal,484,an eagle a salmon,0
a seal,484,an eagle a dolphin,0
a seal,484,an eagle a whale,0
a seal,484,an ostrich a penguin,0
a seal,484,an ostrich a salmon,0
a seal,484,an ostrich a dolphin,0
a seal,484,an ostrich a whale,1
a seal,484,a penguin a salmon,0
a seal,484,a penguin a dolphin,0
a seal,484,a penguin a whale,0
a seal,484,a salmon a dolphin,0
a seal,484,a salmon a whale,0
a seal,484,a dolphin a whale,0
a chicken,485,a finch a robin,0
a chicken,485,a finch an eagle,0
a chicken,485,a finch an ostrich,0
a chicken,485,a finch a penguin,0
a chicken,485,a finch a salmon,0
a chicken,485,a finch a seal,0
a chicken,485,a finch a dolphin,0
a chicken,485,a finch a whale,0
a chicken,485,a robin an eagle,0
a chicken,485,a robin an ostrich,0
a chicken,485,a robin a penguin,0
a chicken,485,a robin a salmon,0
a chicken,485,a robin a seal,0
a chicken,485,a robin a dolphin,0
a chicken,485,a robin a whale,0
a chicken,485,an eagle an ostrich,0
a chicken,485,an eagle a penguin,0
a chicken,485,an eagle a salmon,0
a chicken,485,an eagle a seal,0
a chicken,485,an eagle a dolphin,0
a chicken,485,an eagle a whale,0
a chicken,485,an ostrich a penguin,0
a chicken,485,an ostrich a salmon,0
a chicken,485,an ostrich a seal,0
a chicken,485,an ostrich a dolphin,0
a chicken,485,an ostrich a whale,0
a chicken,485,a penguin a salmon,0
a chicken,485,a penguin a seal,0
a chicken,485,a penguin a whale,0
a chicken,485,a salmon a seal,0
a chicken,485,a salmon a dolphin,1
a chicken,485,a salmon a whale,0
a chicken,485,a seal a dolphin,0
a chicken,485,a seal a whale,0
a chicken,485,a dolphin a whale,0
a finch,486,a robin a chicken,0
a finch,486,a robin an eagle,0
a finch,486,a robin an ostrich,0
a finch,486,a robin a penguin,0
a finch,486,a robin a salmon,0
a finch,486,a robin a seal,0
a finch,486,a robin a dolphin,0
a finch,486,a robin a whale,0
a finch,486,a chicken an eagle,0
a finch,486,a chicken an ostrich,0
a finch,486,a chicken a penguin,0
a finch,486,a chicken a salmon,0
a finch,486,a chicken a seal,0
a finch,486,a chicken a dolphin,0
a finch,486,a chicken a whale,0
a finch,486,an eagle an ostrich,0
a finch,486,an eagle a penguin,0
a finch,486,an eagle a salmon,0
a finch,486,an eagle a seal,0
a finch,486,an eagle a dolphin,0
a finch,486,an eagle a whale,0
a finch,486,an ostrich a penguin,0
a finch,486,an ostrich a salmon,0
a finch,486,an ostrich a seal,0
a finch,486,an ostrich a dolphin,0
a finch,486,an ostrich a whale,0
a finch,486,a penguin a seal,0
a finch,486,a penguin a dolphin,0
a finch,486,a penguin a whale,0
a finch,486,a salmon a seal,0
a finch,486,a salmon a dolphin,0
a finch,486,a salmon a whale,0
a finch,486,a seal a dolphin,0
a finch,486,a dolphin a whale,0
a chicken,487,a finch a robin,0
a chicken,487,a finch an eagle,0
a chicken,487,a finch an ostrich,0
a chicken,487,a finch a penguin,0
a chicken,487,a finch a salmon,0
a chicken,487,a finch a seal,0
a chicken,487,a finch a dolphin,0
a chicken,487,a finch a whale,0
a chicken,487,a robin an eagle,0
a chicken,487,a robin an ostrich,0
a chicken,487,a robin a penguin,0
a chicken,487,a robin a salmon,0
a chicken,487,a robin a seal,0
a chicken,487,a robin a dolphin,0
a chicken,487,a robin a whale,0
a chicken,487,an eagle an ostrich,0
a chicken,487,an eagle a penguin,0
a chicken,487,an eagle a salmon,0
a chicken,487,an eagle a seal,0
a chicken,487,an eagle a dolphin,0
a chicken,487,an eagle a whale,0
a chicken,487,an ostrich a penguin,0
a chicken,487,an ostrich a salmon,0
a chicken,487,an ostrich a seal,0
a chicken,487,an ostrich a dolphin,0
a chicken,487,an ostrich a whale,0
a chicken,487,a penguin a salmon,0
a chicken,487,a penguin a seal,0
a chicken,487,a penguin a dolphin,0
a chicken,487,a penguin a whale,0
a chicken,487,a salmon a seal,0
a chicken,487,a salmon a dolphin,0
a chicken,487,a salmon a whale,0
a chicken,487,a seal a whale,0
a chicken,487,a dolphin a whale,0
an eagle,488,a finch a robin,0
an eagle,488,a finch a chicken,0
an eagle,488,a finch an ostrich,0
an eagle,488,a finch a penguin,0
an eagle,488,a finch a salmon,0
an eagle,488,a finch a seal,0
an eagle,488,a finch a dolphin,0
an eagle,488,a finch a whale,0
an eagle,488,a robin a chicken,0
an eagle,488,a robin an ostrich,0
an eagle,488,a robin a penguin,0
an eagle,488,a robin a salmon,0
an eagle,488,a robin a seal,0
an eagle,488,a robin a dolphin,0
an eagle,488,a robin a whale,0
an eagle,488,a chicken an ostrich,0
an eagle,488,a chicken a penguin,0
an eagle,488,a chicken a salmon,0
an eagle,488,a chicken a seal,0
an eagle,488,a chicken a dolphin,0
an eagle,488,a chicken a whale,0
an eagle,488,an ostrich a penguin,0
an eagle,488,an ostrich a salmon,0
an eagle,488,an ostrich a seal,0
an eagle,488,an ostrich a dolphin,0
an eagle,488,an ostrich a whale,0
an eagle,488,a penguin a seal,0
an eagle,488,a salmon a seal,0
an eagle,488,a salmon a dolphin,0
an eagle,488,a salmon a whale,0
an eagle,488,a dolphin a whale,0
a robin,489,a finch a chicken,0
a robin,489,a finch an eagle,0
a robin,489,a finch an ostrich,0
a robin,489,a finch a penguin,0
a robin,489,a finch a salmon,0
a robin,489,a finch a seal,0
a robin,489,a finch a dolphin,0
a robin,489,a finch a whale,0
a robin,489,a chicken an eagle,0
a robin,489,a chicken an ostrich,0
a robin,489,a chicken a penguin,0
a robin,489,a chicken a salmon,0
a robin,489,a chicken a seal,0
a robin,489,a chicken a dolphin,0
a robin,489,a chicken a whale,0
a robin,489,an eagle an ostrich,0
a robin,489,an eagle a penguin,0
a robin,489,an eagle a salmon,0
a robin,489,an eagle a seal,0
a robin,489,an eagle a dolphin,0
a robin,489,an eagle a whale,0
a robin,489,an ostrich a penguin,0
a robin,489,an ostrich a salmon,0
a robin,489,an ostrich a seal,0
a robin,489,an ostrich a dolphin,0
a robin,489,an ostrich a whale,0
a robin,489,a penguin a salmon,0
a robin,489,a penguin a seal,0
a robin,489,a penguin a dolphin,0
a robin,489,a penguin a whale,0
a robin,489,a salmon a seal,0
a robin,489,a salmon a whale,0
a robin,489,a seal a dolphin,0
a robin,489,a seal a whale,0
a robin,489,a dolphin a whale,0
a finch,490,a robin a chicken,0
a finch,490,a robin an eagle,0
a finch,490,a robin an ostrich,0
a finch,490,a robin a penguin,0
a finch,490,a robin a salmon,0
a finch,490,a robin a seal,0
a finch,490,a robin a dolphin,0
a finch,490,a robin a whale,0
a finch,490,a chicken an eagle,0
a finch,490,a chicken an ostrich,0
a finch,490,a chicken a penguin,0
a finch,490,a chicken a salmon,0
a finch,490,a chicken a seal,0
a finch,490,a chicken a dolphin,0
a finch,490,a chicken a whale,0
a finch,490,an eagle an ostrich,0
a finch,490,an eagle a penguin,0
a finch,490,an eagle a salmon,0
a finch,490,an eagle a seal,0
a finch,490,an eagle a dolphin,0
a finch,490,an eagle a whale,0
a finch,490,an ostrich a penguin,0
a finch,490,an ostrich a salmon,0
a finch,490,an ostrich a seal,0
a finch,490,an ostrich a dolphin,0
a finch,490,an ostrich a whale,0
a finch,490,a penguin a salmon,0
a finch,490,a penguin a seal,0
a finch,490,a penguin a dolphin,0
a finch,490,a penguin a whale,0
a finch,490,a salmon a seal,0
a finch,490,a salmon a dolphin,1
a finch,490,a salmon a whale,0
a finch,490,a seal a dolphin,0
a finch,490,a seal a whale,0
a finch,490,a dolphin a whale,0
a salmon,491,a finch a robin,0
a salmon,491,a finch a chicken,0
a salmon,491,a finch an eagle,0
a salmon,491,a finch an ostrich,0
a salmon,491,a finch a penguin,0
a salmon,491,a finch a seal,1
a salmon,491,a finch a dolphin,0
a salmon,491,a finch a whale,0
a salmon,491,a robin a chicken,0
a salmon,491,a robin an eagle,0
a salmon,491,a robin an ostrich,0
a salmon,491,a robin a penguin,0
a salmon,491,a robin a seal,0
a salmon,491,a robin a dolphin,0
a salmon,491,a robin a whale,0
a salmon,491,a chicken an eagle,0
a salmon,491,a chicken an ostrich,0
a salmon,491,a chicken a penguin,0
a salmon,491,a chicken a seal,1
a salmon,491,a chicken a dolphin,0
a salmon,491,a chicken a whale,0
a salmon,491,an eagle an ostrich,0
a salmon,491,an eagle a penguin,0
a salmon,491,an eagle a seal,1
a salmon,491,an eagle a dolphin,0
a salmon,491,an eagle a whale,0
a salmon,491,an ostrich a penguin,0
a salmon,491,an ostrich a seal,1
a salmon,491,an ostrich a dolphin,0
a salmon,491,an ostrich a whale,0
a salmon,491,a penguin a seal,1
a salmon,491,a penguin a dolphin,0
a salmon,491,a penguin a whale,0
a salmon,491,a seal a dolphin,0
a salmon,491,a seal a whale,0
a salmon,491,a dolphin a whale,0
a seal,492,a finch a robin,0
a seal,492,a finch a chicken,0
a seal,492,a finch an eagle,0
a seal,492,a finch an ostrich,0
a seal,492,a finch a penguin,0
a seal,492,a finch a salmon,0
a seal,492,a finch a dolphin,0
a seal,492,a finch a whale,0
a seal,492,a robin a chicken,0
a seal,492,a robin an eagle,1
a seal,492,a robin an ostrich,0
a seal,492,a robin a penguin,0
a seal,492,a robin a salmon,0
a seal,492,a robin a dolphin,0
a seal,492,a robin a whale,0
a seal,492,a chicken an ostrich,0
a seal,492,a chicken a penguin,0
a seal,492,a chicken a salmon,0
a seal,492,a chicken a dolphin,0
a seal,492,a chicken a whale,0
a seal,492,an eagle an ostrich,0
a seal,492,an eagle a penguin,0
a seal,492,an eagle a salmon,1
a seal,492,an eagle a dolphin,0
a seal,492,an eagle a whale,0
a seal,492,an ostrich a penguin,0
a seal,492,an ostrich a salmon,0
a seal,492,an ostrich a dolphin,0
a seal,492,an ostrich a whale,1
a seal,492,a penguin a salmon,0
a seal,492,a penguin a dolphin,0
a seal,492,a penguin a whale,0
a seal,492,a salmon a dolphin,0
a seal,492,a salmon a whale,0
a seal,492,a dolphin a whale,0
a salmon,493,a finch a robin,0
a salmon,493,a finch a chicken,0
a salmon,493,a finch an eagle,0
a salmon,493,a finch an ostrich,0
a salmon,493,a finch a penguin,0
a salmon,493,a finch a seal,0
a salmon,493,a finch a dolphin,0
a salmon,493,a finch a whale,0
a salmon,493,a robin a chicken,0
a salmon,493,a robin an eagle,0
a salmon,493,a robin an ostrich,0
a salmon,493,a robin a penguin,0
a salmon,493,a robin a seal,0
a salmon,493,a robin a dolphin,0
a salmon,493,a robin a whale,0
a salmon,493,a chicken an eagle,0
a salmon,493,a chicken an ostrich,0
a salmon,493,a chicken a penguin,0
a salmon,493,a chicken a seal,1
a salmon,493,a chicken a dolphin,0
a salmon,493,a chicken a whale,0
a salmon,493,an eagle an ostrich,0
a salmon,493,an eagle a penguin,0
a salmon,493,an eagle a seal,1
a salmon,493,an eagle a dolphin,0
a salmon,493,an eagle a whale,1
a salmon,493,an ostrich a penguin,0
a salmon,493,an ostrich a seal,1
a salmon,493,an ostrich a dolphin,0
a salmon,493,an ostrich a whale,0
a salmon,493,a penguin a dolphin,0
a salmon,493,a penguin a whale,0
a salmon,493,a seal a dolphin,0
a salmon,493,a seal a whale,0
a salmon,493,a dolphin a whale,0
an ostrich,494,a finch a robin,0
an ostrich,494,a finch a chicken,0
an ostrich,494,a finch an eagle,1
an ostrich,494,a finch a penguin,0
an ostrich,494,a finch a salmon,0
an ostrich,494,a finch a seal,0
an ostrich,494,a finch a dolphin,0
an ostrich,494,a finch a whale,0
an ostrich,494,a robin a chicken,0
an ostrich,494,a robin an eagle,0
an ostrich,494,a robin a penguin,0
an ostrich,494,a robin a salmon,0
an ostrich,494,a robin a seal,0
an ostrich,494,a robin a dolphin,0
an ostrich,494,a robin a whale,0
an ostrich,494,a chicken an eagle,0
an ostrich,494,a chicken a penguin,0
an ostrich,494,a chicken a salmon,0
an ostrich,494,a chicken a seal,0
an ostrich,494,a chicken a dolphin,0
an ostrich,494,a chicken a whale,0
an ostrich,494,an eagle a penguin,0
an ostrich,494,an eagle a salmon,0
an ostrich,494,an eagle a seal,0
an ostrich,494,an eagle a dolphin,0
an ostrich,494,an eagle a whale,0
an ostrich,494,a penguin a salmon,0
an ostrich,494,a penguin a seal,0
an ostrich,494,a penguin a dolphin,0
an ostrich,494,a penguin a whale,0
an ostrich,494,a salmon a seal,0
an ostrich,494,a salmon a dolphin,0
an ostrich,494,a salmon a whale,0
an ostrich,494,a seal a dolphin,0
an ostrich,494,a seal a whale,0
an ostrich,494,a dolphin a whale,0
a finch,495,a robin a chicken,0
a finch,495,a robin an eagle,0
a finch,495,a robin an ostrich,0
a finch,495,a robin a penguin,0
a finch,495,a robin a salmon,0
a finch,495,a robin a seal,0
a finch,495,a robin a dolphin,0
a finch,495,a robin a whale,0
a finch,495,a chicken an eagle,0
a finch,495,a chicken an ostrich,0
a finch,495,a chicken a penguin,0
a finch,495,a chicken a salmon,0
a finch,495,a chicken a seal,0
a finch,495,a chicken a dolphin,0
a finch,495,a chicken a whale,0
a finch,495,an eagle an ostrich,0
a finch,495,an eagle a penguin,0
a finch,495,an eagle a salmon,0
a finch,495,an eagle a seal,0
a finch,495,an eagle a dolphin,0
a finch,495,an eagle a whale,0
a finch,495,an ostrich a penguin,0
a finch,495,an ostrich a salmon,0
a finch,495,an ostrich a seal,0
a finch,495,an ostrich a dolphin,0
a finch,495,an ostrich a whale,0
a finch,495,a penguin a salmon,0
a finch,495,a penguin a seal,0
a finch,495,a penguin a dolphin,0
a finch,495,a penguin a whale,0
a finch,495,a salmon a seal,0
a finch,495,a salmon a dolphin,0
a finch,495,a salmon a whale,0
a finch,495,a seal a dolphin,0
a finch,495,a seal a whale,0
a finch,495,a dolphin a whale,0
a salmon,496,a finch a robin,0
a salmon,496,a finch a chicken,0
a salmon,496,a finch an eagle,0
a salmon,496,a finch an ostrich,0
a salmon,496,a finch a penguin,0
a salmon,496,a finch a seal,1
a salmon,496,a finch a dolphin,0
a salmon,496,a finch a whale,0
a salmon,496,a robin a chicken,0
a salmon,496,a robin an eagle,0
a salmon,496,a robin an ostrich,0
a salmon,496,a robin a penguin,0
a salmon,496,a robin a seal,1
a salmon,496,a robin a dolphin,0
a salmon,496,a robin a whale,0
a salmon,496,a chicken an eagle,0
a salmon,496,a chicken an ostrich,0
a salmon,496,a chicken a penguin,0
a salmon,496,a chicken a seal,0
a salmon,496,a chicken a dolphin,0
a salmon,496,a chicken a whale,0
a salmon,496,an eagle an ostrich,0
a salmon,496,an eagle a penguin,0
a salmon,496,an eagle a seal,0
a salmon,496,an eagle a dolphin,0
a salmon,496,an eagle a whale,0
a salmon,496,an ostrich a penguin,0
a salmon,496,an ostrich a seal,0
a salmon,496,an ostrich a dolphin,0
a salmon,496,a penguin a seal,1
a salmon,496,a penguin a dolphin,0
a salmon,496,a penguin a whale,0
a salmon,496,a seal a whale,0
a salmon,496,a dolphin a whale,0
a salmon,497,a finch a robin,0
a salmon,497,a finch a chicken,0
a salmon,497,a finch an eagle,1
a salmon,497,a finch an ostrich,0
a salmon,497,a finch a penguin,0
a salmon,497,a finch a seal,0
a salmon,497,a finch a dolphin,0
a salmon,497,a finch a whale,0
a salmon,497,a robin a chicken,0
a salmon,497,a robin an eagle,0
a salmon,497,a robin an ostrich,0
a salmon,497,a robin a seal,1
a salmon,497,a robin a dolphin,1
a salmon,497,a robin a whale,0
a salmon,497,a chicken an eagle,0
a salmon,497,a chicken an ostrich,0
a salmon,497,a chicken a penguin,0
a salmon,497,a chicken a seal,1
a salmon,497,a chicken a dolphin,0
a salmon,497,a chicken a whale,0
a salmon,497,an eagle an ostrich,0
a salmon,497,an eagle a penguin,0
a salmon,497,an eagle a seal,1
a salmon,497,an eagle a dolphin,0
a salmon,497,an eagle a whale,0
a salmon,497,an ostrich a penguin,0
a salmon,497,an ostrich a whale,0
a salmon,497,a penguin a seal,1
a salmon,497,a penguin a dolphin,0
a salmon,497,a penguin a whale,1
a salmon,497,a seal a dolphin,0
a salmon,497,a seal a whale,0
a salmon,497,a dolphin a whale,0
a dolphin,498,a finch a robin,0
a dolphin,498,a finch a chicken,1
a dolphin,498,a finch an eagle,0
a dolphin,498,a finch an ostrich,0
a dolphin,498,a finch a penguin,0
a dolphin,498,a finch a salmon,0
a dolphin,498,a finch a seal,0
a dolphin,498,a finch a whale,0
a dolphin,498,a robin a chicken,1
a dolphin,498,a robin an eagle,0
a dolphin,498,a robin an ostrich,0
a dolphin,498,a robin a penguin,0
a dolphin,498,a robin a salmon,0
a dolphin,498,a robin a seal,1
a dolphin,498,a robin a whale,0
a dolphin,498,a chicken an eagle,0
a dolphin,498,a chicken an ostrich,0
a dolphin,498,a chicken a penguin,0
a dolphin,498,a chicken a salmon,0
a dolphin,498,a chicken a seal,0
a dolphin,498,a chicken a whale,0
a dolphin,498,an eagle an ostrich,0
a dolphin,498,an eagle a salmon,0
a dolphin,498,an eagle a seal,1
a dolphin,498,an eagle a whale,1
a dolphin,498,an ostrich a penguin,0
a dolphin,498,an ostrich a salmon,0
a dolphin,498,an ostrich a seal,1
a dolphin,498,an ostrich a whale,0
a dolphin,498,a penguin a salmon,0
a dolphin,498,a penguin a whale,1
a dolphin,498,a salmon a seal,1
a dolphin,498,a salmon a whale,1
a dolphin,498,a seal a whale,0
a chicken,499,a finch a robin,0
a chicken,499,a finch an eagle,0
a chicken,499,a finch an ostrich,0
a chicken,499,a finch a penguin,0
a chicken,499,a finch a salmon,0
a chicken,499,a finch a seal,0
a chicken,499,a finch a dolphin,0
a chicken,499,a finch a whale,0
a chicken,499,a robin an eagle,0
a chicken,499,a robin an ostrich,0
a chicken,499,a robin a penguin,0
a chicken,499,a robin a salmon,0
a chicken,499,a robin a seal,0
a chicken,499,a robin a dolphin,0
a chicken,499,a robin a whale,0
a chicken,499,an eagle an ostrich,0
a chicken,499,an eagle a penguin,0
a chicken,499,an eagle a salmon,0
a chicken,499,an eagle a seal,0
a chicken,499,an eagle a dolphin,0
a chicken,499,an eagle a whale,0
a chicken,499,an ostrich a penguin,0
a chicken,499,an ostrich a salmon,0
a chicken,499,an ostrich a dolphin,0
a chicken,499,an ostrich a whale,0
a chicken,499,a penguin a salmon,0
a chicken,499,a penguin a seal,0
a chicken,499,a penguin a dolphin,0
a chicken,499,a penguin a whale,0
a chicken,499,a salmon a seal,0
a chicken,499,a salmon a dolphin,0
a chicken,499,a salmon a whale,0
a chicken,499,a seal a dolphin,0
a chicken,499,a seal a whale,0
a chicken,499,a dolphin a whale,0
a dolphin,500,a finch a robin,0
a dolphin,500,a finch a chicken,0
a dolphin,500,a finch an eagle,0
a dolphin,500,a finch an ostrich,0
a dolphin,500,a finch a penguin,0
a dolphin,500,a finch a salmon,0
a dolphin,500,a finch a seal,1
a dolphin,500,a finch a whale,0
a dolphin,500,a robin a chicken,0
a dolphin,500,a robin an eagle,0
a dolphin,500,a robin an ostrich,0
a dolphin,500,a robin a penguin,1
a dolphin,500,a robin a salmon,0
a dolphin,500,a robin a seal,0
a dolphin,500,a robin a whale,0
a dolphin,500,a chicken an eagle,0
a dolphin,500,a chicken an ostrich,0
a dolphin,500,a chicken a penguin,0
a dolphin,500,a chicken a salmon,0
a dolphin,500,a chicken a seal,0
a dolphin,500,a chicken a whale,0
a dolphin,500,an eagle a salmon,0
a dolphin,500,an eagle a seal,1
a dolphin,500,an eagle a whale,0
a dolphin,500,an ostrich a penguin,0
a dolphin,500,an ostrich a seal,0
a dolphin,500,an ostrich a whale,0
a dolphin,500,a penguin a seal,1
a dolphin,500,a penguin a whale,0
a dolphin,500,a salmon a seal,1
a dolphin,500,a salmon a whale,0
a dolphin,500,a seal a whale,0
a finch,501,a robin a chicken,0
a finch,501,a robin an eagle,0
a finch,501,a robin an ostrich,0
a finch,501,a robin a penguin,0
a finch,501,a robin a salmon,0
a finch,501,a robin a seal,0
a finch,501,a robin a dolphin,0
a finch,501,a robin a whale,0
a finch,501,a chicken an eagle,0
a finch,501,a chicken an ostrich,0
a finch,501,a chicken a penguin,0
a finch,501,a chicken a salmon,0
a finch,501,a chicken a seal,0
a finch,501,a chicken a dolphin,0
a finch,501,a chicken a whale,0
a finch,501,an eagle an ostrich,0
a finch,501,an eagle a penguin,0
a finch,501,an eagle a salmon,0
a finch,501,an eagle a seal,0
a finch,501,an eagle a dolphin,0
a finch,501,an eagle a whale,0
a finch,501,an ostrich a penguin,0
a finch,501,an ostrich a salmon,0
a finch,501,an ostrich a seal,0
a finch,501,an ostrich a dolphin,0
a finch,501,an ostrich a whale,0
a finch,501,a penguin a salmon,0
a finch,501,a penguin a seal,0
a finch,501,a penguin a dolphin,0
a finch,501,a penguin a whale,0
a finch,501,a salmon a seal,0
a finch,501,a salmon a dolphin,0
a finch,501,a salmon a whale,0
a finch,501,a seal a dolphin,0
a finch,501,a seal a whale,0
a finch,501,a dolphin a whale,0
a finch,502,a robin a chicken,0
a finch,502,a robin an eagle,0
a finch,502,a robin an ostrich,0
a finch,502,a robin a penguin,0
a finch,502,a robin a salmon,0
a finch,502,a robin a seal,0
a finch,502,a robin a dolphin,0
a finch,502,a robin a whale,0
a finch,502,a chicken an eagle,0
a finch,502,a chicken an ostrich,0
a finch,502,a chicken a penguin,0
a finch,502,a chicken a salmon,0
a finch,502,a chicken a seal,0
a finch,502,a chicken a dolphin,0
a finch,502,a chicken a whale,0
a finch,502,an eagle an ostrich,0
a finch,502,an eagle a penguin,0
a finch,502,an eagle a salmon,0
a finch,502,an eagle a seal,0
a finch,502,an eagle a dolphin,0
a finch,502,an eagle a whale,0
a finch,502,an ostrich a penguin,0
a finch,502,an ostrich a salmon,0
a finch,502,an ostrich a seal,0
a finch,502,an ostrich a dolphin,0
a finch,502,an ostrich a whale,0
a finch,502,a penguin a salmon,0
a finch,502,a penguin a seal,0
a finch,502,a penguin a dolphin,0
a finch,502,a penguin a whale,0
a finch,502,a salmon a dolphin,0
a finch,502,a salmon a whale,0
a finch,502,a seal a dolphin,0
a finch,502,a seal a whale,0
a finch,502,a dolphin a whale,0
an eagle,503,a finch a robin,0
an eagle,503,a finch a chicken,0
an eagle,503,a finch an ostrich,0
an eagle,503,a finch a penguin,0
an eagle,503,a finch a salmon,0
an eagle,503,a finch a seal,0
an eagle,503,a finch a dolphin,0
an eagle,503,a finch a whale,0
an eagle,503,a robin a chicken,0
an eagle,503,a robin an ostrich,0
an eagle,503,a robin a penguin,0
an eagle,503,a robin a salmon,0
an eagle,503,a robin a seal,0
an eagle,503,a robin a dolphin,0
an eagle,503,a robin a whale,0
an eagle,503,a chicken an ostrich,0
an eagle,503,a chicken a penguin,0
an eagle,503,a chicken a salmon,0
an eagle,503,a chicken a seal,0
an eagle,503,a chicken a dolphin,0
an eagle,503,a chicken a whale,0
an eagle,503,an ostrich a penguin,0
an eagle,503,an ostrich a salmon,0
an eagle,503,an ostrich a dolphin,0
an eagle,503,an ostrich a whale,0
an eagle,503,a penguin a salmon,0
an eagle,503,a penguin a dolphin,0
an eagle,503,a penguin a whale,0
an eagle,503,a salmon a seal,0
an eagle,503,a salmon a dolphin,0
an eagle,503,a salmon a whale,0
an eagle,503,a seal a dolphin,0
an eagle,503,a seal a whale,0
an eagle,503,a dolphin a whale,0
a dolphin,504,a finch a robin,0
a dolphin,504,a finch a chicken,0
a dolphin,504,a finch an eagle,0
a dolphin,504,a finch an ostrich,0
a dolphin,504,a finch a penguin,0
a dolphin,504,a finch a salmon,1
a dolphin,504,a finch a seal,0
a dolphin,504,a finch a whale,0
a dolphin,504,a robin a chicken,0
a dolphin,504,a robin an eagle,0
a dolphin,504,a robin an ostrich,0
a dolphin,504,a robin a penguin,0
a dolphin,504,a robin a salmon,0
a dolphin,504,a robin a seal,1
a dolphin,504,a robin a whale,0
a dolphin,504,a chicken an eagle,0
a dolphin,504,a chicken an ostrich,0
a dolphin,504,a chicken a penguin,0
a dolphin,504,a chicken a salmon,1
a dolphin,504,a chicken a seal,0
a dolphin,504,a chicken a whale,0
a dolphin,504,an eagle an ostrich,0
a dolphin,504,an eagle a penguin,0
a dolphin,504,an eagle a salmon,0
a dolphin,504,an eagle a whale,1
a dolphin,504,an ostrich a penguin,0
a dolphin,504,an ostrich a salmon,0
a dolphin,504,an ostrich a seal,1
a dolphin,504,an ostrich a whale,0
a dolphin,504,a penguin a salmon,0
a dolphin,504,a penguin a seal,1
a dolphin,504,a penguin a whale,1
a dolphin,504,a salmon a seal,0
a dolphin,504,a salmon a whale,1
a dolphin,504,a seal a whale,0
a penguin,505,a finch a robin,0
a penguin,505,a finch a chicken,0
a penguin,505,a finch an eagle,0
a penguin,505,a finch an ostrich,0
a penguin,505,a finch a salmon,0
a penguin,505,a finch a seal,1
a penguin,505,a finch a dolphin,0
a penguin,505,a finch a whale,0
a penguin,505,a robin a chicken,0
a penguin,505,a robin an eagle,0
a penguin,505,a robin an ostrich,0
a penguin,505,a robin a salmon,0
a penguin,505,a robin a seal,1
a penguin,505,a robin a dolphin,0
a penguin,505,a robin a whale,0
a penguin,505,a chicken an eagle,0
a penguin,505,a chicken an ostrich,0
a penguin,505,a chicken a salmon,0
a penguin,505,a chicken a seal,0
a penguin,505,a chicken a dolphin,0
a penguin,505,a chicken a whale,0
a penguin,505,an eagle an ostrich,0
a penguin,505,an eagle a salmon,0
a penguin,505,an eagle a seal,1
a penguin,505,an eagle a dolphin,0
a penguin,505,an eagle a whale,1
a penguin,505,an ostrich a salmon,0
a penguin,505,an ostrich a seal,1
a penguin,505,an ostrich a dolphin,0
a penguin,505,an ostrich a whale,0
a penguin,505,a salmon a seal,1
a penguin,505,a salmon a dolphin,0
a penguin,505,a salmon a whale,0
a penguin,505,a seal a dolphin,0
a penguin,505,a seal a whale,0
a penguin,505,a dolphin a whale,0
a chicken,506,a finch a robin,0
a chicken,506,a finch an eagle,0
a chicken,506,a finch an ostrich,0
a chicken,506,a finch a penguin,0
a chicken,506,a finch a salmon,0
a chicken,506,a finch a seal,0
a chicken,506,a finch a dolphin,0
a chicken,506,a finch a whale,0
a chicken,506,a robin an eagle,0
a chicken,506,a robin an ostrich,0
a chicken,506,a robin a penguin,0
a chicken,506,a robin a salmon,0
a chicken,506,a robin a seal,0
a chicken,506,a robin a dolphin,0
a chicken,506,a robin a whale,0
a chicken,506,an eagle an ostrich,0
a chicken,506,an eagle a penguin,0
a chicken,506,an eagle a salmon,0
a chicken,506,an eagle a seal,0
a chicken,506,an eagle a dolphin,0
a chicken,506,an eagle a whale,0
a chicken,506,an ostrich a penguin,0
a chicken,506,an ostrich a salmon,0
a chicken,506,an ostrich a seal,0
a chicken,506,an ostrich a dolphin,0
a chicken,506,an ostrich a whale,0
a chicken,506,a penguin a salmon,0
a chicken,506,a penguin a seal,0
a chicken,506,a penguin a whale,0
a chicken,506,a salmon a seal,0
a chicken,506,a salmon a dolphin,0
a chicken,506,a salmon a whale,0
a chicken,506,a seal a dolphin,0
a chicken,506,a seal a whale,0
a chicken,506,a dolphin a whale,0
a finch,507,a robin a chicken,0
a finch,507,a robin an eagle,0
a finch,507,a robin an ostrich,0
a finch,507,a robin a penguin,0
a finch,507,a robin a salmon,0
a finch,507,a robin a seal,0
a finch,507,a robin a dolphin,0
a finch,507,a robin a whale,0
a finch,507,a chicken an eagle,0
a finch,507,a chicken an ostrich,0
a finch,507,a chicken a penguin,0
a finch,507,a chicken a salmon,0
a finch,507,a chicken a seal,0
a finch,507,a chicken a dolphin,0
a finch,507,a chicken a whale,0
a finch,507,an eagle an ostrich,0
a finch,507,an eagle a penguin,0
a finch,507,an eagle a salmon,0
a finch,507,an eagle a seal,0
a finch,507,an eagle a dolphin,0
a finch,507,an eagle a whale,0
a finch,507,an ostrich a penguin,0
a finch,507,an ostrich a salmon,0
a finch,507,an ostrich a seal,0
a finch,507,an ostrich a dolphin,0
a finch,507,an ostrich a whale,0
a finch,507,a penguin a salmon,0
a finch,507,a penguin a seal,0
a finch,507,a penguin a dolphin,0
a finch,507,a penguin a whale,0
a finch,507,a salmon a seal,0
a finch,507,a salmon a dolphin,0
a finch,507,a salmon a whale,0
a finch,507,a seal a dolphin,0
a finch,507,a seal a whale,0
a finch,507,a dolphin a whale,0
an eagle,508,a finch a robin,0
an eagle,508,a finch a chicken,0
an eagle,508,a finch an ostrich,0
an eagle,508,a finch a penguin,0
an eagle,508,a finch a salmon,0
an eagle,508,a finch a seal,0
an eagle,508,a finch a dolphin,0
an eagle,508,a finch a whale,0
an eagle,508,a robin a chicken,0
an eagle,508,a robin an ostrich,1
an eagle,508,a robin a penguin,0
an eagle,508,a robin a salmon,0
an eagle,508,a robin a seal,0
an eagle,508,a robin a dolphin,0
an eagle,508,a robin a whale,0
an eagle,508,a chicken an ostrich,0
an eagle,508,a chicken a penguin,0
an eagle,508,a chicken a salmon,0
an eagle,508,a chicken a seal,0
an eagle,508,a chicken a dolphin,0
an eagle,508,a chicken a whale,0
an eagle,508,an ostrich a penguin,0
an eagle,508,an ostrich a seal,0
an eagle,508,an ostrich a whale,0
an eagle,508,a penguin a salmon,0
an eagle,508,a penguin a seal,0
an eagle,508,a penguin a dolphin,0
an eagle,508,a salmon a seal,0
an eagle,508,a salmon a dolphin,0
an eagle,508,a salmon a whale,0
an eagle,508,a seal a dolphin,0
an eagle,508,a seal a whale,0
an eagle,508,a dolphin a whale,0
a dolphin,509,a finch a robin,0
a dolphin,509,a finch a chicken,0
a dolphin,509,a finch an eagle,0
a dolphin,509,a finch an ostrich,0
a dolphin,509,a finch a penguin,0
a dolphin,509,a finch a salmon,0
a dolphin,509,a finch a seal,1
a dolphin,509,a finch a whale,0
a dolphin,509,a robin a chicken,1
a dolphin,509,a robin an eagle,0
a dolphin,509,a robin an ostrich,0
a dolphin,509,a robin a penguin,0
a dolphin,509,a robin a salmon,0
a dolphin,509,a robin a seal,0
a dolphin,509,a robin a whale,0
a dolphin,509,a chicken an eagle,0
a dolphin,509,a chicken an ostrich,0
a dolphin,509,a chicken a penguin,0
a dolphin,509,a chicken a salmon,0
a dolphin,509,a chicken a seal,0
a dolphin,509,a chicken a whale,0
a dolphin,509,an eagle a penguin,0
a dolphin,509,an eagle a salmon,0
a dolphin,509,an eagle a seal,1
a dolphin,509,an eagle a whale,0
a dolphin,509,an ostrich a penguin,0
a dolphin,509,an ostrich a salmon,0
a dolphin,509,an ostrich a seal,0
a dolphin,509,an ostrich a whale,0
a dolphin,509,a penguin a salmon,0
a dolphin,509,a penguin a seal,1
a dolphin,509,a penguin a whale,0
a dolphin,509,a salmon a seal,0
a dolphin,509,a salmon a whale,0
a dolphin,509,a seal a whale,0
a chicken,510,a finch a robin,0
a chicken,510,a finch an eagle,0
a chicken,510,a finch an ostrich,0
a chicken,510,a finch a penguin,0
a chicken,510,a finch a salmon,0
a chicken,510,a finch a seal,0
a chicken,510,a finch a dolphin,0
a chicken,510,a finch a whale,0
a chicken,510,a robin an eagle,0
a chicken,510,a robin an ostrich,0
a chicken,510,a robin a penguin,0
a chicken,510,a robin a salmon,0
a chicken,510,a robin a seal,0
a chicken,510,a robin a dolphin,0
a chicken,510,a robin a whale,0
a chicken,510,an eagle an ostrich,0
a chicken,510,an eagle a penguin,0
a chicken,510,an eagle a salmon,0
a chicken,510,an eagle a seal,0
a chicken,510,an eagle a dolphin,0
a chicken,510,an eagle a whale,0
a chicken,510,an ostrich a penguin,0
a chicken,510,an ostrich a salmon,0
a chicken,510,an ostrich a seal,0
a chicken,510,an ostrich a dolphin,0
a chicken,510,an ostrich a whale,0
a chicken,510,a penguin a salmon,0
a chicken,510,a penguin a seal,0
a chicken,510,a penguin a dolphin,0
a chicken,510,a penguin a whale,0
a chicken,510,a salmon a seal,0
a chicken,510,a salmon a dolphin,0
a chicken,510,a salmon a whale,0
a chicken,510,a seal a dolphin,0
a chicken,510,a seal a whale,0
a chicken,510,a dolphin a whale,0
a dolphin,511,a finch a robin,0
a dolphin,511,a finch a chicken,0
a dolphin,511,a finch an eagle,0
a dolphin,511,a finch an ostrich,0
a dolphin,511,a finch a penguin,0
a dolphin,511,a finch a salmon,0
a dolphin,511,a finch a seal,1
a dolphin,511,a finch a whale,0
a dolphin,511,a robin a chicken,0
a dolphin,511,a robin an eagle,0
a dolphin,511,a robin an ostrich,0
a dolphin,511,a robin a penguin,0
a dolphin,511,a robin a salmon,0
a dolphin,511,a robin a seal,0
a dolphin,511,a robin a whale,0
a dolphin,511,a chicken an eagle,0
a dolphin,511,a chicken an ostrich,0
a dolphin,511,a chicken a penguin,0
a dolphin,511,a chicken a salmon,1
a dolphin,511,a chicken a seal,0
a dolphin,511,a chicken a whale,0
a dolphin,511,an eagle an ostrich,0
a dolphin,511,an eagle a penguin,0
a dolphin,511,an eagle a salmon,0
a dolphin,511,an eagle a seal,0
a dolphin,511,an eagle a whale,0
a dolphin,511,an ostrich a penguin,0
a dolphin,511,an ostrich a seal,0
a dolphin,511,an ostrich a whale,0
a dolphin,511,a penguin a seal,1
a dolphin,511,a penguin a whale,0
a dolphin,511,a salmon a seal,0
a dolphin,511,a salmon a whale,0
a dolphin,511,a seal a whale,0
a salmon,512,a finch a robin,0
a salmon,512,a finch a chicken,0
a salmon,512,a finch an eagle,0
a salmon,512,a finch an ostrich,0
a salmon,512,a finch a penguin,0
a salmon,512,a finch a seal,0
a salmon,512,a finch a dolphin,0
a salmon,512,a finch a whale,0
a salmon,512,a robin a chicken,0
a salmon,512,a robin an eagle,0
a salmon,512,a robin an ostrich,0
a salmon,512,a robin a penguin,0
a salmon,512,a robin a seal,1
a salmon,512,a robin a dolphin,0
a salmon,512,a robin a whale,0
a salmon,512,a chicken an eagle,0
a salmon,512,a chicken an ostrich,0
a salmon,512,a chicken a penguin,0
a salmon,512,a chicken a seal,1
a salmon,512,a chicken a whale,0
a salmon,512,an eagle an ostrich,0
a salmon,512,an eagle a penguin,0
a salmon,512,an eagle a seal,0
a salmon,512,an eagle a dolphin,0
a salmon,512,an eagle a whale,0
a salmon,512,an ostrich a penguin,0
a salmon,512,an ostrich a seal,0
a salmon,512,an ostrich a whale,0
a salmon,512,a penguin a seal,0
a salmon,512,a penguin a whale,0
a salmon,512,a seal a dolphin,0
a salmon,512,a seal a whale,0
a salmon,512,a dolphin a whale,0
an eagle,513,a finch a robin,0
an eagle,513,a finch a chicken,0
an eagle,513,a finch an ostrich,0
an eagle,513,a finch a penguin,0
an eagle,513,a finch a salmon,0
an eagle,513,a finch a seal,1
an eagle,513,a finch a dolphin,0
an eagle,513,a finch a whale,0
an eagle,513,a robin a chicken,0
an eagle,513,a robin an ostrich,1
an eagle,513,a robin a penguin,0
an eagle,513,a robin a salmon,0
an eagle,513,a robin a seal,1
an eagle,513,a robin a dolphin,0
an eagle,513,a robin a whale,0
an eagle,513,a chicken an ostrich,0
an eagle,513,a chicken a penguin,0
an eagle,513,a chicken a salmon,0
an eagle,513,a chicken a seal,0
an eagle,513,a chicken a dolphin,0
an eagle,513,a chicken a whale,0
an eagle,513,an ostrich a penguin,0
an eagle,513,an ostrich a salmon,0
an eagle,513,an ostrich a seal,0
an eagle,513,an ostrich a dolphin,0
an eagle,513,an ostrich a whale,0
an eagle,513,a penguin a salmon,0
an eagle,513,a penguin a dolphin,0
an eagle,513,a penguin a whale,0
an eagle,513,a salmon a seal,0
an eagle,513,a salmon a dolphin,0
an eagle,513,a salmon a whale,0
an eagle,513,a seal a whale,0
an eagle,513,a dolphin a whale,0
a chicken,514,a finch a robin,0
a chicken,514,a finch an eagle,0
a chicken,514,a finch an ostrich,0
a chicken,514,a finch a penguin,0
a chicken,514,a finch a salmon,0
a chicken,514,a finch a seal,0
a chicken,514,a finch a dolphin,0
a chicken,514,a finch a whale,0
a chicken,514,a robin an eagle,0
a chicken,514,a robin an ostrich,0
a chicken,514,a robin a penguin,0
a chicken,514,a robin a salmon,0
a chicken,514,a robin a seal,0
a chicken,514,a robin a dolphin,0
a chicken,514,a robin a whale,0
a chicken,514,an eagle an ostrich,0
a chicken,514,an eagle a penguin,0
a chicken,514,an eagle a salmon,0
a chicken,514,an eagle a seal,0
a chicken,514,an eagle a dolphin,0
a chicken,514,an eagle a whale,0
a chicken,514,an ostrich a penguin,0
a chicken,514,an ostrich a salmon,0
a chicken,514,an ostrich a seal,0
a chicken,514,an ostrich a dolphin,0
a chicken,514,an ostrich a whale,0
a chicken,514,a penguin a salmon,0
a chicken,514,a penguin a seal,0
a chicken,514,a penguin a dolphin,0
a chicken,514,a penguin a whale,0
a chicken,514,a salmon a seal,0
a chicken,514,a salmon a dolphin,0
a chicken,514,a salmon a whale,0
a chicken,514,a seal a dolphin,0
a chicken,514,a seal a whale,0
a chicken,514,a dolphin a whale,0
a whale,515,a finch a robin,0
a whale,515,a finch a chicken,0
a whale,515,a finch an eagle,0
a whale,515,a finch an ostrich,0
a whale,515,a finch a penguin,0
a whale,515,a finch a salmon,0
a whale,515,a finch a seal,1
a whale,515,a finch a dolphin,0
a whale,515,a robin a chicken,0
a whale,515,a robin an eagle,0
a whale,515,a robin an ostrich,0
a whale,515,a robin a penguin,0
a whale,515,a robin a salmon,0
a whale,515,a robin a seal,1
a whale,515,a robin a dolphin,0
a whale,515,a chicken an eagle,0
a whale,515,a chicken an ostrich,0
a whale,515,a chicken a penguin,0
a whale,515,a chicken a salmon,0
a whale,515,a chicken a seal,0
a whale,515,a chicken a dolphin,0
a whale,515,an eagle an ostrich,0
a whale,515,an eagle a penguin,0
a whale,515,an eagle a salmon,0
a whale,515,an eagle a seal,0
a whale,515,an eagle a dolphin,0
a whale,515,an ostrich a penguin,0
a whale,515,an ostrich a salmon,0
a whale,515,an ostrich a seal,1
a whale,515,an ostrich a dolphin,1
a whale,515,a penguin a salmon,0
a whale,515,a penguin a seal,1
a whale,515,a penguin a dolphin,1
a whale,515,a salmon a seal,0
a whale,515,a salmon a dolphin,0
a whale,515,a seal a dolphin,0
an ostrich,516,a finch a robin,0
an ostrich,516,a finch a chicken,0
an ostrich,516,a finch an eagle,0
an ostrich,516,a finch a penguin,0
an ostrich,516,a finch a salmon,0
an ostrich,516,a finch a seal,0
an ostrich,516,a finch a dolphin,0
an ostrich,516,a finch a whale,0
an ostrich,516,a robin a chicken,0
an ostrich,516,a robin an eagle,0
an ostrich,516,a robin a penguin,0
an ostrich,516,a robin a salmon,0
an ostrich,516,a robin a seal,0
an ostrich,516,a robin a dolphin,0
an ostrich,516,a robin a whale,0
an ostrich,516,a chicken an eagle,0
an ostrich,516,a chicken a penguin,0
an ostrich,516,a chicken a salmon,0
an ostrich,516,a chicken a seal,0
an ostrich,516,a chicken a dolphin,0
an ostrich,516,a chicken a whale,0
an ostrich,516,an eagle a penguin,0
an ostrich,516,an eagle a seal,0
an ostrich,516,an eagle a dolphin,0
an ostrich,516,an eagle a whale,0
an ostrich,516,a penguin a salmon,0
an ostrich,516,a penguin a seal,0
an ostrich,516,a penguin a dolphin,0
an ostrich,516,a salmon a seal,1
an ostrich,516,a salmon a dolphin,0
an ostrich,516,a salmon a whale,0
an ostrich,516,a seal a dolphin,0
an ostrich,516,a seal a whale,0
an ostrich,516,a dolphin a whale,0
an ostrich,517,a finch a robin,0
an ostrich,517,a finch a chicken,0
an ostrich,517,a finch an eagle,0
an ostrich,517,a finch a penguin,0
an ostrich,517,a finch a salmon,0
an ostrich,517,a finch a seal,0
an ostrich,517,a finch a dolphin,0
an ostrich,517,a finch a whale,0
an ostrich,517,a robin a chicken,0
an ostrich,517,a robin an eagle,0
an ostrich,517,a robin a penguin,0
an ostrich,517,a robin a salmon,0
an ostrich,517,a robin a seal,0
an ostrich,517,a robin a dolphin,0
an ostrich,517,a robin a whale,0
an ostrich,517,a chicken an eagle,0
an ostrich,517,a chicken a penguin,0
an ostrich,517,a chicken a salmon,0
an ostrich,517,a chicken a seal,0
an ostrich,517,a chicken a dolphin,0
an ostrich,517,a chicken a whale,0
an ostrich,517,an eagle a penguin,0
an ostrich,517,an eagle a salmon,0
an ostrich,517,an eagle a seal,0
an ostrich,517,an eagle a dolphin,0
an ostrich,517,an eagle a whale,0
an ostrich,517,a penguin a salmon,0
an ostrich,517,a penguin a seal,0
an ostrich,517,a penguin a dolphin,0
an ostrich,517,a penguin a whale,0
an ostrich,517,a salmon a seal,0
an ostrich,517,a salmon a dolphin,0
an ostrich,517,a salmon a whale,0
an ostrich,517,a seal a dolphin,0
an ostrich,517,a seal a whale,0
an ostrich,517,a dolphin a whale,0
a chicken,518,a finch a robin,0
a chicken,518,a finch an eagle,0
a chicken,518,a finch an ostrich,0
a chicken,518,a finch a penguin,0
a chicken,518,a finch a salmon,0
a chicken,518,a finch a seal,0
a chicken,518,a finch a dolphin,0
a chicken,518,a finch a whale,0
a chicken,518,a robin an eagle,0
a chicken,518,a robin an ostrich,0
a chicken,518,a robin a penguin,0
a chicken,518,a robin a salmon,0
a chicken,518,a robin a seal,0
a chicken,518,a robin a dolphin,0
a chicken,518,a robin a whale,0
a chicken,518,an eagle an ostrich,0
a chicken,518,an eagle a penguin,0
a chicken,518,an eagle a salmon,0
a chicken,518,an eagle a seal,0
a chicken,518,an eagle a dolphin,0
a chicken,518,an eagle a whale,0
a chicken,518,an ostrich a penguin,0
a chicken,518,an ostrich a salmon,0
a chicken,518,an ostrich a seal,0
a chicken,518,an ostrich a dolphin,0
a chicken,518,an ostrich a whale,0
a chicken,518,a penguin a salmon,0
a chicken,518,a penguin a seal,0
a chicken,518,a penguin a dolphin,0
a chicken,518,a penguin a whale,0
a chicken,518,a salmon a seal,0
a chicken,518,a salmon a dolphin,0
a chicken,518,a salmon a whale,0
a chicken,518,a seal a dolphin,0
a chicken,518,a seal a whale,0
a chicken,518,a dolphin a whale,0
a dolphin,519,a finch a chicken,1
a dolphin,519,a finch an eagle,0
a dolphin,519,a finch an ostrich,0
a dolphin,519,a finch a penguin,0
a dolphin,519,a finch a salmon,0
a dolphin,519,a finch a seal,1
a dolphin,519,a finch a whale,0
a dolphin,519,a robin a chicken,0
a dolphin,519,a robin an eagle,0
a dolphin,519,a robin an ostrich,0
a dolphin,519,a robin a penguin,0
a dolphin,519,a robin a salmon,0
a dolphin,519,a robin a seal,0
a dolphin,519,a robin a whale,0
a dolphin,519,a chicken an eagle,0
a dolphin,519,a chicken a penguin,0
a dolphin,519,a chicken a salmon,0
a dolphin,519,a chicken a seal,1
a dolphin,519,a chicken a whale,0
a dolphin,519,an eagle an ostrich,0
a dolphin,519,an eagle a penguin,0
a dolphin,519,an eagle a salmon,0
a dolphin,519,an eagle a seal,0
a dolphin,519,an eagle a whale,0
a dolphin,519,an ostrich a penguin,0
a dolphin,519,an ostrich a salmon,0
a dolphin,519,an ostrich a seal,1
a dolphin,519,an ostrich a whale,0
a dolphin,519,a penguin a salmon,0
a dolphin,519,a penguin a seal,0
a dolphin,519,a penguin a whale,1
a dolphin,519,a salmon a seal,1
a dolphin,519,a salmon a whale,1
a dolphin,519,a seal a whale,0
an eagle,520,a finch a robin,0
an eagle,520,a finch a chicken,0
an eagle,520,a finch an ostrich,0
an eagle,520,a finch a penguin,0
an eagle,520,a finch a salmon,0
an eagle,520,a finch a seal,1
an eagle,520,a finch a dolphin,0
an eagle,520,a finch a whale,0
an eagle,520,a robin a chicken,0
an eagle,520,a robin an ostrich,0
an eagle,520,a robin a penguin,0
an eagle,520,a robin a salmon,0
an eagle,520,a robin a seal,0
an eagle,520,a robin a dolphin,0
an eagle,520,a robin a whale,0
an eagle,520,a chicken an ostrich,0
an eagle,520,a chicken a penguin,0
an eagle,520,a chicken a salmon,0
an eagle,520,a chicken a seal,0
an eagle,520,a chicken a dolphin,0
an eagle,520,a chicken a whale,0
an eagle,520,an ostrich a penguin,0
an eagle,520,an ostrich a salmon,0
an eagle,520,an ostrich a seal,0
an eagle,520,an ostrich a dolphin,0
an eagle,520,an ostrich a whale,0
an eagle,520,a penguin a salmon,0
an eagle,520,a penguin a seal,0
an eagle,520,a penguin a dolphin,0
an eagle,520,a penguin a whale,0
an eagle,520,a salmon a seal,0
an eagle,520,a salmon a dolphin,0
an eagle,520,a salmon a whale,0
an eagle,520,a seal a dolphin,0
an eagle,520,a dolphin a whale,0
an ostrich,521,a finch a robin,0
an ostrich,521,a finch a chicken,0
an ostrich,521,a finch an eagle,0
an ostrich,521,a finch a penguin,0
an ostrich,521,a finch a salmon,0
an ostrich,521,a finch a seal,0
an ostrich,521,a finch a dolphin,0
an ostrich,521,a finch a whale,0
an ostrich,521,a robin a chicken,0
an ostrich,521,a robin an eagle,0
an ostrich,521,a robin a penguin,0
an ostrich,521,a robin a salmon,0
an ostrich,521,a robin a seal,0
an ostrich,521,a robin a dolphin,0
an ostrich,521,a robin a whale,0
an ostrich,521,a chicken an eagle,0
an ostrich,521,a chicken a penguin,0
an ostrich,521,a chicken a salmon,0
an ostrich,521,a chicken a seal,0
an ostrich,521,a chicken a dolphin,0
an ostrich,521,a chicken a whale,0
an ostrich,521,an eagle a penguin,0
an ostrich,521,an eagle a salmon,0
an ostrich,521,an eagle a seal,0
an ostrich,521,an eagle a dolphin,0
an ostrich,521,an eagle a whale,1
an ostrich,521,a penguin a salmon,0
an ostrich,521,a penguin a seal,0
an ostrich,521,a penguin a dolphin,0
an ostrich,521,a penguin a whale,0
an ostrich,521,a salmon a seal,0
an ostrich,521,a salmon a dolphin,0
an ostrich,521,a salmon a whale,0
an ostrich,521,a seal a dolphin,0
an ostrich,521,a dolphin a whale,0
an eagle,522,a finch a robin,0
an eagle,522,a finch a chicken,0
an eagle,522,a finch an ostrich,0
an eagle,522,a finch a penguin,0
an eagle,522,a finch a salmon,0
an eagle,522,a finch a seal,0
an eagle,522,a finch a dolphin,0
an eagle,522,a finch a whale,0
an eagle,522,a robin a chicken,0
an eagle,522,a robin an ostrich,0
an eagle,522,a robin a penguin,0
an eagle,522,a robin a salmon,0
an eagle,522,a robin a seal,0
an eagle,522,a robin a dolphin,0
an eagle,522,a robin a whale,0
an eagle,522,a chicken an ostrich,0
an eagle,522,a chicken a penguin,0
an eagle,522,a chicken a salmon,0
an eagle,522,a chicken a seal,0
an eagle,522,a chicken a dolphin,0
an eagle,522,a chicken a whale,0
an eagle,522,an ostrich a penguin,0
an eagle,522,an ostrich a salmon,0
an eagle,522,an ostrich a seal,0
an eagle,522,an ostrich a whale,0
an eagle,522,a penguin a salmon,0
an eagle,522,a penguin a seal,0
an eagle,522,a penguin a dolphin,0
an eagle,522,a penguin a whale,0
an eagle,522,a salmon a seal,0
an eagle,522,a salmon a dolphin,0
an eagle,522,a salmon a whale,0
an eagle,522,a seal a dolphin,0
an eagle,522,a seal a whale,0
an eagle,522,a dolphin a whale,0
an ostrich,523,a finch a robin,0
an ostrich,523,a finch a chicken,0
an ostrich,523,a finch an eagle,0
an ostrich,523,a finch a penguin,0
an ostrich,523,a finch a salmon,0
an ostrich,523,a finch a seal,0
an ostrich,523,a finch a dolphin,0
an ostrich,523,a finch a whale,0
an ostrich,523,a robin a chicken,0
an ostrich,523,a robin an eagle,0
an ostrich,523,a robin a penguin,0
an ostrich,523,a robin a salmon,0
an ostrich,523,a robin a seal,0
an ostrich,523,a robin a dolphin,0
an ostrich,523,a robin a whale,0
an ostrich,523,a chicken an eagle,0
an ostrich,523,a chicken a penguin,0
an ostrich,523,a chicken a salmon,0
an ostrich,523,a chicken a dolphin,0
an ostrich,523,a chicken a whale,0
an ostrich,523,an eagle a penguin,0
an ostrich,523,an eagle a salmon,0
an ostrich,523,an eagle a seal,0
an ostrich,523,an eagle a dolphin,0
an ostrich,523,an eagle a whale,0
an ostrich,523,a penguin a salmon,0
an ostrich,523,a penguin a dolphin,0
an ostrich,523,a penguin a whale,0
an ostrich,523,a salmon a seal,0
an ostrich,523,a salmon a dolphin,0
an ostrich,523,a salmon a whale,0
an ostrich,523,a seal a whale,0
an ostrich,523,a dolphin a whale,0
a salmon,524,a finch a chicken,0
a salmon,524,a finch an eagle,0
a salmon,524,a finch an ostrich,0
a salmon,524,a finch a penguin,0
a salmon,524,a finch a seal,0
a salmon,524,a finch a dolphin,0
a salmon,524,a finch a whale,0
a salmon,524,a robin a chicken,0
a salmon,524,a robin an eagle,0
a salmon,524,a robin an ostrich,0
a salmon,524,a robin a penguin,0
a salmon,524,a robin a seal,0
a salmon,524,a robin a dolphin,1
a salmon,524,a robin a whale,0
a salmon,524,a chicken an eagle,0
a salmon,524,a chicken an ostrich,0
a salmon,524,a chicken a penguin,0
a salmon,524,a chicken a seal,1
a salmon,524,a chicken a dolphin,0
a salmon,524,a chicken a whale,0
a salmon,524,an eagle an ostrich,0
a salmon,524,an eagle a penguin,0
a salmon,524,an eagle a seal,1
a salmon,524,an eagle a dolphin,0
a salmon,524,an eagle a whale,1
a salmon,524,an ostrich a penguin,0
a salmon,524,an ostrich a seal,1
a salmon,524,an ostrich a whale,0
a salmon,524,a penguin a seal,1
a salmon,524,a penguin a dolphin,0
a salmon,524,a penguin a whale,1
a salmon,524,a seal a dolphin,0
a salmon,524,a dolphin a whale,0
a dolphin,525,a finch a robin,0
a dolphin,525,a finch a chicken,1
a dolphin,525,a finch an eagle,0
a dolphin,525,a finch an ostrich,0
a dolphin,525,a finch a penguin,0
a dolphin,525,a finch a salmon,0
a dolphin,525,a finch a seal,0
a dolphin,525,a finch a whale,0
a dolphin,525,a robin a chicken,0
a dolphin,525,a robin an eagle,0
a dolphin,525,a robin an ostrich,0
a dolphin,525,a robin a penguin,0
a dolphin,525,a robin a salmon,1
a dolphin,525,a robin a seal,0
a dolphin,525,a robin a whale,0
a dolphin,525,a chicken an eagle,0
a dolphin,525,a chicken an ostrich,0
a dolphin,525,a chicken a penguin,0
a dolphin,525,a chicken a salmon,0
a dolphin,525,a chicken a seal,0
a dolphin,525,a chicken a whale,0
a dolphin,525,an eagle an ostrich,0
a dolphin,525,an eagle a penguin,0
a dolphin,525,an eagle a salmon,1
a dolphin,525,an eagle a seal,1
a dolphin,525,an eagle a whale,0
a dolphin,525,an ostrich a penguin,0
a dolphin,525,an ostrich a salmon,0
a dolphin,525,an ostrich a seal,0
a dolphin,525,an ostrich a whale,0
a dolphin,525,a penguin a seal,1
a dolphin,525,a penguin a whale,0
a dolphin,525,a salmon a seal,0
a dolphin,525,a salmon a whale,1
a dolphin,525,a seal a whale,0
a salmon,526,a finch a robin,0
a salmon,526,a finch a chicken,0
a salmon,526,a finch an eagle,1
a salmon,526,a finch an ostrich,0
a salmon,526,a finch a penguin,0
a salmon,526,a finch a seal,1
a salmon,526,a finch a dolphin,0
a salmon,526,a finch a whale,0
a salmon,526,a robin a chicken,0
a salmon,526,a robin an eagle,0
a salmon,526,a robin an ostrich,0
a salmon,526,a robin a penguin,0
a salmon,526,a robin a seal,1
a salmon,526,a robin a dolphin,0
a salmon,526,a robin a whale,0
a salmon,526,a chicken an eagle,1
a salmon,526,a chicken an ostrich,0
a salmon,526,a chicken a penguin,0
a salmon,526,a chicken a seal,1
a salmon,526,a chicken a dolphin,0
a salmon,526,a chicken a whale,0
a salmon,526,an eagle an ostrich,0
a salmon,526,an eagle a penguin,0
a salmon,526,an eagle a seal,1
a salmon,526,an eagle a dolphin,0
a salmon,526,an eagle a whale,1
a salmon,526,an ostrich a penguin,0
a salmon,526,an ostrich a seal,0
a salmon,526,an ostrich a dolphin,0
a salmon,526,an ostrich a whale,0
a salmon,526,a penguin a seal,1
a salmon,526,a penguin a whale,0
a salmon,526,a seal a dolphin,0
a salmon,526,a seal a whale,0
a salmon,526,a dolphin a whale,0
an ostrich,527,a finch a robin,0
an ostrich,527,a finch a chicken,0
an ostrich,527,a finch an eagle,0
an ostrich,527,a finch a penguin,0
an ostrich,527,a finch a salmon,0
an ostrich,527,a finch a seal,0
an ostrich,527,a finch a dolphin,0
an ostrich,527,a finch a whale,0
an ostrich,527,a robin a chicken,0
an ostrich,527,a robin an eagle,0
an ostrich,527,a robin a penguin,0
an ostrich,527,a robin a salmon,0
an ostrich,527,a robin a seal,0
an ostrich,527,a robin a dolphin,0
an ostrich,527,a robin a whale,0
an ostrich,527,a chicken an eagle,0
an ostrich,527,a chicken a penguin,0
an ostrich,527,a chicken a salmon,0
an ostrich,527,a chicken a seal,0
an ostrich,527,a chicken a dolphin,0
an ostrich,527,a chicken a whale,0
an ostrich,527,an eagle a penguin,0
an ostrich,527,an eagle a salmon,0
an ostrich,527,an eagle a seal,0
an ostrich,527,an eagle a dolphin,0
an ostrich,527,an eagle a whale,0
an ostrich,527,a penguin a salmon,0
an ostrich,527,a penguin a seal,0
an ostrich,527,a penguin a dolphin,0
an ostrich,527,a penguin a whale,0
an ostrich,527,a salmon a seal,0
an ostrich,527,a salmon a dolphin,0
an ostrich,527,a salmon a whale,0
an ostrich,527,a seal a dolphin,0
an ostrich,527,a seal a whale,0
an ostrich,527,a dolphin a whale,0
a whale,528,a finch a robin,0
a whale,528,a finch a chicken,0
a whale,528,a finch an eagle,0
a whale,528,a finch an ostrich,0
a whale,528,a finch a penguin,0
a whale,528,a finch a salmon,0
a whale,528,a finch a seal,1
a whale,528,a finch a dolphin,0
a whale,528,a robin a chicken,0
a whale,528,a robin an eagle,0
a whale,528,a robin an ostrich,0
a whale,528,a robin a penguin,0
a whale,528,a robin a salmon,0
a whale,528,a robin a seal,1
a whale,528,a robin a dolphin,0
a whale,528,a chicken an eagle,0
a whale,528,a chicken an ostrich,0
a whale,528,a chicken a penguin,0
a whale,528,a chicken a salmon,0
a whale,528,a chicken a seal,1
a whale,528,a chicken a dolphin,1
a whale,528,an eagle a penguin,0
a whale,528,an eagle a salmon,0
a whale,528,an eagle a seal,1
a whale,528,an eagle a dolphin,0
a whale,528,an ostrich a penguin,0
a whale,528,an ostrich a salmon,0
a whale,528,an ostrich a seal,1
a whale,528,an ostrich a dolphin,0
a whale,528,a penguin a salmon,0
a whale,528,a penguin a seal,0
a whale,528,a penguin a dolphin,1
a whale,528,a salmon a seal,0
a whale,528,a salmon a dolphin,0
a whale,528,a seal a dolphin,0
a whale,529,a finch a robin,0
a whale,529,a finch a chicken,0
a whale,529,a finch an eagle,0
a whale,529,a finch an ostrich,0
a whale,529,a finch a penguin,0
a whale,529,a finch a salmon,0
a whale,529,a finch a seal,1
a whale,529,a finch a dolphin,0
a whale,529,a robin a chicken,1
a whale,529,a robin an eagle,0
a whale,529,a robin an ostrich,1
a whale,529,a robin a penguin,0
a whale,529,a robin a salmon,0
a whale,529,a robin a seal,1
a whale,529,a robin a dolphin,0
a whale,529,a chicken an eagle,0
a whale,529,a chicken an ostrich,0
a whale,529,a chicken a penguin,0
a whale,529,a chicken a salmon,0
a whale,529,a chicken a seal,1
a whale,529,a chicken a dolphin,0
a whale,529,an eagle an ostrich,0
a whale,529,an eagle a penguin,0
a whale,529,an eagle a salmon,1
a whale,529,an eagle a seal,1
a whale,529,an eagle a dolphin,1
a whale,529,an ostrich a penguin,0
a whale,529,an ostrich a salmon,0
a whale,529,an ostrich a seal,1
a whale,529,an ostrich a dolphin,0
a whale,529,a penguin a salmon,1
a whale,529,a penguin a seal,1
a whale,529,a penguin a dolphin,1
a whale,529,a salmon a seal,0
a whale,529,a salmon a dolphin,0
a whale,529,a seal a dolphin,0
a salmon,530,a finch a robin,0
a salmon,530,a finch a chicken,0
a salmon,530,a finch an eagle,0
a salmon,530,a finch an ostrich,0
a salmon,530,a finch a penguin,0
a salmon,530,a finch a seal,0
a salmon,530,a finch a dolphin,0
a salmon,530,a finch a whale,0
a salmon,530,a robin a chicken,0
a salmon,530,a robin an eagle,1
a salmon,530,a robin an ostrich,0
a salmon,530,a robin a penguin,0
a salmon,530,a robin a seal,0
a salmon,530,a robin a dolphin,0
a salmon,530,a robin a whale,0
a salmon,530,a chicken an eagle,0
a salmon,530,a chicken an ostrich,0
a salmon,530,a chicken a penguin,0
a salmon,530,a chicken a seal,1
a salmon,530,a chicken a dolphin,0
a salmon,530,a chicken a whale,0
a salmon,530,an eagle an ostrich,0
a salmon,530,an eagle a penguin,0
a salmon,530,an eagle a seal,0
a salmon,530,an eagle a dolphin,0
a salmon,530,an eagle a whale,0
a salmon,530,an ostrich a penguin,0
a salmon,530,an ostrich a seal,1
a salmon,530,an ostrich a dolphin,0
a salmon,530,an ostrich a whale,0
a salmon,530,a penguin a seal,1
a salmon,530,a penguin a dolphin,0
a salmon,530,a penguin a whale,0
a salmon,530,a seal a whale,0
a whale,531,a finch a robin,0
a whale,531,a finch a chicken,0
a whale,531,a finch an eagle,0
a whale,531,a finch an ostrich,0
a whale,531,a finch a penguin,0
a whale,531,a finch a salmon,0
a whale,531,a finch a seal,1
a whale,531,a finch a dolphin,0
a whale,531,a robin a chicken,0
a whale,531,a robin an eagle,0
a whale,531,a robin an ostrich,0
a whale,531,a robin a penguin,0
a whale,531,a robin a salmon,0
a whale,531,a robin a seal,1
a whale,531,a robin a dolphin,0
a whale,531,a chicken an eagle,0
a whale,531,a chicken an ostrich,0
a whale,531,a chicken a penguin,0
a whale,531,a chicken a salmon,0
a whale,531,a chicken a seal,1
a whale,531,a chicken a dolphin,0
a whale,531,an eagle an ostrich,0
a whale,531,an eagle a penguin,0
a whale,531,an eagle a salmon,0
a whale,531,an eagle a seal,0
a whale,531,an eagle a dolphin,0
a whale,531,an ostrich a penguin,0
a whale,531,an ostrich a salmon,0
a whale,531,an ostrich a seal,1
a whale,531,an ostrich a dolphin,0
a whale,531,a penguin a salmon,0
a whale,531,a penguin a seal,1
a whale,531,a penguin a dolphin,1
a whale,531,a salmon a seal,0
a whale,531,a salmon a dolphin,1
a whale,531,a seal a dolphin,0
an ostrich,532,a finch a robin,0
an ostrich,532,a finch a chicken,0
an ostrich,532,a finch an eagle,0
an ostrich,532,a finch a penguin,0
an ostrich,532,a finch a salmon,0
an ostrich,532,a finch a seal,0
an ostrich,532,a finch a dolphin,0
an ostrich,532,a finch a whale,0
an ostrich,532,a robin a chicken,0
an ostrich,532,a robin an eagle,0
an ostrich,532,a robin a penguin,0
an ostrich,532,a robin a salmon,0
an ostrich,532,a robin a seal,0
an ostrich,532,a robin a dolphin,0
an ostrich,532,a robin a whale,0
an ostrich,532,a chicken an eagle,0
an ostrich,532,a chicken a penguin,0
an ostrich,532,a chicken a salmon,0
an ostrich,532,a chicken a seal,0
an ostrich,532,a chicken a dolphin,0
an ostrich,532,a chicken a whale,0
an ostrich,532,an eagle a penguin,0
an ostrich,532,an eagle a salmon,0
an ostrich,532,an eagle a seal,0
an ostrich,532,an eagle a dolphin,1
an ostrich,532,an eagle a whale,0
an ostrich,532,a penguin a salmon,0
an ostrich,532,a penguin a seal,0
an ostrich,532,a penguin a dolphin,0
an ostrich,532,a penguin a whale,0
an ostrich,532,a salmon a seal,0
an ostrich,532,a salmon a dolphin,0
an ostrich,532,a seal a dolphin,0
an ostrich,532,a seal a whale,1
an ostrich,532,a dolphin a whale,0
a chicken,533,a finch a robin,0
a chicken,533,a finch an eagle,0
a chicken,533,a finch an ostrich,0
a chicken,533,a finch a penguin,0
a chicken,533,a finch a salmon,0
a chicken,533,a finch a seal,0
a chicken,533,a finch a dolphin,0
a chicken,533,a finch a whale,0
a chicken,533,a robin an eagle,0
a chicken,533,a robin an ostrich,0
a chicken,533,a robin a penguin,0
a chicken,533,a robin a salmon,0
a chicken,533,a robin a seal,0
a chicken,533,a robin a dolphin,0
a chicken,533,a robin a whale,0
a chicken,533,an eagle an ostrich,0
a chicken,533,an eagle a penguin,0
a chicken,533,an eagle a seal,0
a chicken,533,an eagle a dolphin,0
a chicken,533,an eagle a whale,0
a chicken,533,an ostrich a penguin,0
a chicken,533,an ostrich a salmon,0
a chicken,533,an ostrich a seal,0
a chicken,533,an ostrich a dolphin,0
a chicken,533,an ostrich a whale,0
a chicken,533,a penguin a salmon,0
a chicken,533,a penguin a seal,0
a chicken,533,a penguin a dolphin,0
a chicken,533,a penguin a whale,0
a chicken,533,a salmon a seal,0
a chicken,533,a salmon a whale,0
a chicken,533,a seal a dolphin,0
a chicken,533,a seal a whale,0
a chicken,533,a dolphin a whale,0
a salmon,534,a finch a robin,0
a salmon,534,a finch a chicken,0
a salmon,534,a finch an eagle,0
a salmon,534,a finch an ostrich,0
a salmon,534,a finch a penguin,0
a salmon,534,a finch a seal,0
a salmon,534,a finch a dolphin,0
a salmon,534,a finch a whale,0
a salmon,534,a robin a chicken,0
a salmon,534,a robin an eagle,0
a salmon,534,a robin an ostrich,0
a salmon,534,a robin a penguin,0
a salmon,534,a robin a seal,0
a salmon,534,a robin a dolphin,0
a salmon,534,a robin a whale,0
a salmon,534,a chicken an eagle,0
a salmon,534,a chicken an ostrich,0
a salmon,534,a chicken a penguin,0
a salmon,534,a chicken a seal,1
a salmon,534,a chicken a dolphin,0
a salmon,534,a chicken a whale,0
a salmon,534,an eagle an ostrich,0
a salmon,534,an eagle a penguin,0
a salmon,534,an eagle a seal,0
a salmon,534,an eagle a dolphin,0
a salmon,534,an eagle a whale,0
a salmon,534,an ostrich a penguin,0
a salmon,534,an ostrich a seal,0
a salmon,534,an ostrich a dolphin,0
a salmon,534,an ostrich a whale,0
a salmon,534,a penguin a seal,1
a salmon,534,a penguin a whale,0
a salmon,534,a seal a dolphin,0
a salmon,534,a seal a whale,0
a salmon,534,a dolphin a whale,0
a robin,535,a finch a chicken,0
a robin,535,a finch an eagle,0
a robin,535,a finch an ostrich,0
a robin,535,a finch a penguin,0
a robin,535,a finch a salmon,0
a robin,535,a finch a seal,0
a robin,535,a finch a dolphin,0
a robin,535,a finch a whale,0
a robin,535,a chicken an eagle,0
a robin,535,a chicken an ostrich,0
a robin,535,a chicken a penguin,0
a robin,535,a chicken a salmon,0
a robin,535,a chicken a seal,0
a robin,535,a chicken a dolphin,0
a robin,535,a chicken a whale,0
a robin,535,an eagle an ostrich,0
a robin,535,an eagle a penguin,0
a robin,535,an eagle a salmon,0
a robin,535,an eagle a seal,0
a robin,535,an eagle a dolphin,0
a robin,535,an eagle a whale,0
a robin,535,an ostrich a penguin,0
a robin,535,an ostrich a salmon,0
a robin,535,an ostrich a seal,0
a robin,535,an ostrich a dolphin,0
a robin,535,an ostrich a whale,0
a robin,535,a penguin a salmon,1
a robin,535,a penguin a seal,0
a robin,535,a penguin a dolphin,0
a robin,535,a penguin a whale,0
a robin,535,a salmon a seal,0
a robin,535,a salmon a dolphin,0
a robin,535,a salmon a whale,0
a robin,535,a seal a dolphin,0
a robin,535,a seal a whale,0
a robin,535,a dolphin a whale,0
a dolphin,536,a finch a robin,0
a dolphin,536,a finch a chicken,0
a dolphin,536,a finch an eagle,1
a dolphin,536,a finch an ostrich,0
a dolphin,536,a finch a penguin,0
a dolphin,536,a finch a salmon,0
a dolphin,536,a finch a seal,1
a dolphin,536,a finch a whale,0
a dolphin,536,a robin a chicken,1
a dolphin,536,a robin an eagle,0
a dolphin,536,a robin an ostrich,0
a dolphin,536,a robin a penguin,0
a dolphin,536,a robin a salmon,1
a dolphin,536,a robin a seal,1
a dolphin,536,a robin a whale,0
a dolphin,536,a chicken an eagle,0
a dolphin,536,a chicken an ostrich,0
a dolphin,536,a chicken a penguin,0
a dolphin,536,a chicken a salmon,0
a dolphin,536,a chicken a seal,1
a dolphin,536,a chicken a whale,0
a dolphin,536,an eagle an ostrich,1
a dolphin,536,an eagle a penguin,0
a dolphin,536,an eagle a salmon,1
a dolphin,536,an eagle a seal,1
a dolphin,536,an eagle a whale,1
a dolphin,536,an ostrich a penguin,0
a dolphin,536,an ostrich a salmon,0
a dolphin,536,an ostrich a seal,0
a dolphin,536,an ostrich a whale,1
a dolphin,536,a penguin a salmon,0
a dolphin,536,a penguin a seal,1
a dolphin,536,a penguin a whale,1
a dolphin,536,a salmon a seal,1
a dolphin,536,a salmon a whale,0
a dolphin,536,a seal a whale,0
a whale,537,a finch a robin,0
a whale,537,a finch a chicken,0
a whale,537,a finch an eagle,0
a whale,537,a finch an ostrich,0
a whale,537,a finch a penguin,0
a whale,537,a finch a salmon,0
a whale,537,a finch a seal,0
a whale,537,a finch a dolphin,0
a whale,537,a robin a chicken,0
a whale,537,a robin an eagle,0
a whale,537,a robin an ostrich,0
a whale,537,a robin a penguin,0
a whale,537,a robin a salmon,0
a whale,537,a robin a seal,0
a whale,537,a robin a dolphin,0
a whale,537,a chicken an eagle,0
a whale,537,a chicken an ostrich,0
a whale,537,a chicken a penguin,0
a whale,537,a chicken a salmon,0
a whale,537,a chicken a seal,0
a whale,537,a chicken a dolphin,0
a whale,537,an eagle an ostrich,0
a whale,537,an eagle a penguin,0
a whale,537,an eagle a salmon,1
a whale,537,an eagle a seal,1
a whale,537,an eagle a dolphin,0
a whale,537,an ostrich a penguin,0
a whale,537,an ostrich a salmon,0
a whale,537,an ostrich a seal,1
a whale,537,an ostrich a dolphin,0
a whale,537,a penguin a salmon,0
a whale,537,a penguin a seal,0
a whale,537,a penguin a dolphin,0
a whale,537,a salmon a seal,0
a whale,537,a salmon a dolphin,0
a whale,537,a seal a dolphin,0
a whale,538,a finch a robin,0
a whale,538,a finch a chicken,0
a whale,538,a finch an eagle,0
a whale,538,a finch an ostrich,0
a whale,538,a finch a penguin,0
a whale,538,a finch a salmon,0
a whale,538,a finch a seal,1
a whale,538,a finch a dolphin,0
a whale,538,a robin a chicken,0
a whale,538,a robin an eagle,0
a whale,538,a robin an ostrich,0
a whale,538,a robin a penguin,0
a whale,538,a robin a salmon,0
a whale,538,a robin a seal,0
a whale,538,a robin a dolphin,0
a whale,538,a chicken an eagle,0
a whale,538,a chicken an ostrich,0
a whale,538,a chicken a penguin,0
a whale,538,a chicken a salmon,0
a whale,538,a chicken a seal,0
a whale,538,a chicken a dolphin,0
a whale,538,an eagle an ostrich,0
a whale,538,an eagle a penguin,0
a whale,538,an eagle a salmon,1
a whale,538,an eagle a seal,1
a whale,538,an eagle a dolphin,0
a whale,538,an ostrich a penguin,0
a whale,538,an ostrich a salmon,0
a whale,538,an ostrich a seal,0
a whale,538,an ostrich a dolphin,0
a whale,538,a penguin a salmon,0
a whale,538,a penguin a seal,1
a whale,538,a penguin a dolphin,0
a whale,538,a salmon a seal,0
a whale,538,a salmon a dolphin,0
a whale,538,a seal a dolphin,0
a finch,539,a robin a chicken,0
a finch,539,a robin an eagle,0
a finch,539,a robin an ostrich,0
a finch,539,a robin a penguin,0
a finch,539,a robin a salmon,0
a finch,539,a robin a seal,0
a finch,539,a robin a dolphin,0
a finch,539,a robin a whale,0
a finch,539,a chicken an eagle,0
a finch,539,a chicken an ostrich,0
a finch,539,a chicken a penguin,0
a finch,539,a chicken a salmon,0
a finch,539,a chicken a seal,0
a finch,539,a chicken a dolphin,0
a finch,539,a chicken a whale,0
a finch,539,an eagle an ostrich,0
a finch,539,an eagle a penguin,0
a finch,539,an eagle a salmon,0
a finch,539,an eagle a seal,0
a finch,539,an eagle a dolphin,0
a finch,539,an eagle a whale,0
a finch,539,an ostrich a penguin,0
a finch,539,an ostrich a salmon,0
a finch,539,an ostrich a seal,0
a finch,539,an ostrich a dolphin,0
a finch,539,an ostrich a whale,0
a finch,539,a penguin a salmon,0
a finch,539,a penguin a seal,0
a finch,539,a penguin a dolphin,0
a finch,539,a penguin a whale,0
a finch,539,a salmon a dolphin,0
a finch,539,a salmon a whale,0
a finch,539,a seal a dolphin,0
a finch,539,a seal a whale,0
a finch,539,a dolphin a whale,0
a penguin,540,a finch a robin,0
a penguin,540,a finch a chicken,1
a penguin,540,a finch an eagle,0
a penguin,540,a finch an ostrich,0
a penguin,540,a finch a salmon,0
a penguin,540,a finch a seal,0
a penguin,540,a finch a dolphin,0
a penguin,540,a finch a whale,0
a penguin,540,a robin a chicken,0
a penguin,540,a robin an eagle,0
a penguin,540,a robin an ostrich,0
a penguin,540,a robin a salmon,0
a penguin,540,a robin a seal,1
a penguin,540,a robin a dolphin,0
a penguin,540,a robin a whale,0
a penguin,540,a chicken an eagle,0
a penguin,540,a chicken an ostrich,0
a penguin,540,a chicken a salmon,0
a penguin,540,a chicken a seal,0
a penguin,540,a chicken a dolphin,0
a penguin,540,a chicken a whale,0
a penguin,540,an eagle an ostrich,0
a penguin,540,an eagle a salmon,0
a penguin,540,an eagle a seal,1
a penguin,540,an eagle a dolphin,1
a penguin,540,an eagle a whale,1
a penguin,540,an ostrich a salmon,0
a penguin,540,an ostrich a seal,0
a penguin,540,an ostrich a dolphin,0
a penguin,540,an ostrich a whale,0
a penguin,540,a salmon a seal,0
a penguin,540,a salmon a dolphin,0
a penguin,540,a salmon a whale,0
a penguin,540,a seal a dolphin,0
a penguin,540,a seal a whale,0
a penguin,540,a dolphin a whale,0
a salmon,541,a finch a robin,0
a salmon,541,a finch a chicken,0
a salmon,541,a finch an eagle,0
a salmon,541,a finch an ostrich,0
a salmon,541,a finch a penguin,0
a salmon,541,a finch a seal,1
a salmon,541,a finch a dolphin,0
a salmon,541,a finch a whale,0
a salmon,541,a robin a chicken,1
a salmon,541,a robin an eagle,0
a salmon,541,a robin an ostrich,0
a salmon,541,a robin a penguin,0
a salmon,541,a robin a seal,0
a salmon,541,a robin a dolphin,1
a salmon,541,a robin a whale,0
a salmon,541,a chicken an eagle,0
a salmon,541,a chicken an ostrich,0
a salmon,541,a chicken a penguin,0
a salmon,541,a chicken a seal,0
a salmon,541,a chicken a dolphin,0
a salmon,541,a chicken a whale,0
a salmon,541,an eagle an ostrich,0
a salmon,541,an eagle a penguin,0
a salmon,541,an eagle a seal,1
a salmon,541,an eagle a dolphin,0
a salmon,541,an eagle a whale,0
a salmon,541,an ostrich a penguin,0
a salmon,541,an ostrich a seal,1
a salmon,541,an ostrich a dolphin,0
a salmon,541,an ostrich a whale,0
a salmon,541,a penguin a dolphin,0
a salmon,541,a penguin a whale,0
a salmon,541,a seal a dolphin,0
a salmon,541,a seal a whale,0
a salmon,541,a dolphin a whale,0
a seal,542,a finch a robin,0
a seal,542,a finch a chicken,0
a seal,542,a finch an eagle,0
a seal,542,a finch an ostrich,0
a seal,542,a finch a penguin,0
a seal,542,a finch a salmon,0
a seal,542,a finch a dolphin,0
a seal,542,a finch a whale,0
a seal,542,a robin a chicken,0
a seal,542,a robin an eagle,1
a seal,542,a robin an ostrich,0
a seal,542,a robin a penguin,0
a seal,542,a robin a salmon,1
a seal,542,a robin a dolphin,0
a seal,542,a robin a whale,0
a seal,542,a chicken an ostrich,0
a seal,542,a chicken a penguin,0
a seal,542,a chicken a salmon,0
a seal,542,a chicken a dolphin,0
a seal,542,a chicken a whale,0
a seal,542,an eagle an ostrich,0
a seal,542,an eagle a penguin,0
a seal,542,an eagle a salmon,1
a seal,542,an eagle a dolphin,0
a seal,542,an eagle a whale,0
a seal,542,an ostrich a penguin,0
a seal,542,an ostrich a salmon,0
a seal,542,an ostrich a dolphin,0
a seal,542,an ostrich a whale,0
a seal,542,a penguin a salmon,0
a seal,542,a penguin a dolphin,0
a seal,542,a penguin a whale,0
a seal,542,a salmon a dolphin,0
a seal,542,a dolphin a whale,0
a whale,543,a finch a robin,0
a whale,543,a finch a chicken,0
a whale,543,a finch an eagle,0
a whale,543,a finch an ostrich,0
a whale,543,a finch a penguin,0
a whale,543,a finch a salmon,0
a whale,543,a finch a seal,1
a whale,543,a finch a dolphin,0
a whale,543,a robin a chicken,1
a whale,543,a robin an eagle,0
a whale,543,a robin an ostrich,0
a whale,543,a robin a penguin,0
a whale,543,a robin a salmon,0
a whale,543,a robin a seal,1
a whale,543,a robin a dolphin,0
a whale,543,a chicken an eagle,0
a whale,543,a chicken an ostrich,0
a whale,543,a chicken a penguin,0
a whale,543,a chicken a salmon,0
a whale,543,a chicken a seal,0
a whale,543,a chicken a dolphin,0
a whale,543,an eagle an ostrich,0
a whale,543,an eagle a penguin,0
a whale,543,an eagle a salmon,0
a whale,543,an eagle a seal,1
a whale,543,an eagle a dolphin,0
a whale,543,an ostrich a penguin,0
a whale,543,an ostrich a salmon,0
a whale,543,an ostrich a seal,1
a whale,543,an ostrich a dolphin,1
a whale,543,a penguin a salmon,0
a whale,543,a penguin a seal,0
a whale,543,a penguin a dolphin,0
a whale,543,a salmon a seal,1
a whale,543,a salmon a dolphin,0
a whale,543,a seal a dolphin,0
a dolphin,544,a finch a chicken,0
a dolphin,544,a finch an eagle,1
a dolphin,544,a finch an ostrich,0
a dolphin,544,a finch a penguin,0
a dolphin,544,a finch a salmon,0
a dolphin,544,a finch a seal,0
a dolphin,544,a finch a whale,0
a dolphin,544,a robin a chicken,1
a dolphin,544,a robin an eagle,0
a dolphin,544,a robin an ostrich,0
a dolphin,544,a robin a penguin,0
a dolphin,544,a robin a salmon,0
a dolphin,544,a robin a seal,0
a dolphin,544,a robin a whale,0
a dolphin,544,a chicken an eagle,0
a dolphin,544,a chicken an ostrich,0
a dolphin,544,a chicken a penguin,0
a dolphin,544,a chicken a salmon,0
a dolphin,544,a chicken a seal,0
a dolphin,544,a chicken a whale,0
a dolphin,544,an eagle an ostrich,0
a dolphin,544,an eagle a penguin,0
a dolphin,544,an eagle a salmon,1
a dolphin,544,an eagle a seal,1
a dolphin,544,an eagle a whale,0
a dolphin,544,an ostrich a penguin,0
a dolphin,544,an ostrich a salmon,0
a dolphin,544,an ostrich a seal,1
a dolphin,544,an ostrich a whale,0
a dolphin,544,a penguin a salmon,0
a dolphin,544,a penguin a seal,0
a dolphin,544,a penguin a whale,1
a dolphin,544,a salmon a seal,1
a dolphin,544,a salmon a whale,0
a dolphin,544,a seal a whale,0
a robin,545,a finch a chicken,0
a robin,545,a finch an eagle,0
a robin,545,a finch an ostrich,0
a robin,545,a finch a penguin,0
a robin,545,a finch a salmon,0
a robin,545,a finch a seal,0
a robin,545,a finch a dolphin,0
a robin,545,a finch a whale,0
a robin,545,a chicken an eagle,0
a robin,545,a chicken an ostrich,0
a robin,545,a chicken a penguin,0
a robin,545,a chicken a salmon,0
a robin,545,a chicken a seal,0
a robin,545,a chicken a dolphin,0
a robin,545,a chicken a whale,0
a robin,545,an eagle an ostrich,0
a robin,545,an eagle a penguin,0
a robin,545,an eagle a salmon,0
a robin,545,an eagle a seal,0
a robin,545,an eagle a dolphin,0
a robin,545,an eagle a whale,0
a robin,545,an ostrich a penguin,0
a robin,545,an ostrich a salmon,0
a robin,545,an ostrich a seal,0
a robin,545,an ostrich a dolphin,0
a robin,545,an ostrich a whale,0
a robin,545,a penguin a salmon,0
a robin,545,a penguin a seal,0
a robin,545,a penguin a dolphin,0
a robin,545,a penguin a whale,0
a robin,545,a salmon a seal,0
a robin,545,a salmon a dolphin,0
a robin,545,a salmon a whale,0
a robin,545,a seal a dolphin,0
a robin,545,a seal a whale,0
a robin,545,a dolphin a whale,0
a whale,546,a finch a robin,0
a whale,546,a finch a chicken,1
a whale,546,a finch an eagle,0
a whale,546,a finch an ostrich,0
a whale,546,a finch a penguin,0
a whale,546,a finch a salmon,0
a whale,546,a finch a seal,0
a whale,546,a finch a dolphin,0
a whale,546,a robin a chicken,0
a whale,546,a robin an eagle,0
a whale,546,a robin an ostrich,1
a whale,546,a robin a penguin,0
a whale,546,a robin a salmon,1
a whale,546,a robin a seal,0
a whale,546,a robin a dolphin,0
a whale,546,a chicken an eagle,0
a whale,546,a chicken an ostrich,0
a whale,546,a chicken a penguin,0
a whale,546,a chicken a salmon,0
a whale,546,a chicken a seal,1
a whale,546,a chicken a dolphin,0
a whale,546,an eagle a penguin,0
a whale,546,an eagle a salmon,0
a whale,546,an eagle a seal,1
a whale,546,an eagle a dolphin,0
a whale,546,an ostrich a penguin,0
a whale,546,an ostrich a salmon,0
a whale,546,an ostrich a seal,1
a whale,546,an ostrich a dolphin,0
a whale,546,a penguin a salmon,0
a whale,546,a penguin a seal,0
a whale,546,a penguin a dolphin,0
a whale,546,a salmon a seal,1
a whale,546,a salmon a dolphin,0
a whale,546,a seal a dolphin,0
a robin,547,a finch a chicken,0
a robin,547,a finch an eagle,0
a robin,547,a finch an ostrich,0
a robin,547,a finch a penguin,0
a robin,547,a finch a salmon,0
a robin,547,a finch a seal,0
a robin,547,a finch a dolphin,0
a robin,547,a finch a whale,0
a robin,547,a chicken an eagle,0
a robin,547,a chicken an ostrich,0
a robin,547,a chicken a penguin,0
a robin,547,a chicken a salmon,0
a robin,547,a chicken a seal,0
a robin,547,a chicken a dolphin,0
a robin,547,a chicken a whale,0
a robin,547,an eagle an ostrich,0
a robin,547,an eagle a penguin,0
a robin,547,an eagle a salmon,0
a robin,547,an eagle a seal,0
a robin,547,an eagle a dolphin,0
a robin,547,an eagle a whale,0
a robin,547,an ostrich a penguin,0
a robin,547,an ostrich a salmon,0
a robin,547,an ostrich a seal,0
a robin,547,an ostrich a dolphin,0
a robin,547,an ostrich a whale,0
a robin,547,a penguin a salmon,0
a robin,547,a penguin a seal,0
a robin,547,a penguin a dolphin,0
a robin,547,a penguin a whale,0
a robin,547,a salmon a seal,0
a robin,547,a salmon a dolphin,0
a robin,547,a salmon a whale,0
a robin,547,a seal a dolphin,0
a robin,547,a seal a whale,0
a robin,547,a dolphin a whale,0
an ostrich,548,a finch a robin,0
an ostrich,548,a finch a chicken,0
an ostrich,548,a finch an eagle,0
an ostrich,548,a finch a penguin,0
an ostrich,548,a finch a salmon,0
an ostrich,548,a finch a seal,0
an ostrich,548,a finch a dolphin,0
an ostrich,548,a finch a whale,0
an ostrich,548,a robin a chicken,0
an ostrich,548,a robin an eagle,0
an ostrich,548,a robin a penguin,0
an ostrich,548,a robin a salmon,0
an ostrich,548,a robin a seal,0
an ostrich,548,a robin a dolphin,0
an ostrich,548,a robin a whale,0
an ostrich,548,a chicken an eagle,0
an ostrich,548,a chicken a penguin,0
an ostrich,548,a chicken a salmon,0
an ostrich,548,a chicken a seal,0
an ostrich,548,a chicken a dolphin,0
an ostrich,548,a chicken a whale,0
an ostrich,548,an eagle a penguin,0
an ostrich,548,an eagle a salmon,0
an ostrich,548,an eagle a seal,0
an ostrich,548,an eagle a dolphin,0
an ostrich,548,an eagle a whale,0
an ostrich,548,a penguin a salmon,0
an ostrich,548,a penguin a seal,0
an ostrich,548,a penguin a dolphin,0
an ostrich,548,a penguin a whale,0
an ostrich,548,a salmon a seal,0
an ostrich,548,a salmon a dolphin,0
an ostrich,548,a salmon a whale,0
an ostrich,548,a seal a whale,0
an ostrich,548,a dolphin a whale,0
an ostrich,549,a finch a robin,0
an ostrich,549,a finch a chicken,1
an ostrich,549,a finch an eagle,0
an ostrich,549,a finch a penguin,0
an ostrich,549,a finch a salmon,0
an ostrich,549,a finch a seal,0
an ostrich,549,a finch a dolphin,0
an ostrich,549,a finch a whale,0
an ostrich,549,a robin a chicken,0
an ostrich,549,a robin an eagle,1
an ostrich,549,a robin a penguin,0
an ostrich,549,a robin a salmon,0
an ostrich,549,a robin a seal,0
an ostrich,549,a robin a dolphin,0
an ostrich,549,a robin a whale,0
an ostrich,549,a chicken an eagle,0
an ostrich,549,a chicken a penguin,0
an ostrich,549,a chicken a salmon,0
an ostrich,549,a chicken a seal,0
an ostrich,549,a chicken a dolphin,0
an ostrich,549,a chicken a whale,0
an ostrich,549,an eagle a penguin,0
an ostrich,549,an eagle a salmon,0
an ostrich,549,an eagle a seal,0
an ostrich,549,an eagle a dolphin,0
an ostrich,549,an eagle a whale,0
an ostrich,549,a penguin a salmon,0
an ostrich,549,a penguin a seal,0
an ostrich,549,a penguin a dolphin,0
an ostrich,549,a penguin a whale,0
an ostrich,549,a salmon a seal,0
an ostrich,549,a salmon a dolphin,0
an ostrich,549,a salmon a whale,0
an ostrich,549,a dolphin a whale,0
a penguin,550,a finch a robin,0
a penguin,550,a finch a chicken,0
a penguin,550,a finch an eagle,0
a penguin,550,a finch an ostrich,0
a penguin,550,a finch a salmon,0
a penguin,550,a finch a seal,0
a penguin,550,a finch a dolphin,0
a penguin,550,a finch a whale,0
a penguin,550,a robin a chicken,1
a penguin,550,a robin an eagle,0
a penguin,550,a robin an ostrich,0
a penguin,550,a robin a salmon,0
a penguin,550,a robin a seal,0
a penguin,550,a robin a dolphin,0
a penguin,550,a robin a whale,0
a penguin,550,a chicken an eagle,0
a penguin,550,a chicken an ostrich,0
a penguin,550,a chicken a salmon,0
a penguin,550,a chicken a dolphin,0
a penguin,550,a chicken a whale,0
a penguin,550,an eagle an ostrich,0
a penguin,550,an eagle a salmon,0
a penguin,550,an eagle a seal,1
a penguin,550,an eagle a dolphin,0
a penguin,550,an eagle a whale,0
a penguin,550,an ostrich a salmon,0
a penguin,550,an ostrich a seal,0
a penguin,550,an ostrich a dolphin,0
a penguin,550,an ostrich a whale,0
a penguin,550,a salmon a seal,1
a penguin,550,a salmon a dolphin,0
a penguin,550,a salmon a whale,0
a penguin,550,a seal a dolphin,0
a penguin,550,a seal a whale,0
a penguin,550,a dolphin a whale,0
a chicken,551,a finch a robin,0
a chicken,551,a finch an eagle,0
a chicken,551,a finch an ostrich,0
a chicken,551,a finch a penguin,0
a chicken,551,a finch a salmon,0
a chicken,551,a finch a seal,0
a chicken,551,a finch a dolphin,0
a chicken,551,a finch a whale,0
a chicken,551,a robin an eagle,0
a chicken,551,a robin an ostrich,1
a chicken,551,a robin a penguin,0
a chicken,551,a robin a salmon,0
a chicken,551,a robin a seal,0
a chicken,551,a robin a dolphin,0
a chicken,551,a robin a whale,0
a chicken,551,an eagle an ostrich,0
a chicken,551,an eagle a penguin,0
a chicken,551,an eagle a salmon,0
a chicken,551,an eagle a seal,0
a chicken,551,an eagle a dolphin,0
a chicken,551,an eagle a whale,0
a chicken,551,an ostrich a penguin,0
a chicken,551,an ostrich a salmon,0
a chicken,551,an ostrich a seal,0
a chicken,551,an ostrich a dolphin,0
a chicken,551,an ostrich a whale,0
a chicken,551,a penguin a salmon,0
a chicken,551,a penguin a seal,0
a chicken,551,a penguin a dolphin,0
a chicken,551,a penguin a whale,0
a chicken,551,a salmon a seal,0
a chicken,551,a salmon a dolphin,0
a chicken,551,a salmon a whale,0
a chicken,551,a seal a dolphin,0
a chicken,551,a seal a whale,0
a chicken,551,a dolphin a whale,0
a seal,552,a finch a robin,0
a seal,552,a finch a chicken,0
a seal,552,a finch an eagle,0
a seal,552,a finch an ostrich,0
a seal,552,a finch a salmon,0
a seal,552,a finch a dolphin,0
a seal,552,a finch a whale,0
a seal,552,a robin a chicken,0
a seal,552,a robin an eagle,0
a seal,552,a robin an ostrich,0
a seal,552,a robin a penguin,0
a seal,552,a robin a salmon,0
a seal,552,a robin a dolphin,0
a seal,552,a robin a whale,0
a seal,552,a chicken an eagle,0
a seal,552,a chicken an ostrich,0
a seal,552,a chicken a penguin,0
a seal,552,a chicken a salmon,1
a seal,552,a chicken a dolphin,0
a seal,552,a chicken a whale,0
a seal,552,an eagle a penguin,0
a seal,552,an eagle a salmon,0
a seal,552,an eagle a dolphin,0
a seal,552,an eagle a whale,1
a seal,552,an ostrich a penguin,0
a seal,552,an ostrich a salmon,0
a seal,552,an ostrich a dolphin,0
a seal,552,an ostrich a whale,0
a seal,552,a penguin a salmon,0
a seal,552,a penguin a dolphin,0
a seal,552,a penguin a whale,0
a seal,552,a salmon a dolphin,0
a seal,552,a salmon a whale,0
a seal,552,a dolphin a whale,0
a finch,553,a robin a chicken,0
a finch,553,a robin an eagle,0
a finch,553,a robin an ostrich,0
a finch,553,a robin a penguin,0
a finch,553,a robin a salmon,0
a finch,553,a robin a seal,0
a finch,553,a robin a dolphin,0
a finch,553,a robin a whale,0
a finch,553,a chicken an eagle,0
a finch,553,a chicken an ostrich,0
a finch,553,a chicken a penguin,0
a finch,553,a chicken a salmon,0
a finch,553,a chicken a seal,0
a finch,553,a chicken a dolphin,0
a finch,553,a chicken a whale,0
a finch,553,an eagle an ostrich,0
a finch,553,an eagle a penguin,0
a finch,553,an eagle a salmon,0
a finch,553,an eagle a seal,0
a finch,553,an eagle a dolphin,0
a finch,553,an eagle a whale,0
a finch,553,an ostrich a penguin,0
a finch,553,an ostrich a salmon,0
a finch,553,an ostrich a seal,0
a finch,553,an ostrich a dolphin,0
a finch,553,an ostrich a whale,0
a finch,553,a penguin a salmon,0
a finch,553,a penguin a seal,0
a finch,553,a penguin a whale,0
a finch,553,a salmon a seal,0
a finch,553,a salmon a dolphin,0
a finch,553,a salmon a whale,0
a finch,553,a seal a dolphin,0
a finch,553,a seal a whale,0
a finch,553,a dolphin a whale,0
a penguin,554,a finch a robin,0
a penguin,554,a finch a chicken,0
a penguin,554,a finch an eagle,0
a penguin,554,a finch an ostrich,0
a penguin,554,a finch a salmon,0
a penguin,554,a finch a seal,1
a penguin,554,a finch a dolphin,0
a penguin,554,a finch a whale,0
a penguin,554,a robin a chicken,0
a penguin,554,a robin an eagle,0
a penguin,554,a robin an ostrich,0
a penguin,554,a robin a salmon,1
a penguin,554,a robin a seal,1
a penguin,554,a robin a dolphin,0
a penguin,554,a robin a whale,0
a penguin,554,a chicken an eagle,0
a penguin,554,a chicken an ostrich,0
a penguin,554,a chicken a salmon,0
a penguin,554,a chicken a seal,1
a penguin,554,a chicken a dolphin,0
a penguin,554,a chicken a whale,0
a penguin,554,an eagle a salmon,1
a penguin,554,an eagle a seal,1
a penguin,554,an eagle a dolphin,1
a penguin,554,an eagle a whale,1
a penguin,554,an ostrich a salmon,0
a penguin,554,an ostrich a seal,0
a penguin,554,an ostrich a whale,0
a penguin,554,a salmon a seal,0
a penguin,554,a salmon a dolphin,0
a penguin,554,a salmon a whale,0
a penguin,554,a seal a dolphin,0
a penguin,554,a seal a whale,0
a penguin,554,a dolphin a whale,0
an eagle,555,a finch a robin,0
an eagle,555,a finch a chicken,0
an eagle,555,a finch an ostrich,0
an eagle,555,a finch a penguin,0
an eagle,555,a finch a salmon,0
an eagle,555,a finch a seal,0
an eagle,555,a finch a dolphin,0
an eagle,555,a finch a whale,0
an eagle,555,a robin a chicken,0
an eagle,555,a robin an ostrich,1
an eagle,555,a robin a penguin,0
an eagle,555,a robin a salmon,0
an eagle,555,a robin a seal,0
an eagle,555,a robin a dolphin,0
an eagle,555,a robin a whale,0
an eagle,555,a chicken an ostrich,0
an eagle,555,a chicken a penguin,0
an eagle,555,a chicken a salmon,0
an eagle,555,a chicken a seal,0
an eagle,555,a chicken a dolphin,0
an eagle,555,a chicken a whale,0
an eagle,555,an ostrich a salmon,0
an eagle,555,an ostrich a dolphin,0
an eagle,555,an ostrich a whale,0
an eagle,555,a penguin a salmon,0
an eagle,555,a penguin a seal,0
an eagle,555,a penguin a whale,0
an eagle,555,a salmon a seal,0
an eagle,555,a salmon a dolphin,0
an eagle,555,a salmon a whale,0
an eagle,555,a seal a whale,0
an eagle,555,a dolphin a whale,0
a finch,556,a robin a chicken,0
a finch,556,a robin an eagle,0
a finch,556,a robin an ostrich,0
a finch,556,a robin a penguin,0
a finch,556,a robin a salmon,0
a finch,556,a robin a seal,0
a finch,556,a robin a dolphin,0
a finch,556,a robin a whale,0
a finch,556,a chicken an eagle,0
a finch,556,a chicken an ostrich,0
a finch,556,a chicken a penguin,0
a finch,556,a chicken a salmon,0
a finch,556,a chicken a seal,0
a finch,556,a chicken a dolphin,0
a finch,556,a chicken a whale,0
a finch,556,an eagle an ostrich,0
a finch,556,an eagle a penguin,0
a finch,556,an eagle a salmon,0
a finch,556,an eagle a seal,0
a finch,556,an eagle a dolphin,0
a finch,556,an eagle a whale,0
a finch,556,an ostrich a penguin,0
a finch,556,an ostrich a salmon,0
a finch,556,an ostrich a seal,0
a finch,556,an ostrich a dolphin,0
a finch,556,a penguin a salmon,0
a finch,556,a penguin a seal,0
a finch,556,a penguin a dolphin,0
a finch,556,a penguin a whale,0
a finch,556,a salmon a seal,0
a finch,556,a salmon a dolphin,0
a finch,556,a salmon a whale,0
a finch,556,a seal a whale,0
a finch,556,a dolphin a whale,0
a salmon,557,a finch a robin,0
a salmon,557,a finch a chicken,0
a salmon,557,a finch an eagle,0
a salmon,557,a finch an ostrich,0
a salmon,557,a finch a penguin,0
a salmon,557,a finch a seal,1
a salmon,557,a finch a dolphin,0
a salmon,557,a finch a whale,0
a salmon,557,a robin a chicken,0
a salmon,557,a robin an eagle,1
a salmon,557,a robin an ostrich,0
a salmon,557,a robin a penguin,0
a salmon,557,a robin a seal,1
a salmon,557,a robin a dolphin,0
a salmon,557,a robin a whale,0
a salmon,557,a chicken an ostrich,0
a salmon,557,a chicken a penguin,0
a salmon,557,a chicken a seal,1
a salmon,557,a chicken a dolphin,0
a salmon,557,a chicken a whale,0
a salmon,557,an eagle an ostrich,0
a salmon,557,an eagle a seal,0
a salmon,557,an eagle a dolphin,0
a salmon,557,an eagle a whale,1
a salmon,557,an ostrich a penguin,0
a salmon,557,an ostrich a seal,1
a salmon,557,an ostrich a dolphin,1
a salmon,557,an ostrich a whale,0
a salmon,557,a penguin a seal,1
a salmon,557,a penguin a dolphin,0
a salmon,557,a penguin a whale,1
a salmon,557,a seal a whale,0
a salmon,557,a dolphin a whale,0
a dolphin,558,a finch a robin,0
a dolphin,558,a finch a chicken,0
a dolphin,558,a finch an eagle,0
a dolphin,558,a finch an ostrich,0
a dolphin,558,a finch a penguin,0
a dolphin,558,a finch a salmon,0
a dolphin,558,a finch a seal,1
a dolphin,558,a finch a whale,0
a dolphin,558,a robin a chicken,0
a dolphin,558,a robin an eagle,0
a dolphin,558,a robin an ostrich,0
a dolphin,558,a robin a penguin,0
a dolphin,558,a robin a salmon,0
a dolphin,558,a robin a seal,1
a dolphin,558,a robin a whale,0
a dolphin,558,a chicken an eagle,0
a dolphin,558,a chicken an ostrich,0
a dolphin,558,a chicken a penguin,0
a dolphin,558,a chicken a salmon,0
a dolphin,558,a chicken a seal,0
a dolphin,558,a chicken a whale,0
a dolphin,558,an eagle an ostrich,0
a dolphin,558,an eagle a penguin,0
a dolphin,558,an eagle a salmon,1
a dolphin,558,an eagle a seal,1
a dolphin,558,an eagle a whale,1
a dolphin,558,an ostrich a penguin,0
a dolphin,558,an ostrich a salmon,0
a dolphin,558,an ostrich a seal,0
a dolphin,558,an ostrich a whale,0
a dolphin,558,a penguin a seal,0
a dolphin,558,a penguin a whale,0
a dolphin,558,a salmon a seal,1
a dolphin,558,a salmon a whale,0
a dolphin,558,a seal a whale,0
an eagle,559,a finch a robin,0
an eagle,559,a finch a chicken,0
an eagle,559,a finch an ostrich,0
an eagle,559,a finch a penguin,0
an eagle,559,a finch a salmon,0
an eagle,559,a finch a seal,0
an eagle,559,a finch a dolphin,0
an eagle,559,a finch a whale,0
an eagle,559,a robin a chicken,0
an eagle,559,a robin an ostrich,0
an eagle,559,a robin a penguin,0
an eagle,559,a robin a salmon,0
an eagle,559,a robin a seal,0
an eagle,559,a robin a dolphin,0
an eagle,559,a robin a whale,0
an eagle,559,a chicken an ostrich,0
an eagle,559,a chicken a penguin,0
an eagle,559,a chicken a salmon,0
an eagle,559,a chicken a seal,0
an eagle,559,a chicken a dolphin,0
an eagle,559,a chicken a whale,0
an eagle,559,an ostrich a penguin,0
an eagle,559,an ostrich a salmon,0
an eagle,559,an ostrich a seal,0
an eagle,559,an ostrich a dolphin,0
an eagle,559,an ostrich a whale,0
an eagle,559,a penguin a salmon,0
an eagle,559,a penguin a seal,0
an eagle,559,a penguin a whale,0
an eagle,559,a salmon a seal,0
an eagle,559,a salmon a dolphin,0
an eagle,559,a salmon a whale,0
an eagle,559,a seal a dolphin,0
an eagle,559,a dolphin a whale,0
an eagle,560,a finch a robin,0
an eagle,560,a finch a chicken,0
an eagle,560,a finch an ostrich,0
an eagle,560,a finch a penguin,0
an eagle,560,a finch a salmon,0
an eagle,560,a finch a seal,0
an eagle,560,a finch a dolphin,0
an eagle,560,a finch a whale,0
an eagle,560,a robin a chicken,0
an eagle,560,a robin an ostrich,0
an eagle,560,a robin a penguin,0
an eagle,560,a robin a salmon,0
an eagle,560,a robin a seal,0
an eagle,560,a robin a dolphin,0
an eagle,560,a robin a whale,0
an eagle,560,a chicken an ostrich,0
an eagle,560,a chicken a penguin,0
an eagle,560,a chicken a salmon,0
an eagle,560,a chicken a seal,0
an eagle,560,a chicken a dolphin,0
an eagle,560,a chicken a whale,0
an eagle,560,an ostrich a penguin,0
an eagle,560,an ostrich a salmon,0
an eagle,560,an ostrich a seal,0
an eagle,560,an ostrich a dolphin,0
an eagle,560,an ostrich a whale,0
an eagle,560,a penguin a salmon,0
an eagle,560,a penguin a seal,0
an eagle,560,a penguin a dolphin,0
an eagle,560,a penguin a whale,0
an eagle,560,a salmon a seal,0
an eagle,560,a salmon a dolphin,0
an eagle,560,a seal a dolphin,0
an eagle,560,a seal a whale,0
an eagle,560,a dolphin a whale,0
a penguin,561,a finch a robin,0
a penguin,561,a finch a chicken,0
a penguin,561,a finch an eagle,0
a penguin,561,a finch an ostrich,0
a penguin,561,a finch a salmon,0
a penguin,561,a finch a seal,0
a penguin,561,a finch a dolphin,0
a penguin,561,a finch a whale,0
a penguin,561,a robin a chicken,0
a penguin,561,a robin an eagle,0
a penguin,561,a robin an ostrich,0
a penguin,561,a robin a salmon,0
a penguin,561,a robin a seal,1
a penguin,561,a robin a dolphin,0
a penguin,561,a robin a whale,0
a penguin,561,a chicken an eagle,0
a penguin,561,a chicken an ostrich,0
a penguin,561,a chicken a salmon,0
a penguin,561,a chicken a seal,1
a penguin,561,a chicken a dolphin,0
a penguin,561,a chicken a whale,0
a penguin,561,an eagle an ostrich,0
a penguin,561,an eagle a salmon,0
a penguin,561,an eagle a seal,1
a penguin,561,an eagle a dolphin,0
a penguin,561,an eagle a whale,1
a penguin,561,an ostrich a salmon,0
a penguin,561,an ostrich a seal,0
a penguin,561,an ostrich a dolphin,0
a penguin,561,an ostrich a whale,0
a penguin,561,a salmon a seal,0
a penguin,561,a salmon a dolphin,1
a penguin,561,a salmon a whale,0
a penguin,561,a seal a dolphin,0
a penguin,561,a seal a whale,0
a penguin,561,a dolphin a whale,0
a chicken,562,a finch a robin,0
a chicken,562,a finch an eagle,1
a chicken,562,a finch an ostrich,0
a chicken,562,a finch a penguin,0
a chicken,562,a finch a salmon,0
a chicken,562,a finch a seal,0
a chicken,562,a finch a dolphin,0
a chicken,562,a finch a whale,0
a chicken,562,a robin an eagle,0
a chicken,562,a robin an ostrich,0
a chicken,562,a robin a penguin,0
a chicken,562,a robin a salmon,0
a chicken,562,a robin a seal,0
a chicken,562,a robin a dolphin,0
a chicken,562,a robin a whale,0
a chicken,562,an eagle an ostrich,0
a chicken,562,an eagle a penguin,0
a chicken,562,an eagle a salmon,0
a chicken,562,an eagle a seal,0
a chicken,562,an eagle a whale,0
a chicken,562,an ostrich a penguin,0
a chicken,562,an ostrich a salmon,0
a chicken,562,an ostrich a seal,0
a chicken,562,an ostrich a dolphin,0
a chicken,562,an ostrich a whale,0
a chicken,562,a penguin a salmon,0
a chicken,562,a penguin a seal,0
a chicken,562,a penguin a dolphin,0
a chicken,562,a penguin a whale,0
a chicken,562,a salmon a seal,1
a chicken,562,a salmon a dolphin,0
a chicken,562,a salmon a whale,0
a chicken,562,a seal a dolphin,0
a chicken,562,a seal a whale,0
a chicken,562,a dolphin a whale,0
a penguin,563,a finch a robin,0
a penguin,563,a finch a chicken,1
a penguin,563,a finch an eagle,0
a penguin,563,a finch an ostrich,0
a penguin,563,a finch a salmon,0
a penguin,563,a finch a seal,0
a penguin,563,a finch a dolphin,0
a penguin,563,a finch a whale,0
a penguin,563,a robin a chicken,0
a penguin,563,a robin an eagle,0
a penguin,563,a robin an ostrich,0
a penguin,563,a robin a salmon,0
a penguin,563,a robin a seal,1
a penguin,563,a robin a dolphin,0
a penguin,563,a robin a whale,0
a penguin,563,a chicken an eagle,0
a penguin,563,a chicken an ostrich,0
a penguin,563,a chicken a salmon,0
a penguin,563,a chicken a seal,0
a penguin,563,a chicken a dolphin,0
a penguin,563,a chicken a whale,0
a penguin,563,an eagle an ostrich,0
a penguin,563,an eagle a salmon,1
a penguin,563,an eagle a seal,1
a penguin,563,an eagle a dolphin,0
a penguin,563,an eagle a whale,1
a penguin,563,an ostrich a salmon,0
a penguin,563,an ostrich a seal,0
a penguin,563,an ostrich a dolphin,0
a penguin,563,an ostrich a whale,0
a penguin,563,a salmon a seal,0
a penguin,563,a salmon a dolphin,0
a penguin,563,a salmon a whale,0
a penguin,563,a seal a dolphin,0
a penguin,563,a seal a whale,0
a penguin,563,a dolphin a whale,0
a salmon,564,a finch a robin,0
a salmon,564,a finch a chicken,0
a salmon,564,a finch an eagle,0
a salmon,564,a finch an ostrich,0
a salmon,564,a finch a penguin,0
a salmon,564,a finch a seal,0
a salmon,564,a finch a dolphin,0
a salmon,564,a finch a whale,0
a salmon,564,a robin a chicken,1
a salmon,564,a robin an eagle,0
a salmon,564,a robin an ostrich,0
a salmon,564,a robin a penguin,0
a salmon,564,a robin a seal,0
a salmon,564,a robin a whale,0
a salmon,564,a chicken an eagle,0
a salmon,564,a chicken an ostrich,0
a salmon,564,a chicken a penguin,0
a salmon,564,a chicken a seal,1
a salmon,564,a chicken a dolphin,0
a salmon,564,a chicken a whale,0
a salmon,564,an eagle an ostrich,0
a salmon,564,an eagle a penguin,0
a salmon,564,an eagle a seal,1
a salmon,564,an eagle a dolphin,0
a salmon,564,an eagle a whale,0
a salmon,564,an ostrich a penguin,0
a salmon,564,an ostrich a seal,0
a salmon,564,an ostrich a dolphin,0
a salmon,564,an ostrich a whale,0
a salmon,564,a penguin a seal,1
a salmon,564,a penguin a dolphin,0
a salmon,564,a penguin a whale,0
a salmon,564,a seal a dolphin,0
a salmon,564,a seal a whale,0
a salmon,564,a dolphin a whale,0
a whale,565,a finch a robin,0
a whale,565,a finch a chicken,0
a whale,565,a finch an eagle,0
a whale,565,a finch an ostrich,0
a whale,565,a finch a penguin,0
a whale,565,a finch a salmon,0
a whale,565,a finch a seal,0
a whale,565,a finch a dolphin,0
a whale,565,a robin a chicken,0
a whale,565,a robin an eagle,0
a whale,565,a robin a penguin,0
a whale,565,a robin a salmon,1
a whale,565,a robin a seal,1
a whale,565,a robin a dolphin,0
a whale,565,a chicken an eagle,0
a whale,565,a chicken an ostrich,0
a whale,565,a chicken a penguin,0
a whale,565,a chicken a salmon,0
a whale,565,a chicken a seal,0
a whale,565,a chicken a dolphin,0
a whale,565,an eagle an ostrich,0
a whale,565,an eagle a penguin,0
a whale,565,an eagle a salmon,1
a whale,565,an eagle a seal,1
a whale,565,an eagle a dolphin,0
a whale,565,an ostrich a penguin,0
a whale,565,an ostrich a salmon,0
a whale,565,an ostrich a seal,1
a whale,565,an ostrich a dolphin,0
a whale,565,a penguin a salmon,0
a whale,565,a penguin a seal,1
a whale,565,a penguin a dolphin,1
a whale,565,a salmon a seal,1
a whale,565,a salmon a dolphin,0
a whale,565,a seal a dolphin,0
a whale,566,a finch a robin,0
a whale,566,a finch a chicken,1
a whale,566,a finch an eagle,0
a whale,566,a finch an ostrich,0
a whale,566,a finch a penguin,0
a whale,566,a finch a salmon,0
a whale,566,a finch a seal,1
a whale,566,a finch a dolphin,0
a whale,566,a robin a chicken,0
a whale,566,a robin an eagle,0
a whale,566,a robin an ostrich,0
a whale,566,a robin a penguin,0
a whale,566,a robin a salmon,0
a whale,566,a robin a seal,0
a whale,566,a robin a dolphin,0
a whale,566,a chicken an eagle,0
a whale,566,a chicken an ostrich,0
a whale,566,a chicken a penguin,0
a whale,566,a chicken a salmon,0
a whale,566,a chicken a seal,1
a whale,566,a chicken a dolphin,0
a whale,566,an eagle an ostrich,0
a whale,566,an eagle a penguin,0
a whale,566,an eagle a salmon,1
a whale,566,an eagle a seal,1
a whale,566,an eagle a dolphin,0
a whale,566,an ostrich a penguin,0
a whale,566,an ostrich a salmon,0
a whale,566,an ostrich a seal,1
a whale,566,an ostrich a dolphin,0
a whale,566,a penguin a salmon,0
a whale,566,a penguin a seal,0
a whale,566,a salmon a seal,0
a whale,566,a salmon a dolphin,1
a whale,566,a seal a dolphin,0
a chicken,567,a finch a robin,0
a chicken,567,a finch an eagle,0
a chicken,567,a finch an ostrich,0
a chicken,567,a finch a penguin,0
a chicken,567,a finch a salmon,0
a chicken,567,a finch a seal,0
a chicken,567,a finch a dolphin,0
a chicken,567,a finch a whale,0
a chicken,567,a robin an eagle,0
a chicken,567,a robin an ostrich,0
a chicken,567,a robin a penguin,0
a chicken,567,a robin a salmon,0
a chicken,567,a robin a seal,0
a chicken,567,a robin a dolphin,0
a chicken,567,a robin a whale,0
a chicken,567,an eagle an ostrich,0
a chicken,567,an eagle a penguin,0
a chicken,567,an eagle a salmon,0
a chicken,567,an eagle a seal,0
a chicken,567,an eagle a dolphin,0
a chicken,567,an eagle a whale,0
a chicken,567,an ostrich a penguin,0
a chicken,567,an ostrich a salmon,0
a chicken,567,an ostrich a seal,0
a chicken,567,an ostrich a dolphin,0
a chicken,567,an ostrich a whale,0
a chicken,567,a penguin a salmon,0
a chicken,567,a penguin a seal,0
a chicken,567,a penguin a dolphin,0
a chicken,567,a penguin a whale,0
a chicken,567,a salmon a seal,0
a chicken,567,a salmon a dolphin,0
a chicken,567,a salmon a whale,0
a chicken,567,a seal a dolphin,1
a chicken,567,a seal a whale,0
a chicken,567,a dolphin a whale,0
a salmon,568,a finch a robin,0
a salmon,568,a finch a chicken,0
a salmon,568,a finch an eagle,0
a salmon,568,a finch an ostrich,0
a salmon,568,a finch a seal,1
a salmon,568,a finch a dolphin,1
a salmon,568,a finch a whale,0
a salmon,568,a robin a chicken,1
a salmon,568,a robin an eagle,0
a salmon,568,a robin an ostrich,0
a salmon,568,a robin a penguin,0
a salmon,568,a robin a seal,1
a salmon,568,a robin a dolphin,0
a salmon,568,a robin a whale,0
a salmon,568,a chicken an eagle,0
a salmon,568,a chicken an ostrich,0
a salmon,568,a chicken a penguin,0
a salmon,568,a chicken a seal,1
a salmon,568,a chicken a dolphin,0
a salmon,568,a chicken a whale,0
a salmon,568,an eagle an ostrich,0
a salmon,568,an eagle a penguin,0
a salmon,568,an eagle a seal,0
a salmon,568,an eagle a dolphin,0
a salmon,568,an eagle a whale,0
a salmon,568,an ostrich a penguin,0
a salmon,568,an ostrich a seal,0
a salmon,568,an ostrich a dolphin,0
a salmon,568,an ostrich a whale,0
a salmon,568,a penguin a seal,1
a salmon,568,a penguin a dolphin,0
a salmon,568,a penguin a whale,0
a salmon,568,a seal a dolphin,0
a salmon,568,a seal a whale,0
a salmon,568,a dolphin a whale,0
a chicken,569,a finch a robin,0
a chicken,569,a finch an eagle,0
a chicken,569,a finch an ostrich,0
a chicken,569,a finch a penguin,0
a chicken,569,a finch a salmon,0
a chicken,569,a finch a seal,0
a chicken,569,a finch a dolphin,0
a chicken,569,a finch a whale,0
a chicken,569,a robin an eagle,0
a chicken,569,a robin an ostrich,0
a chicken,569,a robin a penguin,0
a chicken,569,a robin a salmon,0
a chicken,569,a robin a seal,0
a chicken,569,a robin a dolphin,0
a chicken,569,a robin a whale,0
a chicken,569,an eagle an ostrich,0
a chicken,569,an eagle a penguin,0
a chicken,569,an eagle a salmon,0
a chicken,569,an eagle a seal,0
a chicken,569,an eagle a dolphin,0
a chicken,569,an eagle a whale,0
a chicken,569,an ostrich a penguin,0
a chicken,569,an ostrich a salmon,0
a chicken,569,an ostrich a seal,0
a chicken,569,an ostrich a dolphin,0
a chicken,569,an ostrich a whale,0
a chicken,569,a penguin a salmon,0
a chicken,569,a penguin a seal,0
a chicken,569,a penguin a dolphin,0
a chicken,569,a penguin a whale,0
a chicken,569,a salmon a seal,0
a chicken,569,a salmon a dolphin,0
a chicken,569,a salmon a whale,0
a chicken,569,a seal a dolphin,0
a chicken,569,a seal a whale,0
a chicken,569,a dolphin a whale,0
a robin,570,a finch a chicken,0
a robin,570,a finch an eagle,0
a robin,570,a finch an ostrich,0
a robin,570,a finch a penguin,0
a robin,570,a finch a salmon,0
a robin,570,a finch a seal,0
a robin,570,a finch a dolphin,0
a robin,570,a finch a whale,0
a robin,570,a chicken an eagle,0
a robin,570,a chicken an ostrich,0
a robin,570,a chicken a penguin,0
a robin,570,a chicken a salmon,0
a robin,570,a chicken a seal,0
a robin,570,a chicken a dolphin,0
a robin,570,a chicken a whale,0
a robin,570,an eagle an ostrich,0
a robin,570,an eagle a penguin,0
a robin,570,an eagle a salmon,1
a robin,570,an eagle a seal,0
a robin,570,an eagle a dolphin,0
a robin,570,an eagle a whale,0
a robin,570,an ostrich a penguin,0
a robin,570,an ostrich a salmon,0
a robin,570,an ostrich a seal,0
a robin,570,an ostrich a dolphin,0
a robin,570,an ostrich a whale,0
a robin,570,a penguin a salmon,0
a robin,570,a penguin a seal,0
a robin,570,a penguin a dolphin,0
a robin,570,a penguin a whale,0
a robin,570,a salmon a seal,0
a robin,570,a salmon a dolphin,0
a robin,570,a salmon a whale,0
a robin,570,a seal a dolphin,0
a robin,570,a seal a whale,0
a robin,570,a dolphin a whale,0
a whale,571,a finch a robin,0
a whale,571,a finch a chicken,0
a whale,571,a finch an eagle,0
a whale,571,a finch an ostrich,0
a whale,571,a finch a penguin,0
a whale,571,a finch a salmon,0
a whale,571,a finch a seal,1
a whale,571,a finch a dolphin,0
a whale,571,a robin a chicken,1
a whale,571,a robin an eagle,0
a whale,571,a robin an ostrich,0
a whale,571,a robin a penguin,0
a whale,571,a robin a salmon,0
a whale,571,a robin a seal,0
a whale,571,a robin a dolphin,0
a whale,571,a chicken an eagle,0
a whale,571,a chicken an ostrich,0
a whale,571,a chicken a penguin,0
a whale,571,a chicken a salmon,0
a whale,571,a chicken a seal,1
a whale,571,a chicken a dolphin,0
a whale,571,an eagle an ostrich,1
a whale,571,an eagle a penguin,0
a whale,571,an eagle a salmon,0
a whale,571,an eagle a seal,1
a whale,571,an eagle a dolphin,1
a whale,571,an ostrich a penguin,0
a whale,571,an ostrich a salmon,0
a whale,571,an ostrich a seal,1
a whale,571,an ostrich a dolphin,0
a whale,571,a penguin a salmon,0
a whale,571,a penguin a seal,1
a whale,571,a penguin a dolphin,1
a whale,571,a salmon a dolphin,0
a whale,571,a seal a dolphin,0
an eagle,572,a finch a robin,0
an eagle,572,a finch a chicken,0
an eagle,572,a finch an ostrich,0
an eagle,572,a finch a penguin,0
an eagle,572,a finch a salmon,0
an eagle,572,a finch a seal,0
an eagle,572,a finch a dolphin,0
an eagle,572,a finch a whale,0
an eagle,572,a robin a chicken,0
an eagle,572,a robin an ostrich,0
an eagle,572,a robin a penguin,0
an eagle,572,a robin a salmon,0
an eagle,572,a robin a seal,0
an eagle,572,a robin a dolphin,0
an eagle,572,a robin a whale,0
an eagle,572,a chicken an ostrich,0
an eagle,572,a chicken a penguin,0
an eagle,572,a chicken a salmon,0
an eagle,572,a chicken a seal,0
an eagle,572,a chicken a dolphin,0
an eagle,572,a chicken a whale,0
an eagle,572,an ostrich a penguin,0
an eagle,572,an ostrich a salmon,0
an eagle,572,an ostrich a seal,0
an eagle,572,an ostrich a dolphin,0
an eagle,572,an ostrich a whale,0
an eagle,572,a penguin a salmon,0
an eagle,572,a penguin a seal,0
an eagle,572,a penguin a dolphin,0
an eagle,572,a penguin a whale,0
an eagle,572,a salmon a seal,0
an eagle,572,a salmon a dolphin,0
an eagle,572,a salmon a whale,0
an eagle,572,a seal a dolphin,0
an eagle,572,a seal a whale,0
a seal,573,a finch a robin,0
a seal,573,a finch a chicken,0
a seal,573,a finch an eagle,0
a seal,573,a finch an ostrich,0
a seal,573,a finch a penguin,0
a seal,573,a finch a salmon,0
a seal,573,a finch a dolphin,0
a seal,573,a finch a whale,0
a seal,573,a robin a chicken,0
a seal,573,a robin an eagle,0
a seal,573,a robin an ostrich,0
a seal,573,a robin a penguin,0
a seal,573,a robin a salmon,0
a seal,573,a robin a dolphin,0
a seal,573,a robin a whale,0
a seal,573,a chicken an ostrich,0
a seal,573,a chicken a penguin,0
a seal,573,a chicken a salmon,0
a seal,573,a chicken a dolphin,0
a seal,573,a chicken a whale,0
a seal,573,an eagle an ostrich,0
a seal,573,an eagle a penguin,0
a seal,573,an eagle a salmon,1
a seal,573,an eagle a dolphin,0
a seal,573,an eagle a whale,0
a seal,573,an ostrich a penguin,0
a seal,573,an ostrich a salmon,0
a seal,573,an ostrich a dolphin,0
a seal,573,an ostrich a whale,0
a seal,573,a penguin a salmon,0
a seal,573,a penguin a dolphin,0
a seal,573,a penguin a whale,0
a seal,573,a salmon a dolphin,0
a seal,573,a salmon a whale,0
a seal,573,a dolphin a whale,0
a dolphin,574,a finch a robin,0
a dolphin,574,a finch a chicken,0
a dolphin,574,a finch an eagle,0
a dolphin,574,a finch an ostrich,0
a dolphin,574,a finch a penguin,0
a dolphin,574,a finch a salmon,0
a dolphin,574,a finch a seal,0
a dolphin,574,a finch a whale,0
a dolphin,574,a robin a chicken,0
a dolphin,574,a robin an eagle,1
a dolphin,574,a robin an ostrich,0
a dolphin,574,a robin a penguin,0
a dolphin,574,a robin a salmon,0
a dolphin,574,a robin a seal,1
a dolphin,574,a robin a whale,0
a dolphin,574,a chicken an eagle,0
a dolphin,574,a chicken an ostrich,0
a dolphin,574,a chicken a salmon,0
a dolphin,574,a chicken a whale,0
a dolphin,574,an eagle an ostrich,0
a dolphin,574,an eagle a penguin,0
a dolphin,574,an eagle a salmon,0
a dolphin,574,an eagle a seal,1
a dolphin,574,an eagle a whale,1
a dolphin,574,an ostrich a penguin,0
a dolphin,574,an ostrich a salmon,1
a dolphin,574,an ostrich a whale,0
a dolphin,574,a penguin a salmon,0
a dolphin,574,a penguin a seal,1
a dolphin,574,a penguin a whale,1
a dolphin,574,a salmon a seal,1
a dolphin,574,a salmon a whale,1
a dolphin,574,a seal a whale,0
a salmon,575,a finch a robin,0
a salmon,575,a finch a chicken,1
a salmon,575,a finch an eagle,0
a salmon,575,a finch an ostrich,0
a salmon,575,a finch a penguin,0
a salmon,575,a finch a seal,1
a salmon,575,a finch a dolphin,0
a salmon,575,a finch a whale,0
a salmon,575,a robin a chicken,0
a salmon,575,a robin an eagle,1
a salmon,575,a robin an ostrich,0
a salmon,575,a robin a penguin,0
a salmon,575,a robin a seal,1
a salmon,575,a robin a dolphin,0
a salmon,575,a robin a whale,1
a salmon,575,a chicken an eagle,0
a salmon,575,a chicken an ostrich,0
a salmon,575,a chicken a penguin,0
a salmon,575,a chicken a seal,0
a salmon,575,a chicken a dolphin,0
a salmon,575,a chicken a whale,0
a salmon,575,an eagle a penguin,0
a salmon,575,an eagle a seal,1
a salmon,575,an eagle a dolphin,0
a salmon,575,an eagle a whale,0
a salmon,575,an ostrich a penguin,0
a salmon,575,an ostrich a seal,1
a salmon,575,an ostrich a dolphin,0
a salmon,575,an ostrich a whale,0
a salmon,575,a penguin a seal,0
a salmon,575,a penguin a dolphin,0
a salmon,575,a penguin a whale,1
a salmon,575,a seal a whale,0
a salmon,575,a dolphin a whale,0
a finch,576,a robin a chicken,1
a finch,576,a robin an eagle,0
a finch,576,a robin an ostrich,0
a finch,576,a robin a penguin,0
a finch,576,a robin a salmon,0
a finch,576,a robin a seal,0
a finch,576,a robin a dolphin,0
a finch,576,a robin a whale,0
a finch,576,a chicken an eagle,0
a finch,576,a chicken an ostrich,0
a finch,576,a chicken a penguin,0
a finch,576,a chicken a salmon,0
a finch,576,a chicken a seal,0
a finch,576,a chicken a dolphin,0
a finch,576,a chicken a whale,0
a finch,576,an eagle an ostrich,0
a finch,576,an eagle a penguin,0
a finch,576,an eagle a salmon,0
a finch,576,an eagle a seal,0
a finch,576,an eagle a dolphin,0
a finch,576,an eagle a whale,0
a finch,576,an ostrich a penguin,0
a finch,576,an ostrich a salmon,0
a finch,576,an ostrich a seal,0
a finch,576,an ostrich a dolphin,1
a finch,576,an ostrich a whale,0
a finch,576,a penguin a salmon,0
a finch,576,a penguin a seal,0
a finch,576,a penguin a dolphin,0
a finch,576,a penguin a whale,0
a finch,576,a salmon a seal,0
a finch,576,a salmon a dolphin,0
a finch,576,a salmon a whale,0
a finch,576,a seal a dolphin,0
a finch,576,a seal a whale,0
a finch,576,a dolphin a whale,0
a chicken,577,a finch a robin,0
a chicken,577,a finch an eagle,0
a chicken,577,a finch an ostrich,0
a chicken,577,a finch a penguin,0
a chicken,577,a finch a salmon,0
a chicken,577,a finch a seal,0
a chicken,577,a finch a dolphin,0
a chicken,577,a finch a whale,0
a chicken,577,a robin an eagle,0
a chicken,577,a robin a penguin,0
a chicken,577,a robin a salmon,1
a chicken,577,a robin a seal,0
a chicken,577,a robin a dolphin,0
a chicken,577,a robin a whale,0
a chicken,577,an eagle an ostrich,0
a chicken,577,an eagle a penguin,0
a chicken,577,an eagle a salmon,0
a chicken,577,an eagle a seal,0
a chicken,577,an eagle a whale,0
a chicken,577,an ostrich a penguin,0
a chicken,577,an ostrich a salmon,0
a chicken,577,an ostrich a seal,0
a chicken,577,an ostrich a dolphin,0
a chicken,577,an ostrich a whale,0
a chicken,577,a penguin a salmon,0
a chicken,577,a penguin a seal,0
a chicken,577,a penguin a dolphin,0
a chicken,577,a penguin a whale,0
a chicken,577,a salmon a seal,0
a chicken,577,a salmon a dolphin,0
a chicken,577,a salmon a whale,0
a chicken,577,a seal a dolphin,0
a chicken,577,a seal a whale,0
a chicken,577,a dolphin a whale,0
a dolphin,578,a finch a robin,0
a dolphin,578,a finch a chicken,0
a dolphin,578,a finch an eagle,0
a dolphin,578,a finch an ostrich,0
a dolphin,578,a finch a penguin,0
a dolphin,578,a finch a salmon,0
a dolphin,578,a finch a seal,1
a dolphin,578,a finch a whale,0
a dolphin,578,a robin a chicken,1
a dolphin,578,a robin an eagle,0
a dolphin,578,a robin an ostrich,0
a dolphin,578,a robin a penguin,0
a dolphin,578,a robin a salmon,0
a dolphin,578,a robin a seal,1
a dolphin,578,a robin a whale,0
a dolphin,578,a chicken an eagle,0
a dolphin,578,a chicken a penguin,0
a dolphin,578,a chicken a salmon,0
a dolphin,578,a chicken a seal,1
a dolphin,578,a chicken a whale,0
a dolphin,578,an eagle an ostrich,0
a dolphin,578,an eagle a penguin,0
a dolphin,578,an eagle a salmon,0
a dolphin,578,an eagle a seal,0
a dolphin,578,an eagle a whale,0
a dolphin,578,an ostrich a salmon,0
a dolphin,578,an ostrich a seal,0
a dolphin,578,an ostrich a whale,1
a dolphin,578,a penguin a salmon,0
a dolphin,578,a penguin a seal,0
a dolphin,578,a penguin a whale,0
a dolphin,578,a salmon a seal,0
a dolphin,578,a salmon a whale,0
a dolphin,578,a seal a whale,0
a finch,579,a robin a chicken,0
a finch,579,a robin an eagle,0
a finch,579,a robin an ostrich,0
a finch,579,a robin a penguin,0
a finch,579,a robin a salmon,0
a finch,579,a robin a seal,0
a finch,579,a robin a dolphin,0
a finch,579,a robin a whale,0
a finch,579,a chicken an eagle,0
a finch,579,a chicken an ostrich,0
a finch,579,a chicken a penguin,0
a finch,579,a chicken a salmon,0
a finch,579,a chicken a seal,0
a finch,579,a chicken a dolphin,0
a finch,579,a chicken a whale,0
a finch,579,an eagle an ostrich,0
a finch,579,an eagle a penguin,0
a finch,579,an eagle a salmon,0
a finch,579,an eagle a seal,0
a finch,579,an eagle a dolphin,0
a finch,579,an eagle a whale,0
a finch,579,an ostrich a penguin,0
a finch,579,an ostrich a salmon,0
a finch,579,an ostrich a seal,0
a finch,579,an ostrich a whale,0
a finch,579,a penguin a salmon,0
a finch,579,a penguin a seal,0
a finch,579,a penguin a dolphin,0
a finch,579,a penguin a whale,0
a finch,579,a salmon a seal,0
a finch,579,a salmon a dolphin,0
a finch,579,a salmon a whale,0
a finch,579,a seal a dolphin,0
a finch,579,a seal a whale,0
a finch,579,a dolphin a whale,0
a dolphin,580,a finch a chicken,0
a dolphin,580,a finch an eagle,0
a dolphin,580,a finch an ostrich,0
a dolphin,580,a finch a penguin,0
a dolphin,580,a finch a salmon,0
a dolphin,580,a finch a seal,0
a dolphin,580,a finch a whale,0
a dolphin,580,a robin a chicken,0
a dolphin,580,a robin an eagle,0
a dolphin,580,a robin an ostrich,0
a dolphin,580,a robin a penguin,0
a dolphin,580,a robin a salmon,0
a dolphin,580,a robin a seal,1
a dolphin,580,a robin a whale,0
a dolphin,580,a chicken an eagle,0
a dolphin,580,a chicken an ostrich,0
a dolphin,580,a chicken a penguin,0
a dolphin,580,a chicken a salmon,0
a dolphin,580,a chicken a seal,0
a dolphin,580,a chicken a whale,0
a dolphin,580,an eagle an ostrich,0
a dolphin,580,an eagle a penguin,0
a dolphin,580,an eagle a salmon,1
a dolphin,580,an eagle a seal,0
a dolphin,580,an eagle a whale,0
a dolphin,580,an ostrich a penguin,0
a dolphin,580,an ostrich a salmon,0
a dolphin,580,an ostrich a seal,1
a dolphin,580,an ostrich a whale,1
a dolphin,580,a penguin a salmon,0
a dolphin,580,a penguin a seal,1
a dolphin,580,a penguin a whale,0
a dolphin,580,a salmon a seal,1
a dolphin,580,a salmon a whale,0
a dolphin,580,a seal a whale,0
a seal,581,a finch a robin,0
a seal,581,a finch a chicken,0
a seal,581,a finch an eagle,0
a seal,581,a finch an ostrich,0
a seal,581,a finch a penguin,0
a seal,581,a finch a salmon,0
a seal,581,a finch a dolphin,0
a seal,581,a finch a whale,0
a seal,581,a robin a chicken,1
a seal,581,a robin an ostrich,0
a seal,581,a robin a penguin,0
a seal,581,a robin a salmon,0
a seal,581,a robin a whale,0
a seal,581,a chicken an eagle,0
a seal,581,a chicken an ostrich,0
a seal,581,a chicken a penguin,0
a seal,581,a chicken a salmon,0
a seal,581,a chicken a dolphin,0
a seal,581,a chicken a whale,0
a seal,581,an eagle an ostrich,0
a seal,581,an eagle a penguin,0
a seal,581,an eagle a salmon,1
a seal,581,an eagle a dolphin,0
a seal,581,an eagle a whale,0
a seal,581,an ostrich a penguin,0
a seal,581,an ostrich a dolphin,0
a seal,581,a penguin a salmon,0
a seal,581,a penguin a dolphin,0
a seal,581,a penguin a whale,0
a seal,581,a salmon a dolphin,0
a seal,581,a salmon a whale,0
a seal,581,a dolphin a whale,0
a finch,582,a robin a chicken,0
a finch,582,a robin an eagle,0
a finch,582,a robin an ostrich,0
a finch,582,a robin a penguin,0
a finch,582,a robin a salmon,0
a finch,582,a robin a seal,0
a finch,582,a robin a dolphin,0
a finch,582,a robin a whale,0
a finch,582,a chicken an eagle,0
a finch,582,a chicken an ostrich,0
a finch,582,a chicken a penguin,0
a finch,582,a chicken a salmon,0
a finch,582,a chicken a seal,0
a finch,582,a chicken a dolphin,0
a finch,582,a chicken a whale,0
a finch,582,an eagle an ostrich,0
a finch,582,an eagle a penguin,0
a finch,582,an eagle a salmon,0
a finch,582,an eagle a seal,0
a finch,582,an eagle a dolphin,0
a finch,582,an eagle a whale,0
a finch,582,an ostrich a penguin,0
a finch,582,an ostrich a salmon,1
a finch,582,an ostrich a seal,0
a finch,582,an ostrich a dolphin,0
a finch,582,an ostrich a whale,0
a finch,582,a penguin a salmon,0
a finch,582,a penguin a seal,0
a finch,582,a penguin a dolphin,0
a finch,582,a penguin a whale,0
a finch,582,a salmon a seal,0
a finch,582,a salmon a dolphin,0
a finch,582,a salmon a whale,0
a finch,582,a seal a whale,0
a finch,582,a dolphin a whale,0
a penguin,583,a finch a robin,0
a penguin,583,a finch a chicken,1
a penguin,583,a finch an eagle,0
a penguin,583,a finch an ostrich,0
a penguin,583,a finch a salmon,0
a penguin,583,a finch a seal,1
a penguin,583,a finch a dolphin,0
a penguin,583,a finch a whale,0
a penguin,583,a robin a chicken,0
a penguin,583,a robin an eagle,0
a penguin,583,a robin an ostrich,0
a penguin,583,a robin a salmon,0
a penguin,583,a robin a seal,1
a penguin,583,a robin a dolphin,0
a penguin,583,a robin a whale,0
a penguin,583,a chicken an eagle,0
a penguin,583,a chicken an ostrich,0
a penguin,583,a chicken a salmon,0
a penguin,583,a chicken a seal,1
a penguin,583,a chicken a dolphin,0
a penguin,583,a chicken a whale,0
a penguin,583,an eagle an ostrich,0
a penguin,583,an eagle a salmon,0
a penguin,583,an eagle a seal,1
a penguin,583,an eagle a dolphin,0
a penguin,583,an eagle a whale,0
a penguin,583,an ostrich a salmon,0
a penguin,583,an ostrich a seal,1
a penguin,583,an ostrich a dolphin,0
a penguin,583,an ostrich a whale,0
a penguin,583,a salmon a seal,0
a penguin,583,a salmon a dolphin,0
a penguin,583,a salmon a whale,0
a penguin,583,a seal a dolphin,0
a penguin,583,a seal a whale,0
a penguin,583,a dolphin a whale,0
an ostrich,584,a finch a robin,0
an ostrich,584,a finch a chicken,0
an ostrich,584,a finch an eagle,0
an ostrich,584,a finch a penguin,0
an ostrich,584,a finch a salmon,0
an ostrich,584,a finch a seal,0
an ostrich,584,a finch a dolphin,0
an ostrich,584,a finch a whale,0
an ostrich,584,a robin a chicken,0
an ostrich,584,a robin an eagle,0
an ostrich,584,a robin a penguin,0
an ostrich,584,a robin a salmon,0
an ostrich,584,a robin a seal,0
an ostrich,584,a robin a dolphin,0
an ostrich,584,a robin a whale,0
an ostrich,584,a chicken an eagle,0
an ostrich,584,a chicken a penguin,0
an ostrich,584,a chicken a salmon,0
an ostrich,584,a chicken a seal,0
an ostrich,584,a chicken a dolphin,0
an ostrich,584,a chicken a whale,0
an ostrich,584,an eagle a penguin,0
an ostrich,584,an eagle a salmon,0
an ostrich,584,an eagle a seal,1
an ostrich,584,an eagle a dolphin,0
an ostrich,584,an eagle a whale,0
an ostrich,584,a penguin a salmon,0
an ostrich,584,a penguin a seal,0
an ostrich,584,a penguin a dolphin,0
an ostrich,584,a penguin a whale,0
an ostrich,584,a salmon a seal,0
an ostrich,584,a salmon a dolphin,0
an ostrich,584,a salmon a whale,0
an ostrich,584,a seal a dolphin,0
an ostrich,584,a seal a whale,0
an ostrich,584,a dolphin a whale,0
a penguin,585,a finch a robin,0
a penguin,585,a finch a chicken,1
a penguin,585,a finch an eagle,0
a penguin,585,a finch an ostrich,0
a penguin,585,a finch a salmon,0
a penguin,585,a finch a seal,0
a penguin,585,a finch a dolphin,0
a penguin,585,a finch a whale,0
a penguin,585,a robin a chicken,0
a penguin,585,a robin an eagle,0
a penguin,585,a robin an ostrich,0
a penguin,585,a robin a salmon,0
a penguin,585,a robin a seal,0
a penguin,585,a robin a dolphin,0
a penguin,585,a robin a whale,0
a penguin,585,a chicken an eagle,0
a penguin,585,a chicken an ostrich,0
a penguin,585,a chicken a salmon,0
a penguin,585,a chicken a seal,0
a penguin,585,a chicken a dolphin,0
a penguin,585,a chicken a whale,0
a penguin,585,an eagle an ostrich,0
a penguin,585,an eagle a salmon,1
a penguin,585,an eagle a seal,1
a penguin,585,an eagle a dolphin,0
a penguin,585,an eagle a whale,0
a penguin,585,an ostrich a salmon,0
a penguin,585,an ostrich a seal,0
a penguin,585,an ostrich a dolphin,0
a penguin,585,an ostrich a whale,0
a penguin,585,a salmon a seal,1
a penguin,585,a salmon a dolphin,1
a penguin,585,a salmon a whale,0
a penguin,585,a seal a dolphin,0
a penguin,585,a seal a whale,0
a penguin,585,a dolphin a whale,0
a whale,586,a finch a robin,0
a whale,586,a finch a chicken,0
a whale,586,a finch an eagle,0
a whale,586,a finch an ostrich,0
a whale,586,a finch a penguin,0
a whale,586,a finch a salmon,0
a whale,586,a finch a seal,0
a whale,586,a finch a dolphin,0
a whale,586,a robin a chicken,0
a whale,586,a robin an eagle,0
a whale,586,a robin an ostrich,0
a whale,586,a robin a penguin,0
a whale,586,a robin a salmon,0
a whale,586,a robin a seal,1
a whale,586,a robin a dolphin,0
a whale,586,a chicken an eagle,0
a whale,586,a chicken an ostrich,1
a whale,586,a chicken a penguin,0
a whale,586,a chicken a salmon,0
a whale,586,a chicken a seal,1
a whale,586,a chicken a dolphin,0
a whale,586,an eagle a penguin,0
a whale,586,an eagle a salmon,1
a whale,586,an eagle a seal,0
a whale,586,an eagle a dolphin,0
a whale,586,an ostrich a penguin,0
a whale,586,an ostrich a salmon,0
a whale,586,an ostrich a seal,1
a whale,586,an ostrich a dolphin,1
a whale,586,a penguin a salmon,0
a whale,586,a penguin a seal,0
a whale,586,a penguin a dolphin,0
a whale,586,a salmon a seal,0
a whale,586,a salmon a dolphin,0
a whale,586,a seal a dolphin,0
an ostrich,587,a finch a robin,0
an ostrich,587,a finch a chicken,0
an ostrich,587,a finch an eagle,0
an ostrich,587,a finch a penguin,0
an ostrich,587,a finch a salmon,0
an ostrich,587,a finch a seal,0
an ostrich,587,a finch a dolphin,0
an ostrich,587,a finch a whale,0
an ostrich,587,a robin a chicken,0
an ostrich,587,a robin an eagle,0
an ostrich,587,a robin a penguin,0
an ostrich,587,a robin a salmon,0
an ostrich,587,a robin a seal,1
an ostrich,587,a robin a dolphin,0
an ostrich,587,a robin a whale,0
an ostrich,587,a chicken an eagle,0
an ostrich,587,a chicken a penguin,0
an ostrich,587,a chicken a salmon,0
an ostrich,587,a chicken a seal,0
an ostrich,587,a chicken a dolphin,0
an ostrich,587,a chicken a whale,0
an ostrich,587,an eagle a penguin,0
an ostrich,587,an eagle a salmon,0
an ostrich,587,an eagle a seal,0
an ostrich,587,an eagle a dolphin,0
an ostrich,587,an eagle a whale,0
an ostrich,587,a penguin a salmon,0
an ostrich,587,a penguin a seal,0
an ostrich,587,a penguin a dolphin,0
an ostrich,587,a penguin a whale,0
an ostrich,587,a salmon a seal,0
an ostrich,587,a salmon a dolphin,0
an ostrich,587,a salmon a whale,0
an ostrich,587,a seal a dolphin,0
an ostrich,587,a seal a whale,0
an ostrich,587,a dolphin a whale,0
a penguin,588,a finch a robin,0
a penguin,588,a finch a chicken,1
a penguin,588,a finch an eagle,0
a penguin,588,a finch an ostrich,0
a penguin,588,a finch a salmon,0
a penguin,588,a finch a seal,1
a penguin,588,a finch a dolphin,0
a penguin,588,a finch a whale,0
a penguin,588,a robin a chicken,0
a penguin,588,a robin an eagle,0
a penguin,588,a robin an ostrich,0
a penguin,588,a robin a salmon,0
a penguin,588,a robin a seal,0
a penguin,588,a robin a dolphin,0
a penguin,588,a robin a whale,0
a penguin,588,a chicken an eagle,0
a penguin,588,a chicken an ostrich,0
a penguin,588,a chicken a salmon,0
a penguin,588,a chicken a seal,1
a penguin,588,a chicken a dolphin,0
a penguin,588,a chicken a whale,0
a penguin,588,an eagle an ostrich,0
a penguin,588,an eagle a salmon,0
a penguin,588,an eagle a seal,1
a penguin,588,an eagle a dolphin,1
a penguin,588,an eagle a whale,1
a penguin,588,an ostrich a salmon,0
a penguin,588,an ostrich a seal,0
a penguin,588,an ostrich a dolphin,0
a penguin,588,an ostrich a whale,0
a penguin,588,a salmon a seal,1
a penguin,588,a salmon a dolphin,0
a penguin,588,a salmon a whale,1
a penguin,588,a seal a dolphin,0
a penguin,588,a seal a whale,0
a penguin,588,a dolphin a whale,0
an ostrich,589,a finch a robin,0
an ostrich,589,a finch a chicken,1
an ostrich,589,a finch an eagle,0
an ostrich,589,a finch a penguin,0
an ostrich,589,a finch a salmon,0
an ostrich,589,a finch a seal,0
an ostrich,589,a finch a dolphin,0
an ostrich,589,a finch a whale,0
an ostrich,589,a robin a chicken,0
an ostrich,589,a robin an eagle,0
an ostrich,589,a robin a penguin,0
an ostrich,589,a robin a salmon,0
an ostrich,589,a robin a seal,0
an ostrich,589,a robin a dolphin,0
an ostrich,589,a robin a whale,0
an ostrich,589,a chicken an eagle,0
an ostrich,589,a chicken a penguin,0
an ostrich,589,a chicken a salmon,0
an ostrich,589,a chicken a seal,0
an ostrich,589,a chicken a dolphin,0
an ostrich,589,a chicken a whale,0
an ostrich,589,an eagle a penguin,0
an ostrich,589,an eagle a salmon,0
an ostrich,589,an eagle a seal,0
an ostrich,589,an eagle a dolphin,0
an ostrich,589,an eagle a whale,0
an ostrich,589,a penguin a salmon,0
an ostrich,589,a penguin a seal,0
an ostrich,589,a penguin a dolphin,0
an ostrich,589,a penguin a whale,0
an ostrich,589,a salmon a seal,0
an ostrich,589,a salmon a dolphin,0
an ostrich,589,a salmon a whale,0
an ostrich,589,a seal a dolphin,0
an ostrich,589,a dolphin a whale,0
an ostrich,590,a finch a robin,0
an ostrich,590,a finch a chicken,0
an ostrich,590,a finch an eagle,0
an ostrich,590,a finch a penguin,0
an ostrich,590,a finch a salmon,0
an ostrich,590,a finch a seal,0
an ostrich,590,a finch a dolphin,0
an ostrich,590,a finch a whale,0
an ostrich,590,a robin a chicken,0
an ostrich,590,a robin an eagle,0
an ostrich,590,a robin a penguin,0
an ostrich,590,a robin a salmon,0
an ostrich,590,a robin a seal,0
an ostrich,590,a robin a dolphin,0
an ostrich,590,a robin a whale,1
an ostrich,590,a chicken an eagle,0
an ostrich,590,a chicken a penguin,0
an ostrich,590,a chicken a salmon,0
an ostrich,590,a chicken a seal,0
an ostrich,590,a chicken a dolphin,0
an ostrich,590,a chicken a whale,0
an ostrich,590,an eagle a penguin,0
an ostrich,590,an eagle a salmon,0
an ostrich,590,an eagle a seal,0
an ostrich,590,an eagle a dolphin,0
an ostrich,590,an eagle a whale,0
an ostrich,590,a penguin a salmon,0
an ostrich,590,a penguin a seal,0
an ostrich,590,a penguin a dolphin,0
an ostrich,590,a penguin a whale,0
an ostrich,590,a salmon a seal,0
an ostrich,590,a salmon a dolphin,0
an ostrich,590,a salmon a whale,0
an ostrich,590,a seal a dolphin,0
an ostrich,590,a seal a whale,0
an ostrich,590,a dolphin a whale,0
an eagle,591,a finch a robin,0
an eagle,591,a finch a chicken,0
an eagle,591,a finch an ostrich,0
an eagle,591,a finch a penguin,0
an eagle,591,a finch a salmon,0
an eagle,591,a finch a seal,0
an eagle,591,a finch a dolphin,0
an eagle,591,a finch a whale,0
an eagle,591,a robin a chicken,0
an eagle,591,a robin an ostrich,0
an eagle,591,a robin a penguin,0
an eagle,591,a robin a salmon,0
an eagle,591,a robin a seal,0
an eagle,591,a robin a dolphin,0
an eagle,591,a robin a whale,0
an eagle,591,a chicken an ostrich,0
an eagle,591,a chicken a penguin,0
an eagle,591,a chicken a salmon,0
an eagle,591,a chicken a seal,0
an eagle,591,a chicken a dolphin,0
an eagle,591,a chicken a whale,0
an eagle,591,an ostrich a penguin,0
an eagle,591,an ostrich a salmon,0
an eagle,591,an ostrich a seal,0
an eagle,591,an ostrich a dolphin,0
an eagle,591,an ostrich a whale,0
an eagle,591,a penguin a salmon,0
an eagle,591,a penguin a seal,1
an eagle,591,a penguin a dolphin,0
an eagle,591,a penguin a whale,0
an eagle,591,a salmon a seal,0
an eagle,591,a salmon a dolphin,0
an eagle,591,a salmon a whale,0
an eagle,591,a seal a dolphin,0
an eagle,591,a seal a whale,0
an eagle,591,a dolphin a whale,0
a chicken,592,a finch a robin,0
a chicken,592,a finch an eagle,0
a chicken,592,a finch an ostrich,0
a chicken,592,a finch a penguin,0
a chicken,592,a finch a salmon,0
a chicken,592,a finch a seal,0
a chicken,592,a finch a dolphin,0
a chicken,592,a finch a whale,0
a chicken,592,a robin an eagle,0
a chicken,592,a robin an ostrich,0
a chicken,592,a robin a penguin,0
a chicken,592,a robin a seal,0
a chicken,592,a robin a dolphin,0
a chicken,592,a robin a whale,0
a chicken,592,an eagle an ostrich,0
a chicken,592,an eagle a penguin,0
a chicken,592,an eagle a salmon,0
a chicken,592,an eagle a seal,0
a chicken,592,an eagle a dolphin,0
a chicken,592,an eagle a whale,0
a chicken,592,an ostrich a penguin,0
a chicken,592,an ostrich a salmon,0
a chicken,592,an ostrich a seal,0
a chicken,592,an ostrich a dolphin,0
a chicken,592,an ostrich a whale,0
a chicken,592,a penguin a salmon,0
a chicken,592,a penguin a seal,0
a chicken,592,a penguin a dolphin,0
a chicken,592,a penguin a whale,0
a chicken,592,a salmon a seal,0
a chicken,592,a salmon a dolphin,0
a chicken,592,a salmon a whale,0
a chicken,592,a seal a dolphin,0
a chicken,592,a seal a whale,0
a chicken,592,a dolphin a whale,0
a chicken,593,a finch a robin,0
a chicken,593,a finch an eagle,0
a chicken,593,a finch an ostrich,0
a chicken,593,a finch a penguin,0
a chicken,593,a finch a salmon,0
a chicken,593,a finch a seal,0
a chicken,593,a finch a dolphin,0
a chicken,593,a finch a whale,0
a chicken,593,a robin an eagle,0
a chicken,593,a robin an ostrich,0
a chicken,593,a robin a penguin,0
a chicken,593,a robin a salmon,0
a chicken,593,a robin a seal,0
a chicken,593,a robin a dolphin,0
a chicken,593,a robin a whale,0
a chicken,593,an eagle an ostrich,0
a chicken,593,an eagle a penguin,0
a chicken,593,an eagle a salmon,0
a chicken,593,an eagle a seal,0
a chicken,593,an eagle a whale,0
a chicken,593,an ostrich a penguin,0
a chicken,593,an ostrich a salmon,0
a chicken,593,an ostrich a seal,0
a chicken,593,an ostrich a dolphin,0
a chicken,593,an ostrich a whale,0
a chicken,593,a penguin a salmon,0
a chicken,593,a penguin a seal,0
a chicken,593,a penguin a dolphin,0
a chicken,593,a penguin a whale,0
a chicken,593,a salmon a seal,0
a chicken,593,a salmon a dolphin,0
a chicken,593,a salmon a whale,0
a chicken,593,a seal a dolphin,0
a chicken,593,a seal a whale,0
a chicken,593,a dolphin a whale,0
an eagle,594,a finch a robin,0
an eagle,594,a finch a chicken,0
an eagle,594,a finch an ostrich,0
an eagle,594,a finch a penguin,0
an eagle,594,a finch a salmon,0
an eagle,594,a finch a seal,0
an eagle,594,a finch a dolphin,0
an eagle,594,a finch a whale,0
an eagle,594,a robin a chicken,0
an eagle,594,a robin an ostrich,0
an eagle,594,a robin a penguin,0
an eagle,594,a robin a salmon,0
an eagle,594,a robin a seal,0
an eagle,594,a robin a dolphin,0
an eagle,594,a robin a whale,0
an eagle,594,a chicken an ostrich,0
an eagle,594,a chicken a penguin,0
an eagle,594,a chicken a salmon,0
an eagle,594,a chicken a seal,0
an eagle,594,a chicken a dolphin,0
an eagle,594,a chicken a whale,0
an eagle,594,an ostrich a penguin,0
an eagle,594,an ostrich a salmon,0
an eagle,594,an ostrich a seal,0
an eagle,594,an ostrich a dolphin,0
an eagle,594,an ostrich a whale,0
an eagle,594,a penguin a salmon,0
an eagle,594,a penguin a whale,0
an eagle,594,a salmon a seal,0
an eagle,594,a salmon a dolphin,0
an eagle,594,a salmon a whale,0
an eagle,594,a dolphin a whale,0
a dolphin,595,a finch a robin,0
a dolphin,595,a finch a chicken,0
a dolphin,595,a finch an eagle,0
a dolphin,595,a finch an ostrich,0
a dolphin,595,a finch a penguin,0
a dolphin,595,a finch a salmon,0
a dolphin,595,a finch a seal,0
a dolphin,595,a finch a whale,0
a dolphin,595,a robin a chicken,1
a dolphin,595,a robin an eagle,0
a dolphin,595,a robin an ostrich,0
a dolphin,595,a robin a penguin,0
a dolphin,595,a robin a salmon,1
a dolphin,595,a robin a seal,0
a dolphin,595,a robin a whale,0
a dolphin,595,a chicken an eagle,0
a dolphin,595,a chicken an ostrich,0
a dolphin,595,a chicken a penguin,0
a dolphin,595,a chicken a salmon,0
a dolphin,595,a chicken a seal,1
a dolphin,595,a chicken a whale,0
a dolphin,595,an eagle an ostrich,0
a dolphin,595,an eagle a penguin,0
a dolphin,595,an eagle a salmon,0
a dolphin,595,an eagle a seal,1
a dolphin,595,an eagle a whale,0
a dolphin,595,an ostrich a penguin,0
a dolphin,595,an ostrich a salmon,0
a dolphin,595,an ostrich a seal,0
a dolphin,595,an ostrich a whale,1
a dolphin,595,a penguin a salmon,0
a dolphin,595,a penguin a seal,0
a dolphin,595,a penguin a whale,0
a dolphin,595,a salmon a seal,1
a dolphin,595,a salmon a whale,0
a dolphin,595,a seal a whale,0
a robin,596,a finch a chicken,0
a robin,596,a finch an eagle,0
a robin,596,a finch an ostrich,0
a robin,596,a finch a penguin,0
a robin,596,a finch a salmon,0
a robin,596,a finch a seal,0
a robin,596,a finch a dolphin,0
a robin,596,a finch a whale,0
a robin,596,a chicken an eagle,0
a robin,596,a chicken an ostrich,0
a robin,596,a chicken a penguin,0
a robin,596,a chicken a salmon,0
a robin,596,a chicken a seal,0
a robin,596,a chicken a dolphin,0
a robin,596,a chicken a whale,0
a robin,596,an eagle an ostrich,0
a robin,596,an eagle a penguin,0
a robin,596,an eagle a salmon,0
a robin,596,an eagle a seal,0
a robin,596,an eagle a dolphin,0
a robin,596,an eagle a whale,0
a robin,596,an ostrich a penguin,0
a robin,596,an ostrich a salmon,0
a robin,596,an ostrich a seal,0
a robin,596,an ostrich a dolphin,0
a robin,596,an ostrich a whale,0
a robin,596,a penguin a salmon,0
a robin,596,a penguin a seal,0
a robin,596,a penguin a dolphin,0
a robin,596,a penguin a whale,0
a robin,596,a salmon a seal,0
a robin,596,a salmon a dolphin,0
a robin,596,a salmon a whale,0
a robin,596,a seal a dolphin,0
a robin,596,a seal a whale,0
a robin,596,a dolphin a whale,0
a dolphin,597,a finch a robin,0
a dolphin,597,a finch a chicken,0
a dolphin,597,a finch an eagle,0
a dolphin,597,a finch an ostrich,0
a dolphin,597,a finch a penguin,0
a dolphin,597,a finch a salmon,0
a dolphin,597,a finch a seal,0
a dolphin,597,a finch a whale,0
a dolphin,597,a robin a chicken,1
a dolphin,597,a robin an eagle,0
a dolphin,597,a robin an ostrich,0
a dolphin,597,a robin a penguin,0
a dolphin,597,a robin a salmon,0
a dolphin,597,a robin a seal,0
a dolphin,597,a robin a whale,0
a dolphin,597,a chicken an eagle,0
a dolphin,597,a chicken an ostrich,0
a dolphin,597,a chicken a penguin,0
a dolphin,597,a chicken a salmon,0
a dolphin,597,a chicken a seal,0
a dolphin,597,a chicken a whale,0
a dolphin,597,an eagle an ostrich,0
a dolphin,597,an eagle a salmon,1
a dolphin,597,an eagle a seal,1
a dolphin,597,an eagle a whale,1
a dolphin,597,an ostrich a penguin,0
a dolphin,597,an ostrich a salmon,0
a dolphin,597,an ostrich a seal,1
a dolphin,597,an ostrich a whale,0
a dolphin,597,a penguin a salmon,0
a dolphin,597,a penguin a seal,1
a dolphin,597,a penguin a whale,0
a dolphin,597,a salmon a seal,0
a dolphin,597,a salmon a whale,1
a dolphin,597,a seal a whale,0
a finch,598,a robin a chicken,0
a finch,598,a robin an eagle,0
a finch,598,a robin an ostrich,0
a finch,598,a robin a penguin,0
a finch,598,a robin a salmon,0
a finch,598,a robin a seal,0
a finch,598,a robin a dolphin,0
a finch,598,a robin a whale,0
a finch,598,a chicken an eagle,0
a finch,598,a chicken an ostrich,0
a finch,598,a chicken a penguin,0
a finch,598,a chicken a salmon,0
a finch,598,a chicken a seal,0
a finch,598,a chicken a dolphin,0
a finch,598,a chicken a whale,0
a finch,598,an eagle an ostrich,0
a finch,598,an eagle a penguin,0
a finch,598,an eagle a salmon,0
a finch,598,an eagle a seal,0
a finch,598,an eagle a dolphin,0
a finch,598,an eagle a whale,0
a finch,598,an ostrich a penguin,0
a finch,598,an ostrich a salmon,0
a finch,598,an ostrich a seal,0
a finch,598,an ostrich a dolphin,0
a finch,598,an ostrich a whale,0
a finch,598,a penguin a salmon,0
a finch,598,a penguin a seal,0
a finch,598,a penguin a dolphin,0
a finch,598,a penguin a whale,0
a finch,598,a salmon a seal,0
a finch,598,a salmon a dolphin,0
a finch,598,a salmon a whale,0
a finch,598,a seal a dolphin,0
a finch,598,a seal a whale,0
a finch,598,a dolphin a whale,0
a finch,599,a robin a chicken,0
a finch,599,a robin an eagle,0
a finch,599,a robin an ostrich,0
a finch,599,a robin a penguin,0
a finch,599,a robin a salmon,0
a finch,599,a robin a seal,0
a finch,599,a robin a whale,1
a finch,599,a chicken an eagle,0
a finch,599,a chicken an ostrich,0
a finch,599,a chicken a penguin,0
a finch,599,a chicken a salmon,0
a finch,599,a chicken a seal,0
a finch,599,a chicken a dolphin,0
a finch,599,a chicken a whale,0
a finch,599,an eagle an ostrich,0
a finch,599,an eagle a penguin,0
a finch,599,an eagle a salmon,0
a finch,599,an eagle a seal,0
a finch,599,an eagle a dolphin,0
a finch,599,an eagle a whale,0
a finch,599,an ostrich a penguin,0
a finch,599,an ostrich a salmon,0
a finch,599,an ostrich a seal,0
a finch,599,an ostrich a dolphin,0
a finch,599,an ostrich a whale,0
a finch,599,a penguin a salmon,0
a finch,599,a penguin a seal,1
a finch,599,a penguin a dolphin,0
a finch,599,a penguin a whale,0
a finch,599,a salmon a seal,0
a finch,599,a salmon a dolphin,0
a finch,599,a salmon a whale,0
a finch,599,a seal a whale,0
a finch,599,a dolphin a whale,0
an ostrich,600,a finch a robin,0
an ostrich,600,a finch a chicken,0
an ostrich,600,a finch an eagle,0
an ostrich,600,a finch a penguin,0
an ostrich,600,a finch a salmon,0
an ostrich,600,a finch a seal,0
an ostrich,600,a finch a dolphin,0
an ostrich,600,a finch a whale,0
an ostrich,600,a robin a chicken,0
an ostrich,600,a robin an eagle,0
an ostrich,600,a robin a penguin,0
an ostrich,600,a robin a salmon,0
an ostrich,600,a robin a seal,0
an ostrich,600,a robin a dolphin,0
an ostrich,600,a robin a whale,0
an ostrich,600,a chicken an eagle,0
an ostrich,600,a chicken a penguin,0
an ostrich,600,a chicken a salmon,0
an ostrich,600,a chicken a seal,0
an ostrich,600,a chicken a dolphin,0
an ostrich,600,a chicken a whale,0
an ostrich,600,an eagle a penguin,0
an ostrich,600,an eagle a salmon,0
an ostrich,600,an eagle a seal,0
an ostrich,600,an eagle a dolphin,0
an ostrich,600,an eagle a whale,0
an ostrich,600,a penguin a salmon,0
an ostrich,600,a penguin a seal,0
an ostrich,600,a penguin a dolphin,0
an ostrich,600,a penguin a whale,0
an ostrich,600,a salmon a seal,0
an ostrich,600,a salmon a whale,1
an ostrich,600,a seal a dolphin,0
an ostrich,600,a seal a whale,0
an ostrich,600,a dolphin a whale,0
a penguin,601,a finch a robin,0
a penguin,601,a finch a chicken,0
a penguin,601,a finch an eagle,0
a penguin,601,a finch an ostrich,0
a penguin,601,a finch a salmon,0
a penguin,601,a finch a seal,0
a penguin,601,a finch a dolphin,0
a penguin,601,a finch a whale,0
a penguin,601,a robin a chicken,1
a penguin,601,a robin an eagle,0
a penguin,601,a robin an ostrich,0
a penguin,601,a robin a salmon,0
a penguin,601,a robin a seal,0
a penguin,601,a robin a dolphin,0
a penguin,601,a robin a whale,0
a penguin,601,a chicken an eagle,0
a penguin,601,a chicken an ostrich,0
a penguin,601,a chicken a salmon,0
a penguin,601,a chicken a seal,1
a penguin,601,a chicken a dolphin,0
a penguin,601,a chicken a whale,0
a penguin,601,an eagle an ostrich,0
a penguin,601,an eagle a salmon,0
a penguin,601,an eagle a seal,1
a penguin,601,an eagle a dolphin,0
a penguin,601,an eagle a whale,0
a penguin,601,an ostrich a salmon,0
a penguin,601,an ostrich a seal,1
a penguin,601,an ostrich a dolphin,0
a penguin,601,an ostrich a whale,1
a penguin,601,a salmon a seal,0
a penguin,601,a salmon a dolphin,0
a penguin,601,a salmon a whale,0
a penguin,601,a seal a dolphin,0
a penguin,601,a seal a whale,0
a penguin,601,a dolphin a whale,0
a penguin,602,a finch a robin,0
a penguin,602,a finch a chicken,1
a penguin,602,a finch an eagle,0
a penguin,602,a finch an ostrich,0
a penguin,602,a finch a salmon,0
a penguin,602,a finch a seal,1
a penguin,602,a finch a dolphin,0
a penguin,602,a finch a whale,0
a penguin,602,a robin a chicken,1
a penguin,602,a robin an eagle,0
a penguin,602,a robin an ostrich,0
a penguin,602,a robin a salmon,0
a penguin,602,a robin a seal,0
a penguin,602,a robin a dolphin,0
a penguin,602,a robin a whale,0
a penguin,602,a chicken an eagle,0
a penguin,602,a chicken an ostrich,0
a penguin,602,a chicken a salmon,0
a penguin,602,a chicken a seal,0
a penguin,602,a chicken a dolphin,0
a penguin,602,a chicken a whale,0
a penguin,602,an eagle an ostrich,0
a penguin,602,an eagle a salmon,0
a penguin,602,an eagle a seal,1
a penguin,602,an eagle a dolphin,0
a penguin,602,an eagle a whale,1
a penguin,602,an ostrich a salmon,0
a penguin,602,an ostrich a seal,0
a penguin,602,an ostrich a dolphin,0
a penguin,602,an ostrich a whale,1
a penguin,602,a salmon a seal,1
a penguin,602,a salmon a dolphin,0
a penguin,602,a salmon a whale,0
a penguin,602,a seal a dolphin,0
a penguin,602,a seal a whale,0
a penguin,602,a dolphin a whale,0
a chicken,603,a finch a robin,0
a chicken,603,a finch an eagle,0
a chicken,603,a finch an ostrich,0
a chicken,603,a finch a penguin,0
a chicken,603,a finch a salmon,0
a chicken,603,a finch a seal,0
a chicken,603,a finch a dolphin,0
a chicken,603,a finch a whale,0
a chicken,603,a robin an eagle,0
a chicken,603,a robin an ostrich,0
a chicken,603,a robin a penguin,0
a chicken,603,a robin a salmon,0
a chicken,603,a robin a seal,0
a chicken,603,a robin a dolphin,0
a chicken,603,a robin a whale,0
a chicken,603,an eagle an ostrich,0
a chicken,603,an eagle a penguin,0
a chicken,603,an eagle a salmon,0
a chicken,603,an eagle a seal,0
a chicken,603,an eagle a whale,0
a chicken,603,an ostrich a penguin,0
a chicken,603,an ostrich a salmon,0
a chicken,603,an ostrich a seal,0
a chicken,603,an ostrich a dolphin,0
a chicken,603,an ostrich a whale,0
a chicken,603,a penguin a salmon,0
a chicken,603,a penguin a seal,0
a chicken,603,a penguin a dolphin,0
a chicken,603,a penguin a whale,0
a chicken,603,a salmon a seal,0
a chicken,603,a salmon a dolphin,0
a chicken,603,a salmon a whale,0
a chicken,603,a seal a dolphin,0
a chicken,603,a seal a whale,0
a chicken,603,a dolphin a whale,0
a salmon,604,a finch a robin,0
a salmon,604,a finch a chicken,0
a salmon,604,a finch an eagle,0
a salmon,604,a finch an ostrich,0
a salmon,604,a finch a penguin,0
a salmon,604,a finch a seal,0
a salmon,604,a finch a dolphin,0
a salmon,604,a finch a whale,0
a salmon,604,a robin a chicken,0
a salmon,604,a robin an eagle,0
a salmon,604,a robin an ostrich,0
a salmon,604,a robin a penguin,0
a salmon,604,a robin a seal,1
a salmon,604,a robin a dolphin,0
a salmon,604,a robin a whale,0
a salmon,604,a chicken an eagle,0
a salmon,604,a chicken an ostrich,0
a salmon,604,a chicken a penguin,0
a salmon,604,a chicken a seal,0
a salmon,604,a chicken a dolphin,0
a salmon,604,a chicken a whale,0
a salmon,604,an eagle an ostrich,0
a salmon,604,an eagle a penguin,0
a salmon,604,an eagle a seal,1
a salmon,604,an eagle a dolphin,0
a salmon,604,an eagle a whale,0
a salmon,604,an ostrich a penguin,0
a salmon,604,an ostrich a seal,1
a salmon,604,an ostrich a dolphin,0
a salmon,604,an ostrich a whale,0
a salmon,604,a penguin a seal,0
a salmon,604,a penguin a whale,0
a salmon,604,a seal a dolphin,0
a salmon,604,a seal a whale,0
a salmon,604,a dolphin a whale,0
a dolphin,605,a finch a robin,0
a dolphin,605,a finch a chicken,0
a dolphin,605,a finch an eagle,0
a dolphin,605,a finch an ostrich,0
a dolphin,605,a finch a penguin,0
a dolphin,605,a finch a salmon,0
a dolphin,605,a finch a seal,0
a dolphin,605,a finch a whale,0
a dolphin,605,a robin a chicken,0
a dolphin,605,a robin an eagle,1
a dolphin,605,a robin a penguin,0
a dolphin,605,a robin a salmon,0
a dolphin,605,a robin a seal,0
a dolphin,605,a robin a whale,0
a dolphin,605,a chicken an eagle,0
a dolphin,605,a chicken an ostrich,0
a dolphin,605,a chicken a penguin,0
a dolphin,605,a chicken a salmon,0
a dolphin,605,a chicken a seal,0
a dolphin,605,a chicken a whale,0
a dolphin,605,an eagle an ostrich,0
a dolphin,605,an eagle a salmon,1
a dolphin,605,an eagle a seal,0
a dolphin,605,an eagle a whale,0
a dolphin,605,an ostrich a penguin,0
a dolphin,605,an ostrich a salmon,0
a dolphin,605,an ostrich a seal,0
a dolphin,605,an ostrich a whale,1
a dolphin,605,a penguin a salmon,0
a dolphin,605,a penguin a seal,0
a dolphin,605,a penguin a whale,1
a dolphin,605,a salmon a seal,1
a dolphin,605,a salmon a whale,1
a dolphin,605,a seal a whale,0
a whale,606,a finch a robin,0
a whale,606,a finch a chicken,0
a whale,606,a finch an eagle,0
a whale,606,a finch an ostrich,0
a whale,606,a finch a penguin,0
a whale,606,a finch a salmon,0
a whale,606,a finch a seal,1
a whale,606,a finch a dolphin,0
a whale,606,a robin a chicken,1
a whale,606,a robin an eagle,0
a whale,606,a robin an ostrich,0
a whale,606,a robin a penguin,0
a whale,606,a robin a salmon,1
a whale,606,a robin a seal,0
a whale,606,a robin a dolphin,0
a whale,606,a chicken an eagle,0
a whale,606,a chicken an ostrich,0
a whale,606,a chicken a penguin,0
a whale,606,a chicken a salmon,0
a whale,606,a chicken a seal,1
a whale,606,a chicken a dolphin,0
a whale,606,an eagle an ostrich,0
a whale,606,an eagle a salmon,0
a whale,606,an eagle a seal,0
a whale,606,an eagle a dolphin,0
a whale,606,an ostrich a penguin,0
a whale,606,an ostrich a salmon,0
a whale,606,an ostrich a seal,0
a whale,606,an ostrich a dolphin,0
a whale,606,a penguin a salmon,0
a whale,606,a penguin a seal,1
a whale,606,a penguin a dolphin,1
a whale,606,a salmon a seal,1
a whale,606,a salmon a dolphin,0
a whale,606,a seal a dolphin,0
a seal,607,a finch a robin,0
a seal,607,a finch a chicken,0
a seal,607,a finch an eagle,0
a seal,607,a finch an ostrich,0
a seal,607,a finch a penguin,0
a seal,607,a finch a salmon,0
a seal,607,a finch a dolphin,0
a seal,607,a finch a whale,0
a seal,607,a robin a chicken,0
a seal,607,a robin an eagle,0
a seal,607,a robin an ostrich,0
a seal,607,a robin a penguin,0
a seal,607,a robin a dolphin,0
a seal,607,a robin a whale,0
a seal,607,a chicken an eagle,0
a seal,607,a chicken an ostrich,0
a seal,607,a chicken a penguin,0
a seal,607,a chicken a salmon,0
a seal,607,a chicken a dolphin,0
a seal,607,a chicken a whale,0
a seal,607,an eagle an ostrich,0
a seal,607,an eagle a penguin,0
a seal,607,an eagle a salmon,0
a seal,607,an eagle a dolphin,0
a seal,607,an eagle a whale,0
a seal,607,an ostrich a penguin,0
a seal,607,an ostrich a salmon,0
a seal,607,an ostrich a dolphin,0
a seal,607,an ostrich a whale,0
a seal,607,a penguin a salmon,0
a seal,607,a penguin a dolphin,0
a seal,607,a penguin a whale,0
a seal,607,a salmon a dolphin,0
a seal,607,a salmon a whale,0
a seal,607,a dolphin a whale,0
a penguin,608,a finch a robin,0
a penguin,608,a finch a chicken,0
a penguin,608,a finch an eagle,0
a penguin,608,a finch an ostrich,0
a penguin,608,a finch a salmon,0
a penguin,608,a finch a seal,0
a penguin,608,a finch a dolphin,0
a penguin,608,a finch a whale,0
a penguin,608,a robin a chicken,0
a penguin,608,a robin an eagle,0
a penguin,608,a robin an ostrich,0
a penguin,608,a robin a salmon,0
a penguin,608,a robin a seal,1
a penguin,608,a robin a dolphin,0
a penguin,608,a robin a whale,0
a penguin,608,a chicken an eagle,0
a penguin,608,a chicken an ostrich,0
a penguin,608,a chicken a salmon,0
a penguin,608,a chicken a seal,0
a penguin,608,a chicken a dolphin,0
a penguin,608,a chicken a whale,0
a penguin,608,an eagle an ostrich,0
a penguin,608,an eagle a salmon,0
a penguin,608,an eagle a seal,1
a penguin,608,an eagle a dolphin,0
a penguin,608,an eagle a whale,1
a penguin,608,an ostrich a salmon,0
a penguin,608,an ostrich a seal,0
a penguin,608,an ostrich a dolphin,0
a penguin,608,an ostrich a whale,0
a penguin,608,a salmon a seal,0
a penguin,608,a salmon a dolphin,1
a penguin,608,a salmon a whale,0
a penguin,608,a seal a dolphin,0
a penguin,608,a seal a whale,0
a penguin,608,a dolphin a whale,0
a seal,609,a finch a robin,0
a seal,609,a finch a chicken,0
a seal,609,a finch an eagle,0
a seal,609,a finch an ostrich,0
a seal,609,a finch a penguin,0
a seal,609,a finch a salmon,0
a seal,609,a finch a dolphin,0
a seal,609,a finch a whale,0
a seal,609,a robin a chicken,0
a seal,609,a robin an eagle,0
a seal,609,a robin an ostrich,0
a seal,609,a robin a penguin,0
a seal,609,a robin a salmon,1
a seal,609,a robin a dolphin,0
a seal,609,a robin a whale,0
a seal,609,a chicken an ostrich,0
a seal,609,a chicken a penguin,0
a seal,609,a chicken a salmon,0
a seal,609,a chicken a dolphin,0
a seal,609,a chicken a whale,0
a seal,609,an eagle an ostrich,0
a seal,609,an eagle a penguin,0
a seal,609,an eagle a salmon,0
a seal,609,an eagle a dolphin,0
a seal,609,an eagle a whale,1
a seal,609,an ostrich a salmon,0
a seal,609,an ostrich a dolphin,0
a seal,609,an ostrich a whale,0
a seal,609,a penguin a salmon,0
a seal,609,a penguin a dolphin,0
a seal,609,a penguin a whale,0
a seal,609,a salmon a dolphin,0
a seal,609,a salmon a whale,0
a seal,609,a dolphin a whale,0
an ostrich,610,a finch a robin,0
an ostrich,610,a finch a chicken,0
an ostrich,610,a finch an eagle,0
an ostrich,610,a finch a penguin,0
an ostrich,610,a finch a salmon,0
an ostrich,610,a finch a seal,1
an ostrich,610,a finch a dolphin,0
an ostrich,610,a finch a whale,0
an ostrich,610,a robin a chicken,1
an ostrich,610,a robin an eagle,0
an ostrich,610,a robin a penguin,0
an ostrich,610,a robin a salmon,0
an ostrich,610,a robin a seal,0
an ostrich,610,a robin a dolphin,1
an ostrich,610,a robin a whale,0
an ostrich,610,a chicken an eagle,0
an ostrich,610,a chicken a penguin,0
an ostrich,610,a chicken a salmon,0
an ostrich,610,a chicken a seal,0
an ostrich,610,a chicken a dolphin,0
an ostrich,610,a chicken a whale,0
an ostrich,610,an eagle a penguin,0
an ostrich,610,an eagle a salmon,0
an ostrich,610,an eagle a seal,0
an ostrich,610,an eagle a dolphin,0
an ostrich,610,an eagle a whale,0
an ostrich,610,a penguin a salmon,0
an ostrich,610,a penguin a seal,0
an ostrich,610,a penguin a dolphin,0
an ostrich,610,a penguin a whale,0
an ostrich,610,a salmon a seal,0
an ostrich,610,a salmon a dolphin,0
an ostrich,610,a salmon a whale,0
an ostrich,610,a seal a dolphin,0
an ostrich,610,a seal a whale,0
an ostrich,610,a dolphin a whale,0
a seal,611,a finch a robin,0
a seal,611,a finch a chicken,0
a seal,611,a finch an eagle,0
a seal,611,a finch an ostrich,0
a seal,611,a finch a penguin,0
a seal,611,a finch a salmon,0
a seal,611,a finch a dolphin,0
a seal,611,a finch a whale,0
a seal,611,a robin a chicken,0
a seal,611,a robin an eagle,0
a seal,611,a robin an ostrich,0
a seal,611,a robin a penguin,0
a seal,611,a robin a salmon,0
a seal,611,a robin a dolphin,0
a seal,611,a robin a whale,0
a seal,611,a chicken an eagle,0
a seal,611,a chicken an ostrich,0
a seal,611,a chicken a penguin,0
a seal,611,a chicken a salmon,0
a seal,611,a chicken a dolphin,0
a seal,611,a chicken a whale,0
a seal,611,an eagle an ostrich,0
a seal,611,an eagle a penguin,0
a seal,611,an eagle a salmon,1
a seal,611,an eagle a dolphin,0
a seal,611,an eagle a whale,0
a seal,611,an ostrich a penguin,0
a seal,611,an ostrich a salmon,0
a seal,611,an ostrich a dolphin,0
a seal,611,an ostrich a whale,0
a seal,611,a penguin a salmon,0
a seal,611,a penguin a dolphin,0
a seal,611,a penguin a whale,0
a seal,611,a salmon a dolphin,0
a seal,611,a salmon a whale,0
a whale,612,a finch a robin,0
a whale,612,a finch a chicken,0
a whale,612,a finch an eagle,0
a whale,612,a finch an ostrich,0
a whale,612,a finch a penguin,0
a whale,612,a finch a salmon,0
a whale,612,a finch a seal,1
a whale,612,a finch a dolphin,0
a whale,612,a robin a chicken,0
a whale,612,a robin an eagle,0
a whale,612,a robin an ostrich,0
a whale,612,a robin a penguin,0
a whale,612,a robin a salmon,0
a whale,612,a robin a seal,1
a whale,612,a robin a dolphin,0
a whale,612,a chicken an eagle,0
a whale,612,a chicken an ostrich,0
a whale,612,a chicken a penguin,0
a whale,612,a chicken a salmon,0
a whale,612,a chicken a seal,1
a whale,612,a chicken a dolphin,0
a whale,612,an eagle a penguin,0
a whale,612,an eagle a salmon,0
a whale,612,an eagle a seal,0
a whale,612,an eagle a dolphin,1
a whale,612,an ostrich a penguin,0
a whale,612,an ostrich a salmon,0
a whale,612,an ostrich a seal,1
a whale,612,an ostrich a dolphin,0
a whale,612,a penguin a salmon,0
a whale,612,a penguin a seal,1
a whale,612,a penguin a dolphin,0
a whale,612,a salmon a seal,0
a whale,612,a salmon a dolphin,0
a whale,612,a seal a dolphin,0
an eagle,613,a finch a robin,0
an eagle,613,a finch a chicken,0
an eagle,613,a finch an ostrich,0
an eagle,613,a finch a penguin,0
an eagle,613,a finch a salmon,0
an eagle,613,a finch a seal,0
an eagle,613,a finch a dolphin,0
an eagle,613,a finch a whale,0
an eagle,613,a robin a chicken,0
an eagle,613,a robin an ostrich,0
an eagle,613,a robin a penguin,0
an eagle,613,a robin a salmon,0
an eagle,613,a robin a seal,0
an eagle,613,a robin a dolphin,0
an eagle,613,a robin a whale,0
an eagle,613,a chicken an ostrich,0
an eagle,613,a chicken a penguin,0
an eagle,613,a chicken a salmon,0
an eagle,613,a chicken a seal,0
an eagle,613,a chicken a dolphin,0
an eagle,613,a chicken a whale,0
an eagle,613,an ostrich a salmon,0
an eagle,613,an ostrich a seal,0
an eagle,613,an ostrich a dolphin,0
an eagle,613,an ostrich a whale,0
an eagle,613,a penguin a salmon,0
an eagle,613,a penguin a seal,0
an eagle,613,a penguin a whale,0
an eagle,613,a salmon a seal,1
an eagle,613,a salmon a dolphin,0
an eagle,613,a salmon a whale,0
an eagle,613,a seal a dolphin,0
an eagle,613,a seal a whale,0
an eagle,613,a dolphin a whale,0
a whale,614,a finch a robin,0
a whale,614,a finch a chicken,0
a whale,614,a finch an eagle,0
a whale,614,a finch an ostrich,0
a whale,614,a finch a penguin,0
a whale,614,a finch a salmon,0
a whale,614,a finch a seal,1
a whale,614,a finch a dolphin,0
a whale,614,a robin a chicken,0
a whale,614,a robin an eagle,0
a whale,614,a robin an ostrich,0
a whale,614,a robin a penguin,0
a whale,614,a robin a salmon,0
a whale,614,a robin a seal,0
a whale,614,a robin a dolphin,0
a whale,614,a chicken an eagle,0
a whale,614,a chicken an ostrich,0
a whale,614,a chicken a penguin,0
a whale,614,a chicken a salmon,0
a whale,614,a chicken a seal,0
a whale,614,a chicken a dolphin,0
a whale,614,an eagle an ostrich,0
a whale,614,an eagle a penguin,0
a whale,614,an eagle a salmon,1
a whale,614,an eagle a seal,1
a whale,614,an eagle a dolphin,1
a whale,614,an ostrich a penguin,0
a whale,614,an ostrich a salmon,0
a whale,614,an ostrich a seal,1
a whale,614,an ostrich a dolphin,1
a whale,614,a penguin a salmon,0
a whale,614,a penguin a seal,0
a whale,614,a penguin a dolphin,1
a whale,614,a salmon a seal,0
a whale,614,a salmon a dolphin,0
a whale,614,a seal a dolphin,0
a seal,615,a finch a robin,0
a seal,615,a finch a chicken,0
a seal,615,a finch an eagle,0
a seal,615,a finch an ostrich,0
a seal,615,a finch a penguin,0
a seal,615,a finch a salmon,0
a seal,615,a finch a dolphin,0
a seal,615,a finch a whale,0
a seal,615,a robin a chicken,0
a seal,615,a robin an eagle,0
a seal,615,a robin an ostrich,0
a seal,615,a robin a penguin,0
a seal,615,a robin a salmon,0
a seal,615,a robin a dolphin,0
a seal,615,a robin a whale,1
a seal,615,a chicken an eagle,0
a seal,615,a chicken an ostrich,0
a seal,615,a chicken a penguin,0
a seal,615,a chicken a salmon,1
a seal,615,a chicken a dolphin,0
a seal,615,a chicken a whale,0
a seal,615,an eagle an ostrich,0
a seal,615,an eagle a penguin,0
a seal,615,an eagle a salmon,0
a seal,615,an eagle a dolphin,0
a seal,615,an eagle a whale,0
a seal,615,an ostrich a penguin,0
a seal,615,an ostrich a salmon,0
a seal,615,an ostrich a dolphin,0
a seal,615,an ostrich a whale,0
a seal,615,a penguin a salmon,0
a seal,615,a penguin a dolphin,0
a seal,615,a penguin a whale,0
a seal,615,a salmon a dolphin,0
a seal,615,a salmon a whale,0
a seal,615,a dolphin a whale,0
a whale,616,a finch a robin,0
a whale,616,a finch a chicken,0
a whale,616,a finch an eagle,0
a whale,616,a finch an ostrich,0
a whale,616,a finch a penguin,0
a whale,616,a finch a salmon,0
a whale,616,a finch a seal,1
a whale,616,a finch a dolphin,0
a whale,616,a robin a chicken,1
a whale,616,a robin an eagle,0
a whale,616,a robin a penguin,0
a whale,616,a robin a salmon,0
a whale,616,a robin a seal,0
a whale,616,a robin a dolphin,0
a whale,616,a chicken an eagle,0
a whale,616,a chicken an ostrich,0
a whale,616,a chicken a penguin,0
a whale,616,a chicken a salmon,0
a whale,616,a chicken a seal,0
a whale,616,a chicken a dolphin,0
a whale,616,an eagle an ostrich,0
a whale,616,an eagle a penguin,0
a whale,616,an eagle a salmon,0
a whale,616,an eagle a seal,0
a whale,616,an eagle a dolphin,1
a whale,616,an ostrich a penguin,0
a whale,616,an ostrich a salmon,0
a whale,616,an ostrich a seal,1
a whale,616,an ostrich a dolphin,0
a whale,616,a penguin a salmon,0
a whale,616,a penguin a seal,1
a whale,616,a penguin a dolphin,0
a whale,616,a salmon a seal,1
a whale,616,a salmon a dolphin,0
a whale,616,a seal a dolphin,0
a robin,617,a finch a chicken,0
a robin,617,a finch an eagle,0
a robin,617,a finch an ostrich,0
a robin,617,a finch a penguin,0
a robin,617,a finch a salmon,0
a robin,617,a finch a seal,0
a robin,617,a finch a dolphin,0
a robin,617,a finch a whale,0
a robin,617,a chicken an eagle,0
a robin,617,a chicken an ostrich,0
a robin,617,a chicken a penguin,0
a robin,617,a chicken a salmon,0
a robin,617,a chicken a seal,0
a robin,617,a chicken a dolphin,0
a robin,617,a chicken a whale,0
a robin,617,an eagle an ostrich,0
a robin,617,an eagle a penguin,0
a robin,617,an eagle a salmon,0
a robin,617,an eagle a seal,0
a robin,617,an eagle a dolphin,0
a robin,617,an eagle a whale,0
a robin,617,an ostrich a penguin,0
a robin,617,an ostrich a salmon,0
a robin,617,an ostrich a seal,0
a robin,617,an ostrich a dolphin,0
a robin,617,an ostrich a whale,0
a robin,617,a penguin a salmon,0
a robin,617,a penguin a dolphin,0
a robin,617,a penguin a whale,0
a robin,617,a salmon a seal,0
a robin,617,a salmon a dolphin,0
a robin,617,a salmon a whale,0
a robin,617,a seal a dolphin,0
a robin,617,a seal a whale,0
a robin,617,a dolphin a whale,0
an ostrich,618,a finch a robin,0
an ostrich,618,a finch a chicken,0
an ostrich,618,a finch an eagle,0
an ostrich,618,a finch a penguin,0
an ostrich,618,a finch a salmon,0
an ostrich,618,a finch a seal,0
an ostrich,618,a finch a dolphin,0
an ostrich,618,a finch a whale,0
an ostrich,618,a robin a chicken,0
an ostrich,618,a robin an eagle,0
an ostrich,618,a robin a penguin,0
an ostrich,618,a robin a salmon,0
an ostrich,618,a robin a seal,0
an ostrich,618,a robin a dolphin,0
an ostrich,618,a robin a whale,0
an ostrich,618,a chicken an eagle,0
an ostrich,618,a chicken a penguin,0
an ostrich,618,a chicken a salmon,0
an ostrich,618,a chicken a seal,0
an ostrich,618,a chicken a dolphin,0
an ostrich,618,a chicken a whale,0
an ostrich,618,an eagle a penguin,0
an ostrich,618,an eagle a salmon,0
an ostrich,618,an eagle a seal,0
an ostrich,618,an eagle a dolphin,0
an ostrich,618,an eagle a whale,0
an ostrich,618,a penguin a salmon,0
an ostrich,618,a penguin a seal,0
an ostrich,618,a penguin a dolphin,0
an ostrich,618,a penguin a whale,0
an ostrich,618,a salmon a seal,0
an ostrich,618,a salmon a whale,0
an ostrich,618,a seal a dolphin,0
an ostrich,618,a seal a whale,1
an ostrich,618,a dolphin a whale,0
a dolphin,619,a finch a robin,0
a dolphin,619,a finch a chicken,0
a dolphin,619,a finch an eagle,0
a dolphin,619,a finch an ostrich,0
a dolphin,619,a finch a penguin,0
a dolphin,619,a finch a salmon,0
a dolphin,619,a finch a seal,1
a dolphin,619,a finch a whale,0
a dolphin,619,a robin a chicken,0
a dolphin,619,a robin an eagle,0
a dolphin,619,a robin an ostrich,0
a dolphin,619,a robin a penguin,0
a dolphin,619,a robin a salmon,1
a dolphin,619,a robin a seal,1
a dolphin,619,a robin a whale,0
a dolphin,619,a chicken an eagle,0
a dolphin,619,a chicken an ostrich,0
a dolphin,619,a chicken a penguin,0
a dolphin,619,a chicken a salmon,0
a dolphin,619,a chicken a seal,0
a dolphin,619,a chicken a whale,0
a dolphin,619,an eagle an ostrich,0
a dolphin,619,an eagle a penguin,0
a dolphin,619,an eagle a salmon,1
a dolphin,619,an eagle a seal,0
a dolphin,619,an eagle a whale,1
a dolphin,619,an ostrich a penguin,0
a dolphin,619,an ostrich a salmon,0
a dolphin,619,an ostrich a seal,1
a dolphin,619,an ostrich a whale,0
a dolphin,619,a penguin a salmon,0
a dolphin,619,a penguin a seal,1
a dolphin,619,a penguin a whale,1
a dolphin,619,a salmon a seal,1
a dolphin,619,a salmon a whale,0
a dolphin,619,a seal a whale,0
an eagle,620,a finch a robin,0
an eagle,620,a finch a chicken,0
an eagle,620,a finch an ostrich,0
an eagle,620,a finch a penguin,0
an eagle,620,a finch a salmon,0
an eagle,620,a finch a seal,0
an eagle,620,a finch a dolphin,0
an eagle,620,a finch a whale,0
an eagle,620,a robin a chicken,1
an eagle,620,a robin an ostrich,0
an eagle,620,a robin a penguin,0
an eagle,620,a robin a salmon,1
an eagle,620,a robin a seal,0
an eagle,620,a robin a dolphin,0
an eagle,620,a robin a whale,0
an eagle,620,a chicken an ostrich,0
an eagle,620,a chicken a penguin,0
an eagle,620,a chicken a salmon,0
an eagle,620,a chicken a seal,0
an eagle,620,a chicken a dolphin,0
an eagle,620,a chicken a whale,0
an eagle,620,an ostrich a salmon,0
an eagle,620,an ostrich a seal,0
an eagle,620,an ostrich a dolphin,0
an eagle,620,an ostrich a whale,0
an eagle,620,a penguin a salmon,0
an eagle,620,a penguin a seal,0
an eagle,620,a penguin a dolphin,0
an eagle,620,a salmon a seal,0
an eagle,620,a salmon a dolphin,0
an eagle,620,a salmon a whale,0
an eagle,620,a seal a whale,0
an eagle,620,a dolphin a whale,0
a penguin,621,a finch a robin,0
a penguin,621,a finch a chicken,0
a penguin,621,a finch an eagle,0
a penguin,621,a finch an ostrich,0
a penguin,621,a finch a salmon,0
a penguin,621,a finch a seal,0
a penguin,621,a finch a dolphin,0
a penguin,621,a finch a whale,0
a penguin,621,a robin a chicken,0
a penguin,621,a robin an eagle,0
a penguin,621,a robin an ostrich,0
a penguin,621,a robin a salmon,0
a penguin,621,a robin a seal,1
a penguin,621,a robin a dolphin,0
a penguin,621,a robin a whale,0
a penguin,621,a chicken an eagle,0
a penguin,621,a chicken an ostrich,0
a penguin,621,a chicken a salmon,0
a penguin,621,a chicken a seal,1
a penguin,621,a chicken a dolphin,0
a penguin,621,a chicken a whale,0
a penguin,621,an eagle an ostrich,0
a penguin,621,an eagle a salmon,1
a penguin,621,an eagle a seal,1
a penguin,621,an eagle a dolphin,0
a penguin,621,an eagle a whale,0
a penguin,621,an ostrich a salmon,0
a penguin,621,an ostrich a seal,0
a penguin,621,an ostrich a dolphin,0
a penguin,621,an ostrich a whale,0
a penguin,621,a salmon a seal,0
a penguin,621,a salmon a dolphin,0
a penguin,621,a salmon a whale,0
a penguin,621,a seal a dolphin,0
a penguin,621,a seal a whale,0
a penguin,621,a dolphin a whale,0
a finch,622,a robin a chicken,0
a finch,622,a robin an eagle,0
a finch,622,a robin an ostrich,0
a finch,622,a robin a penguin,0
a finch,622,a robin a salmon,0
a finch,622,a robin a seal,0
a finch,622,a robin a dolphin,0
a finch,622,a robin a whale,0
a finch,622,a chicken an eagle,0
a finch,622,a chicken an ostrich,0
a finch,622,a chicken a penguin,0
a finch,622,a chicken a salmon,0
a finch,622,a chicken a seal,0
a finch,622,a chicken a dolphin,0
a finch,622,a chicken a whale,0
a finch,622,an eagle an ostrich,0
a finch,622,an eagle a penguin,0
a finch,622,an eagle a salmon,0
a finch,622,an eagle a seal,0
a finch,622,an eagle a dolphin,0
a finch,622,an eagle a whale,0
a finch,622,an ostrich a penguin,0
a finch,622,an ostrich a salmon,0
a finch,622,an ostrich a seal,0
a finch,622,an ostrich a dolphin,0
a finch,622,an ostrich a whale,0
a finch,622,a penguin a salmon,0
a finch,622,a penguin a seal,0
a finch,622,a penguin a dolphin,0
a finch,622,a penguin a whale,0
a finch,622,a salmon a seal,0
a finch,622,a salmon a dolphin,0
a finch,622,a salmon a whale,0
a finch,622,a seal a dolphin,0
a finch,622,a seal a whale,0
a finch,622,a dolphin a whale,0
a dolphin,623,a finch a chicken,0
a dolphin,623,a finch an eagle,0
a dolphin,623,a finch an ostrich,0
a dolphin,623,a finch a penguin,0
a dolphin,623,a finch a salmon,0
a dolphin,623,a finch a seal,0
a dolphin,623,a finch a whale,0
a dolphin,623,a robin a chicken,0
a dolphin,623,a robin an eagle,0
a dolphin,623,a robin an ostrich,0
a dolphin,623,a robin a penguin,0
a dolphin,623,a robin a salmon,1
a dolphin,623,a robin a seal,1
a dolphin,623,a robin a whale,0
a dolphin,623,a chicken an eagle,0
a dolphin,623,a chicken an ostrich,0
a dolphin,623,a chicken a penguin,0
a dolphin,623,a chicken a salmon,0
a dolphin,623,a chicken a seal,0
a dolphin,623,a chicken a whale,0
a dolphin,623,an eagle an ostrich,0
a dolphin,623,an eagle a penguin,0
a dolphin,623,an eagle a salmon,1
a dolphin,623,an eagle a seal,1
a dolphin,623,an eagle a whale,1
a dolphin,623,an ostrich a penguin,0
a dolphin,623,an ostrich a salmon,0
a dolphin,623,an ostrich a seal,0
a dolphin,623,an ostrich a whale,0
a dolphin,623,a penguin a salmon,0
a dolphin,623,a penguin a seal,0
a dolphin,623,a penguin a whale,1
a dolphin,623,a salmon a seal,1
a dolphin,623,a salmon a whale,1
a dolphin,623,a seal a whale,0
a finch,624,a robin a chicken,0
a finch,624,a robin an eagle,0
a finch,624,a robin an ostrich,0
a finch,624,a robin a penguin,0
a finch,624,a robin a salmon,0
a finch,624,a robin a seal,0
a finch,624,a robin a dolphin,0
a finch,624,a robin a whale,0
a finch,624,a chicken an ostrich,0
a finch,624,a chicken a penguin,0
a finch,624,a chicken a salmon,0
a finch,624,a chicken a seal,0
a finch,624,a chicken a dolphin,0
a finch,624,a chicken a whale,0
a finch,624,an eagle an ostrich,0
a finch,624,an eagle a penguin,0
a finch,624,an eagle a salmon,0
a finch,624,an eagle a seal,0
a finch,624,an eagle a dolphin,0
a finch,624,an eagle a whale,0
a finch,624,an ostrich a penguin,0
a finch,624,an ostrich a salmon,0
a finch,624,an ostrich a seal,0
a finch,624,an ostrich a dolphin,0
a finch,624,an ostrich a whale,0
a finch,624,a penguin a salmon,0
a finch,624,a penguin a seal,0
a finch,624,a penguin a dolphin,0
a finch,624,a penguin a whale,0
a finch,624,a salmon a seal,0
a finch,624,a salmon a dolphin,0
a finch,624,a salmon a whale,0
a finch,624,a seal a dolphin,0
a finch,624,a seal a whale,0
a finch,624,a dolphin a whale,0
an ostrich,625,a finch a robin,0
an ostrich,625,a finch a chicken,0
an ostrich,625,a finch an eagle,0
an ostrich,625,a finch a penguin,0
an ostrich,625,a finch a salmon,0
an ostrich,625,a finch a seal,0
an ostrich,625,a finch a dolphin,0
an ostrich,625,a finch a whale,0
an ostrich,625,a robin a chicken,0
an ostrich,625,a robin an eagle,0
an ostrich,625,a robin a penguin,0
an ostrich,625,a robin a salmon,0
an ostrich,625,a robin a seal,0
an ostrich,625,a robin a dolphin,0
an ostrich,625,a robin a whale,0
an ostrich,625,a chicken an eagle,0
an ostrich,625,a chicken a penguin,0
an ostrich,625,a chicken a salmon,0
an ostrich,625,a chicken a seal,0
an ostrich,625,a chicken a dolphin,0
an ostrich,625,a chicken a whale,0
an ostrich,625,an eagle a penguin,0
an ostrich,625,an eagle a salmon,0
an ostrich,625,an eagle a seal,0
an ostrich,625,an eagle a whale,0
an ostrich,625,a penguin a salmon,0
an ostrich,625,a penguin a seal,0
an ostrich,625,a penguin a dolphin,0
an ostrich,625,a penguin a whale,0
an ostrich,625,a salmon a seal,0
an ostrich,625,a salmon a dolphin,0
an ostrich,625,a salmon a whale,0
an ostrich,625,a seal a whale,0
an ostrich,625,a dolphin a whale,0
an eagle,626,a finch a robin,0
an eagle,626,a finch a chicken,0
an eagle,626,a finch an ostrich,0
an eagle,626,a finch a penguin,0
an eagle,626,a finch a salmon,0
an eagle,626,a finch a seal,0
an eagle,626,a finch a dolphin,0
an eagle,626,a finch a whale,0
an eagle,626,a robin a chicken,0
an eagle,626,a robin an ostrich,0
an eagle,626,a robin a penguin,0
an eagle,626,a robin a salmon,0
an eagle,626,a robin a seal,0
an eagle,626,a robin a dolphin,0
an eagle,626,a robin a whale,0
an eagle,626,a chicken an ostrich,0
an eagle,626,a chicken a penguin,0
an eagle,626,a chicken a salmon,0
an eagle,626,a chicken a seal,0
an eagle,626,a chicken a dolphin,0
an eagle,626,a chicken a whale,0
an eagle,626,an ostrich a penguin,0
an eagle,626,an ostrich a salmon,0
an eagle,626,an ostrich a seal,0
an eagle,626,an ostrich a dolphin,0
an eagle,626,an ostrich a whale,0
an eagle,626,a penguin a salmon,0
an eagle,626,a penguin a whale,0
an eagle,626,a salmon a seal,0
an eagle,626,a salmon a dolphin,0
an eagle,626,a salmon a whale,0
an eagle,626,a seal a dolphin,0
an eagle,626,a seal a whale,0
an eagle,626,a dolphin a whale,0
a chicken,627,a finch a robin,0
a chicken,627,a finch an eagle,0
a chicken,627,a finch an ostrich,0
a chicken,627,a finch a penguin,0
a chicken,627,a finch a salmon,0
a chicken,627,a finch a seal,0
a chicken,627,a finch a dolphin,0
a chicken,627,a finch a whale,0
a chicken,627,a robin an eagle,0
a chicken,627,a robin an ostrich,0
a chicken,627,a robin a penguin,0
a chicken,627,a robin a salmon,0
a chicken,627,a robin a seal,0
a chicken,627,a robin a dolphin,0
a chicken,627,a robin a whale,0
a chicken,627,an eagle an ostrich,0
a chicken,627,an eagle a penguin,0
a chicken,627,an eagle a salmon,0
a chicken,627,an eagle a seal,0
a chicken,627,an eagle a dolphin,0
a chicken,627,an eagle a whale,0
a chicken,627,an ostrich a penguin,0
a chicken,627,an ostrich a salmon,0
a chicken,627,an ostrich a seal,0
a chicken,627,an ostrich a dolphin,0
a chicken,627,an ostrich a whale,0
a chicken,627,a penguin a salmon,0
a chicken,627,a penguin a dolphin,0
a chicken,627,a penguin a whale,0
a chicken,627,a salmon a seal,0
a chicken,627,a salmon a dolphin,0
a chicken,627,a salmon a whale,0
a chicken,627,a seal a dolphin,0
a chicken,627,a seal a whale,0
a chicken,627,a dolphin a whale,0
a penguin,628,a finch a robin,0
a penguin,628,a finch a chicken,0
a penguin,628,a finch an eagle,0
a penguin,628,a finch an ostrich,0
a penguin,628,a finch a salmon,0
a penguin,628,a finch a seal,1
a penguin,628,a finch a dolphin,0
a penguin,628,a finch a whale,0
a penguin,628,a robin a chicken,1
a penguin,628,a robin an eagle,0
a penguin,628,a robin an ostrich,0
a penguin,628,a robin a salmon,0
a penguin,628,a robin a seal,1
a penguin,628,a robin a dolphin,0
a penguin,628,a robin a whale,0
a penguin,628,a chicken an eagle,0
a penguin,628,a chicken an ostrich,0
a penguin,628,a chicken a salmon,0
a penguin,628,a chicken a seal,1
a penguin,628,a chicken a dolphin,0
a penguin,628,a chicken a whale,0
a penguin,628,an eagle an ostrich,0
a penguin,628,an eagle a salmon,0
a penguin,628,an eagle a seal,1
a penguin,628,an eagle a dolphin,0
a penguin,628,an eagle a whale,0
a penguin,628,an ostrich a salmon,0
a penguin,628,an ostrich a seal,0
a penguin,628,an ostrich a dolphin,0
a penguin,628,an ostrich a whale,1
a penguin,628,a salmon a seal,1
a penguin,628,a salmon a dolphin,0
a penguin,628,a salmon a whale,0
a penguin,628,a seal a dolphin,0
a penguin,628,a seal a whale,0
a penguin,628,a dolphin a whale,0
a robin,629,a finch a chicken,0
a robin,629,a finch an eagle,0
a robin,629,a finch an ostrich,0
a robin,629,a finch a penguin,0
a robin,629,a finch a salmon,0
a robin,629,a finch a seal,0
a robin,629,a finch a dolphin,0
a robin,629,a finch a whale,0
a robin,629,a chicken an eagle,0
a robin,629,a chicken an ostrich,0
a robin,629,a chicken a penguin,0
a robin,629,a chicken a salmon,0
a robin,629,a chicken a seal,0
a robin,629,a chicken a dolphin,0
a robin,629,a chicken a whale,0
a robin,629,an eagle an ostrich,0
a robin,629,an eagle a penguin,0
a robin,629,an eagle a salmon,0
a robin,629,an eagle a seal,0
a robin,629,an eagle a dolphin,0
a robin,629,an eagle a whale,0
a robin,629,an ostrich a penguin,0
a robin,629,an ostrich a salmon,0
a robin,629,an ostrich a seal,0
a robin,629,an ostrich a dolphin,0
a robin,629,an ostrich a whale,0
a robin,629,a penguin a salmon,1
a robin,629,a penguin a seal,0
a robin,629,a penguin a dolphin,0
a robin,629,a penguin a whale,0
a robin,629,a salmon a seal,0
a robin,629,a salmon a dolphin,0
a robin,629,a salmon a whale,0
a robin,629,a seal a dolphin,0
a robin,629,a seal a whale,0
a robin,629,a dolphin a whale,0
a chicken,630,a finch a robin,0
a chicken,630,a finch an eagle,0
a chicken,630,a finch an ostrich,0
a chicken,630,a finch a penguin,0
a chicken,630,a finch a salmon,0
a chicken,630,a finch a seal,0
a chicken,630,a finch a dolphin,0
a chicken,630,a finch a whale,0
a chicken,630,a robin an eagle,0
a chicken,630,a robin an ostrich,0
a chicken,630,a robin a penguin,0
a chicken,630,a robin a salmon,0
a chicken,630,a robin a seal,0
a chicken,630,a robin a dolphin,0
a chicken,630,a robin a whale,0
a chicken,630,an eagle an ostrich,0
a chicken,630,an eagle a penguin,0
a chicken,630,an eagle a salmon,0
a chicken,630,an eagle a seal,0
a chicken,630,an eagle a dolphin,0
a chicken,630,an eagle a whale,0
a chicken,630,an ostrich a penguin,0
a chicken,630,an ostrich a salmon,0
a chicken,630,an ostrich a seal,0
a chicken,630,an ostrich a dolphin,0
a chicken,630,an ostrich a whale,0
a chicken,630,a penguin a salmon,0
a chicken,630,a penguin a seal,0
a chicken,630,a penguin a dolphin,0
a chicken,630,a penguin a whale,0
a chicken,630,a salmon a seal,0
a chicken,630,a salmon a dolphin,0
a chicken,630,a salmon a whale,0
a chicken,630,a seal a dolphin,0
a chicken,630,a dolphin a whale,0
an ostrich,631,a finch a robin,0
an ostrich,631,a finch a chicken,0
an ostrich,631,a finch an eagle,0
an ostrich,631,a finch a penguin,0
an ostrich,631,a finch a salmon,0
an ostrich,631,a finch a seal,0
an ostrich,631,a finch a dolphin,0
an ostrich,631,a finch a whale,0
an ostrich,631,a robin a chicken,1
an ostrich,631,a robin an eagle,0
an ostrich,631,a robin a penguin,0
an ostrich,631,a robin a salmon,0
an ostrich,631,a robin a seal,1
an ostrich,631,a robin a dolphin,0
an ostrich,631,a robin a whale,0
an ostrich,631,a chicken an eagle,0
an ostrich,631,a chicken a penguin,0
an ostrich,631,a chicken a salmon,0
an ostrich,631,a chicken a seal,0
an ostrich,631,a chicken a dolphin,0
an ostrich,631,a chicken a whale,0
an ostrich,631,an eagle a penguin,0
an ostrich,631,an eagle a salmon,0
an ostrich,631,an eagle a seal,0
an ostrich,631,an eagle a dolphin,0
an ostrich,631,an eagle a whale,1
an ostrich,631,a penguin a salmon,0
an ostrich,631,a penguin a seal,0
an ostrich,631,a penguin a dolphin,0
an ostrich,631,a penguin a whale,1
an ostrich,631,a salmon a seal,0
an ostrich,631,a salmon a dolphin,0
an ostrich,631,a seal a dolphin,0
an ostrich,631,a seal a whale,0
an ostrich,631,a dolphin a whale,0
a dolphin,632,a finch a robin,0
a dolphin,632,a finch a chicken,0
a dolphin,632,a finch an eagle,0
a dolphin,632,a finch an ostrich,0
a dolphin,632,a finch a penguin,0
a dolphin,632,a finch a salmon,0
a dolphin,632,a finch a seal,1
a dolphin,632,a finch a whale,0
a dolphin,632,a robin a chicken,1
a dolphin,632,a robin an eagle,0
a dolphin,632,a robin an ostrich,0
a dolphin,632,a robin a penguin,0
a dolphin,632,a robin a salmon,0
a dolphin,632,a robin a seal,1
a dolphin,632,a robin a whale,0
a dolphin,632,a chicken an eagle,0
a dolphin,632,a chicken an ostrich,0
a dolphin,632,a chicken a penguin,0
a dolphin,632,a chicken a salmon,0
a dolphin,632,a chicken a seal,0
a dolphin,632,a chicken a whale,0
a dolphin,632,an eagle an ostrich,0
a dolphin,632,an eagle a penguin,0
a dolphin,632,an eagle a salmon,0
a dolphin,632,an eagle a seal,0
a dolphin,632,an eagle a whale,1
a dolphin,632,an ostrich a penguin,0
a dolphin,632,an ostrich a salmon,0
a dolphin,632,an ostrich a seal,1
a dolphin,632,an ostrich a whale,0
a dolphin,632,a penguin a salmon,0
a dolphin,632,a penguin a seal,1
a dolphin,632,a penguin a whale,0
a dolphin,632,a salmon a seal,1
a dolphin,632,a salmon a whale,1
a dolphin,632,a seal a whale,0
a robin,633,a finch a chicken,1
a robin,633,a finch an eagle,0
a robin,633,a finch an ostrich,0
a robin,633,a finch a penguin,0
a robin,633,a finch a salmon,0
a robin,633,a finch a seal,0
a robin,633,a finch a dolphin,0
a robin,633,a finch a whale,0
a robin,633,a chicken an eagle,0
a robin,633,a chicken an ostrich,0
a robin,633,a chicken a penguin,0
a robin,633,a chicken a salmon,0
a robin,633,a chicken a seal,0
a robin,633,a chicken a dolphin,0
a robin,633,a chicken a whale,0
a robin,633,an eagle an ostrich,0
a robin,633,an eagle a penguin,0
a robin,633,an eagle a salmon,0
a robin,633,an eagle a seal,0
a robin,633,an eagle a dolphin,0
a robin,633,an eagle a whale,0
a robin,633,an ostrich a salmon,0
a robin,633,an ostrich a seal,0
a robin,633,an ostrich a dolphin,0
a robin,633,an ostrich a whale,0
a robin,633,a penguin a salmon,0
a robin,633,a penguin a seal,0
a robin,633,a penguin a dolphin,0
a robin,633,a penguin a whale,0
a robin,633,a salmon a seal,0
a robin,633,a salmon a dolphin,0
a robin,633,a salmon a whale,0
a robin,633,a seal a dolphin,0
a robin,633,a seal a whale,0
a robin,633,a dolphin a whale,0
a whale,634,a finch a robin,0
a whale,634,a finch a chicken,0
a whale,634,a finch an eagle,0
a whale,634,a finch an ostrich,0
a whale,634,a finch a penguin,0
a whale,634,a finch a salmon,0
a whale,634,a finch a seal,1
a whale,634,a finch a dolphin,0
a whale,634,a robin a chicken,0
a whale,634,a robin an eagle,0
a whale,634,a robin an ostrich,0
a whale,634,a robin a penguin,0
a whale,634,a robin a salmon,0
a whale,634,a robin a seal,1
a whale,634,a robin a dolphin,0
a whale,634,a chicken an eagle,0
a whale,634,a chicken an ostrich,0
a whale,634,a chicken a penguin,0
a whale,634,a chicken a salmon,0
a whale,634,a chicken a seal,0
a whale,634,a chicken a dolphin,0
a whale,634,an eagle an ostrich,0
a whale,634,an eagle a penguin,0
a whale,634,an eagle a salmon,0
a whale,634,an eagle a seal,1
a whale,634,an eagle a dolphin,1
a whale,634,an ostrich a salmon,0
a whale,634,an ostrich a seal,1
a whale,634,an ostrich a dolphin,1
a whale,634,a penguin a salmon,0
a whale,634,a penguin a seal,0
a whale,634,a penguin a dolphin,1
a whale,634,a salmon a seal,1
a whale,634,a salmon a dolphin,0
a whale,634,a seal a dolphin,0
a seal,635,a finch a robin,0
a seal,635,a finch a chicken,0
a seal,635,a finch an eagle,0
a seal,635,a finch an ostrich,0
a seal,635,a finch a penguin,0
a seal,635,a finch a salmon,0
a seal,635,a finch a dolphin,0
a seal,635,a finch a whale,0
a seal,635,a robin a chicken,0
a seal,635,a robin an eagle,0
a seal,635,a robin an ostrich,0
a seal,635,a robin a penguin,0
a seal,635,a robin a salmon,0
a seal,635,a robin a dolphin,0
a seal,635,a robin a whale,0
a seal,635,a chicken an eagle,0
a seal,635,a chicken an ostrich,0
a seal,635,a chicken a penguin,0
a seal,635,a chicken a salmon,0
a seal,635,a chicken a dolphin,0
a seal,635,a chicken a whale,0
a seal,635,an eagle an ostrich,0
a seal,635,an eagle a penguin,0
a seal,635,an eagle a salmon,0
a seal,635,an eagle a dolphin,0
a seal,635,an eagle a whale,0
a seal,635,an ostrich a penguin,0
a seal,635,an ostrich a salmon,0
a seal,635,an ostrich a dolphin,0
a seal,635,a penguin a salmon,0
a seal,635,a penguin a dolphin,0
a seal,635,a penguin a whale,0
a seal,635,a salmon a dolphin,0
a seal,635,a salmon a whale,0
a seal,635,a dolphin a whale,0
a robin,636,a finch a chicken,0
a robin,636,a finch an eagle,0
a robin,636,a finch an ostrich,0
a robin,636,a finch a penguin,0
a robin,636,a finch a salmon,0
a robin,636,a finch a seal,0
a robin,636,a finch a dolphin,0
a robin,636,a finch a whale,0
a robin,636,a chicken an eagle,0
a robin,636,a chicken a penguin,0
a robin,636,a chicken a salmon,0
a robin,636,a chicken a seal,0
a robin,636,a chicken a dolphin,0
a robin,636,a chicken a whale,0
a robin,636,an eagle an ostrich,0
a robin,636,an eagle a penguin,0
a robin,636,an eagle a salmon,0
a robin,636,an eagle a seal,0
a robin,636,an eagle a dolphin,0
a robin,636,an eagle a whale,0
a robin,636,an ostrich a penguin,0
a robin,636,an ostrich a salmon,0
a robin,636,an ostrich a seal,0
a robin,636,an ostrich a dolphin,0
a robin,636,an ostrich a whale,0
a robin,636,a penguin a salmon,0
a robin,636,a penguin a seal,0
a robin,636,a penguin a dolphin,0
a robin,636,a penguin a whale,0
a robin,636,a salmon a seal,0
a robin,636,a salmon a dolphin,0
a robin,636,a salmon a whale,0
a robin,636,a seal a dolphin,0
a robin,636,a seal a whale,0
a robin,636,a dolphin a whale,0
an ostrich,637,a finch a robin,0
an ostrich,637,a finch a chicken,0
an ostrich,637,a finch an eagle,0
an ostrich,637,a finch a penguin,0
an ostrich,637,a finch a salmon,0
an ostrich,637,a finch a seal,0
an ostrich,637,a finch a dolphin,0
an ostrich,637,a finch a whale,0
an ostrich,637,a robin a chicken,0
an ostrich,637,a robin an eagle,0
an ostrich,637,a robin a penguin,0
an ostrich,637,a robin a salmon,0
an ostrich,637,a robin a seal,0
an ostrich,637,a robin a dolphin,0
an ostrich,637,a robin a whale,0
an ostrich,637,a chicken an eagle,0
an ostrich,637,a chicken a penguin,0
an ostrich,637,a chicken a salmon,0
an ostrich,637,a chicken a seal,0
an ostrich,637,a chicken a dolphin,0
an ostrich,637,a chicken a whale,0
an ostrich,637,an eagle a penguin,0
an ostrich,637,an eagle a salmon,0
an ostrich,637,an eagle a seal,0
an ostrich,637,an eagle a dolphin,0
an ostrich,637,an eagle a whale,0
an ostrich,637,a penguin a salmon,0
an ostrich,637,a penguin a seal,0
an ostrich,637,a penguin a whale,0
an ostrich,637,a salmon a seal,0
an ostrich,637,a salmon a whale,0
an ostrich,637,a seal a dolphin,0
an ostrich,637,a seal a whale,0
an ostrich,637,a dolphin a whale,0
a salmon,638,a finch a robin,0
a salmon,638,a finch a chicken,1
a salmon,638,a finch an eagle,0
a salmon,638,a finch an ostrich,0
a salmon,638,a finch a penguin,0
a salmon,638,a finch a seal,0
a salmon,638,a finch a dolphin,0
a salmon,638,a finch a whale,0
a salmon,638,a robin a chicken,0
a salmon,638,a robin an eagle,1
a salmon,638,a robin an ostrich,0
a salmon,638,a robin a penguin,0
a salmon,638,a robin a seal,1
a salmon,638,a robin a dolphin,0
a salmon,638,a robin a whale,0
a salmon,638,a chicken an eagle,0
a salmon,638,a chicken an ostrich,0
a salmon,638,a chicken a penguin,0
a salmon,638,a chicken a seal,1
a salmon,638,a chicken a dolphin,0
a salmon,638,a chicken a whale,0
a salmon,638,an eagle an ostrich,0
a salmon,638,an eagle a seal,1
a salmon,638,an eagle a dolphin,0
a salmon,638,an eagle a whale,0
a salmon,638,an ostrich a penguin,0
a salmon,638,an ostrich a seal,1
a salmon,638,an ostrich a dolphin,0
a salmon,638,an ostrich a whale,0
a salmon,638,a penguin a seal,0
a salmon,638,a penguin a dolphin,0
a salmon,638,a penguin a whale,1
a salmon,638,a seal a dolphin,0
a salmon,638,a seal a whale,0
a salmon,638,a dolphin a whale,0
a seal,639,a finch a robin,0
a seal,639,a finch a chicken,0
a seal,639,a finch an eagle,0
a seal,639,a finch an ostrich,0
a seal,639,a finch a penguin,0
a seal,639,a finch a salmon,1
a seal,639,a finch a dolphin,0
a seal,639,a finch a whale,0
a seal,639,a robin a chicken,0
a seal,639,a robin an eagle,1
a seal,639,a robin an ostrich,0
a seal,639,a robin a penguin,0
a seal,639,a robin a salmon,0
a seal,639,a robin a dolphin,0
a seal,639,a robin a whale,0
a seal,639,a chicken an eagle,0
a seal,639,a chicken an ostrich,0
a seal,639,a chicken a penguin,0
a seal,639,a chicken a salmon,0
a seal,639,a chicken a dolphin,0
a seal,639,a chicken a whale,0
a seal,639,an eagle an ostrich,0
a seal,639,an eagle a penguin,0
a seal,639,an eagle a salmon,0
a seal,639,an eagle a whale,0
a seal,639,an ostrich a penguin,0
a seal,639,an ostrich a salmon,0
a seal,639,an ostrich a dolphin,0
a seal,639,an ostrich a whale,0
a seal,639,a penguin a salmon,0
a seal,639,a penguin a dolphin,0
a seal,639,a penguin a whale,0
a seal,639,a salmon a dolphin,0
a seal,639,a salmon a whale,0
a seal,639,a dolphin a whale,0
a finch,640,a robin a chicken,0
a finch,640,a robin an eagle,0
a finch,640,a robin an ostrich,0
a finch,640,a robin a penguin,0
a finch,640,a robin a salmon,0
a finch,640,a robin a seal,0
a finch,640,a robin a dolphin,0
a finch,640,a chicken an eagle,0
a finch,640,a chicken an ostrich,0
a finch,640,a chicken a penguin,0
a finch,640,a chicken a salmon,0
a finch,640,a chicken a seal,0
a finch,640,a chicken a dolphin,0
a finch,640,a chicken a whale,0
a finch,640,an eagle an ostrich,0
a finch,640,an eagle a penguin,0
a finch,640,an eagle a salmon,0
a finch,640,an eagle a seal,0
a finch,640,an eagle a dolphin,0
a finch,640,an eagle a whale,0
a finch,640,an ostrich a penguin,0
a finch,640,an ostrich a salmon,0
a finch,640,an ostrich a seal,0
a finch,640,an ostrich a dolphin,0
a finch,640,an ostrich a whale,0
a finch,640,a penguin a salmon,0
a finch,640,a penguin a seal,0
a finch,640,a penguin a dolphin,0
a finch,640,a penguin a whale,0
a finch,640,a salmon a seal,0
a finch,640,a salmon a dolphin,0
a finch,640,a salmon a whale,0
a finch,640,a seal a dolphin,0
a finch,640,a seal a whale,0
a finch,640,a dolphin a whale,0
a penguin,641,a finch a robin,0
a penguin,641,a finch a chicken,0
a penguin,641,a finch an eagle,0
a penguin,641,a finch an ostrich,0
a penguin,641,a finch a salmon,0
a penguin,641,a finch a seal,0
a penguin,641,a finch a dolphin,0
a penguin,641,a finch a whale,0
a penguin,641,a robin a chicken,0
a penguin,641,a robin an eagle,0
a penguin,641,a robin an ostrich,0
a penguin,641,a robin a salmon,0
a penguin,641,a robin a seal,0
a penguin,641,a robin a dolphin,0
a penguin,641,a robin a whale,0
a penguin,641,a chicken an eagle,0
a penguin,641,a chicken an ostrich,0
a penguin,641,a chicken a salmon,0
a penguin,641,a chicken a seal,1
a penguin,641,a chicken a dolphin,0
a penguin,641,a chicken a whale,0
a penguin,641,an eagle an ostrich,0
a penguin,641,an eagle a salmon,0
a penguin,641,an eagle a seal,0
a penguin,641,an eagle a dolphin,0
a penguin,641,an eagle a whale,0
a penguin,641,an ostrich a salmon,0
a penguin,641,an ostrich a seal,0
a penguin,641,an ostrich a dolphin,0
a penguin,641,an ostrich a whale,1
a penguin,641,a salmon a seal,1
a penguin,641,a salmon a dolphin,1
a penguin,641,a salmon a whale,0
a penguin,641,a seal a dolphin,0
a penguin,641,a seal a whale,0
a penguin,641,a dolphin a whale,0
a finch,642,a robin a chicken,0
a finch,642,a robin an eagle,0
a finch,642,a robin an ostrich,0
a finch,642,a robin a penguin,0
a finch,642,a robin a salmon,0
a finch,642,a robin a seal,0
a finch,642,a robin a dolphin,0
a finch,642,a robin a whale,0
a finch,642,a chicken an eagle,0
a finch,642,a chicken an ostrich,0
a finch,642,a chicken a penguin,0
a finch,642,a chicken a salmon,0
a finch,642,a chicken a seal,0
a finch,642,a chicken a dolphin,0
a finch,642,a chicken a whale,0
a finch,642,an eagle an ostrich,0
a finch,642,an eagle a penguin,0
a finch,642,an eagle a salmon,0
a finch,642,an eagle a seal,0
a finch,642,an eagle a dolphin,0
a finch,642,an eagle a whale,0
a finch,642,an ostrich a salmon,0
a finch,642,an ostrich a seal,0
a finch,642,an ostrich a dolphin,0
a finch,642,an ostrich a whale,0
a finch,642,a penguin a salmon,0
a finch,642,a penguin a seal,0
a finch,642,a penguin a dolphin,0
a finch,642,a penguin a whale,0
a finch,642,a salmon a seal,0
a finch,642,a salmon a whale,0
a finch,642,a seal a dolphin,0
a finch,642,a seal a whale,0
a robin,643,a finch a chicken,1
a robin,643,a finch an eagle,0
a robin,643,a finch an ostrich,0
a robin,643,a finch a penguin,0
a robin,643,a finch a salmon,0
a robin,643,a finch a seal,0
a robin,643,a finch a dolphin,0
a robin,643,a finch a whale,0
a robin,643,a chicken an eagle,0
a robin,643,a chicken an ostrich,0
a robin,643,a chicken a penguin,0
a robin,643,a chicken a salmon,0
a robin,643,a chicken a seal,0
a robin,643,a chicken a dolphin,0
a robin,643,a chicken a whale,0
a robin,643,an eagle an ostrich,0
a robin,643,an eagle a penguin,0
a robin,643,an eagle a salmon,1
a robin,643,an eagle a seal,0
a robin,643,an eagle a dolphin,0
a robin,643,an eagle a whale,0
a robin,643,an ostrich a penguin,0
a robin,643,an ostrich a salmon,0
a robin,643,an ostrich a seal,0
a robin,643,an ostrich a dolphin,0
a robin,643,an ostrich a whale,0
a robin,643,a penguin a salmon,0
a robin,643,a penguin a seal,0
a robin,643,a penguin a dolphin,0
a robin,643,a penguin a whale,0
a robin,643,a salmon a seal,0
a robin,643,a salmon a whale,0
a robin,643,a seal a dolphin,1
a robin,643,a seal a whale,0
a robin,643,a dolphin a whale,0
a finch,644,a robin a chicken,0
a finch,644,a robin an eagle,0
a finch,644,a robin an ostrich,0
a finch,644,a robin a penguin,0
a finch,644,a robin a salmon,0
a finch,644,a robin a seal,0
a finch,644,a robin a dolphin,0
a finch,644,a robin a whale,0
a finch,644,a chicken an eagle,0
a finch,644,a chicken an ostrich,0
a finch,644,a chicken a penguin,0
a finch,644,a chicken a salmon,0
a finch,644,a chicken a seal,0
a finch,644,a chicken a dolphin,0
a finch,644,a chicken a whale,0
a finch,644,an eagle an ostrich,0
a finch,644,an eagle a penguin,0
a finch,644,an eagle a salmon,0
a finch,644,an eagle a seal,0
a finch,644,an eagle a dolphin,0
a finch,644,an eagle a whale,0
a finch,644,an ostrich a penguin,0
a finch,644,an ostrich a salmon,0
a finch,644,an ostrich a seal,0
a finch,644,an ostrich a dolphin,0
a finch,644,an ostrich a whale,0
a finch,644,a penguin a salmon,0
a finch,644,a penguin a seal,0
a finch,644,a penguin a dolphin,0
a finch,644,a penguin a whale,0
a finch,644,a salmon a seal,0
a finch,644,a salmon a dolphin,0
a finch,644,a salmon a whale,0
a finch,644,a seal a dolphin,0
a finch,644,a seal a whale,0
a finch,644,a dolphin a whale,0
an ostrich,645,a finch a robin,0
an ostrich,645,a finch a chicken,0
an ostrich,645,a finch an eagle,0
an ostrich,645,a finch a penguin,0
an ostrich,645,a finch a salmon,0
an ostrich,645,a finch a seal,0
an ostrich,645,a finch a dolphin,0
an ostrich,645,a finch a whale,0
an ostrich,645,a robin a chicken,0
an ostrich,645,a robin an eagle,0
an ostrich,645,a robin a penguin,0
an ostrich,645,a robin a salmon,0
an ostrich,645,a robin a seal,0
an ostrich,645,a robin a dolphin,0
an ostrich,645,a robin a whale,0
an ostrich,645,a chicken an eagle,0
an ostrich,645,a chicken a penguin,0
an ostrich,645,a chicken a salmon,0
an ostrich,645,a chicken a seal,0
an ostrich,645,a chicken a dolphin,0
an ostrich,645,a chicken a whale,0
an ostrich,645,an eagle a penguin,0
an ostrich,645,an eagle a salmon,0
an ostrich,645,an eagle a seal,0
an ostrich,645,an eagle a dolphin,0
an ostrich,645,an eagle a whale,0
an ostrich,645,a penguin a salmon,0
an ostrich,645,a penguin a seal,0
an ostrich,645,a penguin a dolphin,0
an ostrich,645,a penguin a whale,0
an ostrich,645,a salmon a seal,0
an ostrich,645,a salmon a dolphin,0
an ostrich,645,a salmon a whale,0
an ostrich,645,a seal a dolphin,0
an ostrich,645,a seal a whale,0
an ostrich,645,a dolphin a whale,0
a whale,646,a finch a robin,0
a whale,646,a finch a chicken,0
a whale,646,a finch an eagle,0
a whale,646,a finch an ostrich,0
a whale,646,a finch a penguin,0
a whale,646,a finch a salmon,0
a whale,646,a finch a seal,1
a whale,646,a finch a dolphin,0
a whale,646,a robin a chicken,1
a whale,646,a robin an eagle,0
a whale,646,a robin an ostrich,0
a whale,646,a robin a penguin,0
a whale,646,a robin a salmon,0
a whale,646,a robin a seal,1
a whale,646,a robin a dolphin,0
a whale,646,a chicken an eagle,0
a whale,646,a chicken an ostrich,0
a whale,646,a chicken a penguin,0
a whale,646,a chicken a salmon,0
a whale,646,a chicken a seal,0
a whale,646,a chicken a dolphin,0
a whale,646,an eagle an ostrich,0
a whale,646,an eagle a penguin,0
a whale,646,an eagle a salmon,1
a whale,646,an eagle a seal,1
a whale,646,an eagle a dolphin,0
a whale,646,an ostrich a penguin,0
a whale,646,an ostrich a salmon,0
a whale,646,an ostrich a seal,1
a whale,646,an ostrich a dolphin,0
a whale,646,a penguin a seal,1
a whale,646,a penguin a dolphin,1
a whale,646,a salmon a seal,0
a whale,646,a salmon a dolphin,0
a whale,646,a seal a dolphin,0
a dolphin,647,a finch a robin,0
a dolphin,647,a finch a chicken,0
a dolphin,647,a finch an eagle,1
a dolphin,647,a finch an ostrich,0
a dolphin,647,a finch a penguin,0
a dolphin,647,a finch a salmon,0
a dolphin,647,a finch a seal,0
a dolphin,647,a finch a whale,0
a dolphin,647,a robin a chicken,0
a dolphin,647,a robin an eagle,0
a dolphin,647,a robin an ostrich,0
a dolphin,647,a robin a penguin,0
a dolphin,647,a robin a salmon,0
a dolphin,647,a robin a seal,0
a dolphin,647,a robin a whale,0
a dolphin,647,a chicken an eagle,0
a dolphin,647,a chicken an ostrich,0
a dolphin,647,a chicken a penguin,0
a dolphin,647,a chicken a salmon,0
a dolphin,647,a chicken a seal,1
a dolphin,647,a chicken a whale,0
a dolphin,647,an eagle an ostrich,0
a dolphin,647,an eagle a penguin,0
a dolphin,647,an eagle a salmon,0
a dolphin,647,an eagle a seal,1
a dolphin,647,an eagle a whale,0
a dolphin,647,an ostrich a penguin,0
a dolphin,647,an ostrich a salmon,0
a dolphin,647,an ostrich a seal,0
a dolphin,647,an ostrich a whale,0
a dolphin,647,a penguin a salmon,0
a dolphin,647,a penguin a seal,0
a dolphin,647,a penguin a whale,1
a dolphin,647,a salmon a seal,0
a dolphin,647,a salmon a whale,0
a dolphin,647,a seal a whale,0
a penguin,648,a finch a robin,0
a penguin,648,a finch a chicken,0
a penguin,648,a finch an eagle,0
a penguin,648,a finch an ostrich,0
a penguin,648,a finch a salmon,0
a penguin,648,a finch a seal,1
a penguin,648,a finch a dolphin,0
a penguin,648,a finch a whale,0
a penguin,648,a robin a chicken,0
a penguin,648,a robin an eagle,0
a penguin,648,a robin an ostrich,0
a penguin,648,a robin a salmon,0
a penguin,648,a robin a seal,1
a penguin,648,a robin a dolphin,0
a penguin,648,a robin a whale,0
a penguin,648,a chicken an eagle,0
a penguin,648,a chicken an ostrich,0
a penguin,648,a chicken a salmon,0
a penguin,648,a chicken a seal,0
a penguin,648,a chicken a dolphin,0
a penguin,648,a chicken a whale,0
a penguin,648,an eagle an ostrich,0
a penguin,648,an eagle a salmon,0
a penguin,648,an eagle a seal,1
a penguin,648,an eagle a dolphin,1
a penguin,648,an eagle a whale,1
a penguin,648,an ostrich a salmon,0
a penguin,648,an ostrich a seal,1
a penguin,648,an ostrich a dolphin,0
a penguin,648,an ostrich a whale,1
a penguin,648,a salmon a seal,0
a penguin,648,a salmon a dolphin,0
a penguin,648,a salmon a whale,0
a penguin,648,a seal a dolphin,0
a penguin,648,a seal a whale,0
a penguin,648,a dolphin a whale,0
a finch,649,a robin a chicken,0
a finch,649,a robin an eagle,0
a finch,649,a robin an ostrich,0
a finch,649,a robin a penguin,0
a finch,649,a robin a salmon,0
a finch,649,a robin a seal,0
a finch,649,a robin a dolphin,0
a finch,649,a robin a whale,0
a finch,649,a chicken an eagle,0
a finch,649,a chicken an ostrich,0
a finch,649,a chicken a penguin,0
a finch,649,a chicken a salmon,0
a finch,649,a chicken a seal,0
a finch,649,a chicken a dolphin,0
a finch,649,a chicken a whale,0
a finch,649,an eagle an ostrich,0
a finch,649,an eagle a penguin,0
a finch,649,an eagle a salmon,0
a finch,649,an eagle a seal,0
a finch,649,an eagle a dolphin,0
a finch,649,an eagle a whale,0
a finch,649,an ostrich a penguin,0
a finch,649,an ostrich a salmon,0
a finch,649,an ostrich a seal,0
a finch,649,an ostrich a dolphin,0
a finch,649,an ostrich a whale,0
a finch,649,a penguin a salmon,0
a finch,649,a penguin a seal,0
a finch,649,a penguin a dolphin,0
a finch,649,a penguin a whale,0
a finch,649,a salmon a seal,0
a finch,649,a salmon a dolphin,0
a finch,649,a salmon a whale,0
a finch,649,a seal a dolphin,0
a finch,649,a seal a whale,0
a finch,649,a dolphin a whale,0
a finch,650,a robin a chicken,0
a finch,650,a robin an eagle,0
a finch,650,a robin an ostrich,0
a finch,650,a robin a penguin,0
a finch,650,a robin a salmon,0
a finch,650,a robin a seal,0
a finch,650,a robin a dolphin,0
a finch,650,a robin a whale,0
a finch,650,a chicken an eagle,0
a finch,650,a chicken an ostrich,0
a finch,650,a chicken a penguin,0
a finch,650,a chicken a salmon,0
a finch,650,a chicken a seal,0
a finch,650,a chicken a dolphin,0
a finch,650,a chicken a whale,0
a finch,650,an eagle an ostrich,0
a finch,650,an eagle a penguin,0
a finch,650,an eagle a salmon,0
a finch,650,an eagle a seal,0
a finch,650,an eagle a dolphin,0
a finch,650,an eagle a whale,0
a finch,650,an ostrich a penguin,0
a finch,650,an ostrich a salmon,0
a finch,650,an ostrich a seal,0
a finch,650,an ostrich a dolphin,0
a finch,650,an ostrich a whale,0
a finch,650,a penguin a salmon,0
a finch,650,a penguin a seal,0
a finch,650,a penguin a dolphin,0
a finch,650,a penguin a whale,0
a finch,650,a salmon a seal,0
a finch,650,a salmon a dolphin,0
a finch,650,a salmon a whale,0
a finch,650,a seal a dolphin,0
a finch,650,a seal a whale,0
a finch,650,a dolphin a whale,0
a robin,651,a finch a chicken,1
a robin,651,a finch an eagle,0
a robin,651,a finch an ostrich,0
a robin,651,a finch a penguin,0
a robin,651,a finch a salmon,0
a robin,651,a finch a seal,0
a robin,651,a finch a dolphin,0
a robin,651,a finch a whale,0
a robin,651,a chicken an eagle,0
a robin,651,a chicken an ostrich,0
a robin,651,a chicken a penguin,0
a robin,651,a chicken a salmon,0
a robin,651,a chicken a seal,0
a robin,651,a chicken a dolphin,0
a robin,651,a chicken a whale,0
a robin,651,an eagle an ostrich,0
a robin,651,an eagle a penguin,0
a robin,651,an eagle a salmon,0
a robin,651,an eagle a seal,0
a robin,651,an eagle a dolphin,0
a robin,651,an eagle a whale,0
a robin,651,an ostrich a penguin,0
a robin,651,an ostrich a salmon,0
a robin,651,an ostrich a seal,0
a robin,651,an ostrich a dolphin,0
a robin,651,an ostrich a whale,0
a robin,651,a penguin a salmon,0
a robin,651,a penguin a seal,0
a robin,651,a penguin a dolphin,0
a robin,651,a penguin a whale,0
a robin,651,a salmon a seal,0
a robin,651,a salmon a dolphin,0
a robin,651,a salmon a whale,0
a robin,651,a seal a dolphin,0
a robin,651,a seal a whale,0
a dolphin,652,a finch a robin,0
a dolphin,652,a finch a chicken,0
a dolphin,652,a finch an eagle,0
a dolphin,652,a finch an ostrich,0
a dolphin,652,a finch a penguin,0
a dolphin,652,a finch a salmon,0
a dolphin,652,a finch a seal,1
a dolphin,652,a finch a whale,0
a dolphin,652,a robin a chicken,0
a dolphin,652,a robin an eagle,0
a dolphin,652,a robin a penguin,0
a dolphin,652,a robin a salmon,1
a dolphin,652,a robin a seal,1
a dolphin,652,a robin a whale,0
a dolphin,652,a chicken an eagle,0
a dolphin,652,a chicken an ostrich,0
a dolphin,652,a chicken a penguin,0
a dolphin,652,a chicken a salmon,0
a dolphin,652,a chicken a seal,1
a dolphin,652,a chicken a whale,0
a dolphin,652,an eagle an ostrich,0
a dolphin,652,an eagle a penguin,0
a dolphin,652,an eagle a salmon,0
a dolphin,652,an eagle a seal,1
a dolphin,652,an eagle a whale,1
a dolphin,652,an ostrich a penguin,0
a dolphin,652,an ostrich a seal,1
a dolphin,652,an ostrich a whale,0
a dolphin,652,a penguin a salmon,0
a dolphin,652,a penguin a seal,0
a dolphin,652,a penguin a whale,1
a dolphin,652,a salmon a seal,1
a dolphin,652,a salmon a whale,1
a dolphin,652,a seal a whale,0
a chicken,653,a finch a robin,0
a chicken,653,a finch an eagle,0
a chicken,653,a finch an ostrich,0
a chicken,653,a finch a penguin,0
a chicken,653,a finch a salmon,0
a chicken,653,a finch a seal,0
a chicken,653,a finch a dolphin,0
a chicken,653,a finch a whale,0
a chicken,653,a robin an eagle,0
a chicken,653,a robin an ostrich,0
a chicken,653,a robin a penguin,0
a chicken,653,a robin a salmon,0
a chicken,653,a robin a seal,0
a chicken,653,a robin a dolphin,0
a chicken,653,a robin a whale,0
a chicken,653,an eagle an ostrich,0
a chicken,653,an eagle a penguin,0
a chicken,653,an eagle a salmon,0
a chicken,653,an eagle a seal,0
a chicken,653,an eagle a dolphin,0
a chicken,653,an eagle a whale,0
a chicken,653,an ostrich a penguin,0
a chicken,653,an ostrich a seal,0
a chicken,653,an ostrich a dolphin,0
a chicken,653,an ostrich a whale,0
a chicken,653,a penguin a salmon,0
a chicken,653,a penguin a seal,0
a chicken,653,a penguin a dolphin,0
a chicken,653,a penguin a whale,0
a chicken,653,a salmon a seal,0
a chicken,653,a salmon a dolphin,0
a chicken,653,a salmon a whale,0
a chicken,653,a seal a whale,0
a chicken,653,a dolphin a whale,0
a finch,654,a robin a chicken,0
a finch,654,a robin an eagle,0
a finch,654,a robin an ostrich,0
a finch,654,a robin a penguin,0
a finch,654,a robin a salmon,0
a finch,654,a robin a seal,0
a finch,654,a robin a dolphin,0
a finch,654,a robin a whale,0
a finch,654,a chicken an eagle,0
a finch,654,a chicken an ostrich,0
a finch,654,a chicken a penguin,0
a finch,654,a chicken a salmon,0
a finch,654,a chicken a seal,0
a finch,654,a chicken a dolphin,0
a finch,654,a chicken a whale,0
a finch,654,an eagle an ostrich,0
a finch,654,an eagle a penguin,0
a finch,654,an eagle a salmon,0
a finch,654,an eagle a seal,0
a finch,654,an eagle a dolphin,0
a finch,654,an eagle a whale,0
a finch,654,an ostrich a penguin,0
a finch,654,an ostrich a salmon,0
a finch,654,an ostrich a seal,0
a finch,654,an ostrich a whale,0
a finch,654,a penguin a salmon,0
a finch,654,a penguin a seal,0
a finch,654,a penguin a dolphin,0
a finch,654,a penguin a whale,0
a finch,654,a salmon a whale,0
a finch,654,a seal a dolphin,0
a finch,654,a dolphin a whale,0
an ostrich,655,a finch a robin,0
an ostrich,655,a finch a chicken,0
an ostrich,655,a finch an eagle,0
an ostrich,655,a finch a penguin,0
an ostrich,655,a finch a salmon,0
an ostrich,655,a finch a seal,0
an ostrich,655,a finch a dolphin,0
an ostrich,655,a finch a whale,0
an ostrich,655,a robin a chicken,0
an ostrich,655,a robin an eagle,0
an ostrich,655,a robin a penguin,0
an ostrich,655,a robin a salmon,0
an ostrich,655,a robin a seal,0
an ostrich,655,a robin a dolphin,0
an ostrich,655,a robin a whale,0
an ostrich,655,a chicken an eagle,0
an ostrich,655,a chicken a penguin,0
an ostrich,655,a chicken a salmon,0
an ostrich,655,a chicken a seal,0
an ostrich,655,a chicken a dolphin,0
an ostrich,655,a chicken a whale,0
an ostrich,655,an eagle a penguin,0
an ostrich,655,an eagle a salmon,0
an ostrich,655,an eagle a seal,0
an ostrich,655,an eagle a dolphin,0
an ostrich,655,an eagle a whale,0
an ostrich,655,a penguin a salmon,0
an ostrich,655,a penguin a seal,0
an ostrich,655,a penguin a dolphin,0
an ostrich,655,a penguin a whale,0
an ostrich,655,a salmon a seal,0
an ostrich,655,a salmon a dolphin,0
an ostrich,655,a salmon a whale,0
an ostrich,655,a seal a dolphin,0
an ostrich,655,a seal a whale,0
an ostrich,655,a dolphin a whale,0
a salmon,656,a finch a robin,0
a salmon,656,a finch a chicken,1
a salmon,656,a finch an eagle,0
a salmon,656,a finch an ostrich,0
a salmon,656,a finch a penguin,0
a salmon,656,a finch a seal,1
a salmon,656,a finch a dolphin,0
a salmon,656,a finch a whale,0
a salmon,656,a robin a chicken,1
a salmon,656,a robin an eagle,0
a salmon,656,a robin an ostrich,0
a salmon,656,a robin a penguin,0
a salmon,656,a robin a seal,1
a salmon,656,a robin a dolphin,0
a salmon,656,a robin a whale,0
a salmon,656,a chicken an eagle,0
a salmon,656,a chicken an ostrich,0
a salmon,656,a chicken a seal,1
a salmon,656,a chicken a dolphin,0
a salmon,656,a chicken a whale,0
a salmon,656,an eagle an ostrich,0
a salmon,656,an eagle a penguin,0
a salmon,656,an eagle a seal,0
a salmon,656,an eagle a dolphin,0
a salmon,656,an eagle a whale,0
a salmon,656,an ostrich a penguin,0
a salmon,656,an ostrich a seal,0
a salmon,656,an ostrich a dolphin,0
a salmon,656,an ostrich a whale,0
a salmon,656,a penguin a seal,1
a salmon,656,a penguin a dolphin,0
a salmon,656,a penguin a whale,0
a salmon,656,a seal a whale,0
a salmon,656,a dolphin a whale,0
a penguin,657,a finch a robin,0
a penguin,657,a finch a chicken,0
a penguin,657,a finch an eagle,0
a penguin,657,a finch an ostrich,0
a penguin,657,a finch a salmon,0
a penguin,657,a finch a seal,0
a penguin,657,a finch a dolphin,0
a penguin,657,a finch a whale,0
a penguin,657,a robin a chicken,1
a penguin,657,a robin an eagle,0
a penguin,657,a robin an ostrich,0
a penguin,657,a robin a salmon,0
a penguin,657,a robin a seal,0
a penguin,657,a robin a dolphin,0
a penguin,657,a robin a whale,0
a penguin,657,a chicken an eagle,0
a penguin,657,a chicken an ostrich,0
a penguin,657,a chicken a salmon,0
a penguin,657,a chicken a seal,1
a penguin,657,a chicken a dolphin,0
a penguin,657,a chicken a whale,0
a penguin,657,an eagle an ostrich,0
a penguin,657,an eagle a salmon,0
a penguin,657,an eagle a seal,1
a penguin,657,an eagle a dolphin,0
a penguin,657,an eagle a whale,0
a penguin,657,an ostrich a salmon,0
a penguin,657,an ostrich a seal,1
a penguin,657,an ostrich a dolphin,0
a penguin,657,an ostrich a whale,0
a penguin,657,a salmon a seal,1
a penguin,657,a salmon a dolphin,0
a penguin,657,a salmon a whale,0
a penguin,657,a seal a dolphin,0
a penguin,657,a seal a whale,0
a penguin,657,a dolphin a whale,0
a finch,658,a robin a chicken,0
a finch,658,a robin an eagle,0
a finch,658,a robin an ostrich,0
a finch,658,a robin a penguin,0
a finch,658,a robin a salmon,0
a finch,658,a robin a seal,0
a finch,658,a robin a dolphin,0
a finch,658,a robin a whale,0
a finch,658,a chicken an eagle,0
a finch,658,a chicken an ostrich,0
a finch,658,a chicken a penguin,0
a finch,658,a chicken a salmon,0
a finch,658,a chicken a seal,0
a finch,658,a chicken a dolphin,0
a finch,658,a chicken a whale,0
a finch,658,an eagle an ostrich,0
a finch,658,an eagle a penguin,0
a finch,658,an eagle a salmon,0
a finch,658,an eagle a seal,0
a finch,658,an eagle a dolphin,0
a finch,658,an eagle a whale,0
a finch,658,an ostrich a penguin,0
a finch,658,an ostrich a salmon,0
a finch,658,an ostrich a seal,0
a finch,658,an ostrich a dolphin,0
a finch,658,an ostrich a whale,0
a finch,658,a penguin a salmon,0
a finch,658,a penguin a seal,0
a finch,658,a penguin a dolphin,0
a finch,658,a penguin a whale,0
a finch,658,a salmon a seal,0
a finch,658,a salmon a dolphin,0
a finch,658,a salmon a whale,0
a finch,658,a seal a dolphin,0
a finch,658,a seal a whale,0
a finch,658,a dolphin a whale,0
an ostrich,659,a finch a robin,0
an ostrich,659,a finch a chicken,1
an ostrich,659,a finch an eagle,0
an ostrich,659,a finch a penguin,0
an ostrich,659,a finch a salmon,0
an ostrich,659,a finch a seal,0
an ostrich,659,a finch a dolphin,0
an ostrich,659,a finch a whale,0
an ostrich,659,a robin a chicken,0
an ostrich,659,a robin an eagle,0
an ostrich,659,a robin a penguin,0
an ostrich,659,a robin a salmon,0
an ostrich,659,a robin a seal,0
an ostrich,659,a robin a dolphin,0
an ostrich,659,a robin a whale,0
an ostrich,659,a chicken an eagle,0
an ostrich,659,a chicken a penguin,0
an ostrich,659,a chicken a salmon,0
an ostrich,659,a chicken a seal,0
an ostrich,659,a chicken a dolphin,0
an ostrich,659,a chicken a whale,0
an ostrich,659,an eagle a penguin,0
an ostrich,659,an eagle a salmon,0
an ostrich,659,an eagle a seal,0
an ostrich,659,an eagle a dolphin,0
an ostrich,659,an eagle a whale,1
an ostrich,659,a penguin a salmon,0
an ostrich,659,a penguin a seal,0
an ostrich,659,a penguin a dolphin,0
an ostrich,659,a penguin a whale,0
an ostrich,659,a salmon a seal,0
an ostrich,659,a salmon a dolphin,0
an ostrich,659,a salmon a whale,0
an ostrich,659,a seal a dolphin,0
an ostrich,659,a seal a whale,0
an ostrich,659,a dolphin a whale,0
an ostrich,660,a finch a robin,0
an ostrich,660,a finch a chicken,1
an ostrich,660,a finch an eagle,0
an ostrich,660,a finch a penguin,0
an ostrich,660,a finch a salmon,0
an ostrich,660,a finch a seal,0
an ostrich,660,a finch a dolphin,0
an ostrich,660,a finch a whale,0
an ostrich,660,a robin a chicken,0
an ostrich,660,a robin an eagle,0
an ostrich,660,a robin a penguin,0
an ostrich,660,a robin a salmon,0
an ostrich,660,a robin a seal,0
an ostrich,660,a robin a whale,0
an ostrich,660,a chicken an eagle,0
an ostrich,660,a chicken a penguin,0
an ostrich,660,a chicken a salmon,0
an ostrich,660,a chicken a seal,0
an ostrich,660,a chicken a dolphin,0
an ostrich,660,a chicken a whale,0
an ostrich,660,an eagle a penguin,0
an ostrich,660,an eagle a salmon,0
an ostrich,660,an eagle a seal,1
an ostrich,660,an eagle a dolphin,0
an ostrich,660,an eagle a whale,0
an ostrich,660,a penguin a salmon,0
an ostrich,660,a penguin a dolphin,0
an ostrich,660,a penguin a whale,0
an ostrich,660,a salmon a seal,0
an ostrich,660,a salmon a dolphin,0
an ostrich,660,a salmon a whale,0
an ostrich,660,a seal a dolphin,0
an ostrich,660,a seal a whale,0
an ostrich,660,a dolphin a whale,0
a penguin,661,a finch a robin,0
a penguin,661,a finch a chicken,1
a penguin,661,a finch an eagle,0
a penguin,661,a finch an ostrich,0
a penguin,661,a finch a salmon,0
a penguin,661,a finch a seal,1
a penguin,661,a finch a dolphin,0
a penguin,661,a finch a whale,0
a penguin,661,a robin a chicken,0
a penguin,661,a robin an eagle,0
a penguin,661,a robin an ostrich,0
a penguin,661,a robin a salmon,0
a penguin,661,a robin a seal,0
a penguin,661,a robin a dolphin,0
a penguin,661,a robin a whale,0
a penguin,661,a chicken an eagle,0
a penguin,661,a chicken an ostrich,0
a penguin,661,a chicken a salmon,0
a penguin,661,a chicken a seal,1
a penguin,661,a chicken a dolphin,0
a penguin,661,a chicken a whale,0
a penguin,661,an eagle an ostrich,1
a penguin,661,an eagle a salmon,0
a penguin,661,an eagle a seal,1
a penguin,661,an eagle a dolphin,0
a penguin,661,an eagle a whale,0
a penguin,661,an ostrich a salmon,0
a penguin,661,an ostrich a seal,0
a penguin,661,an ostrich a dolphin,0
a penguin,661,an ostrich a whale,0
a penguin,661,a salmon a seal,1
a penguin,661,a salmon a dolphin,0
a penguin,661,a salmon a whale,0
a penguin,661,a seal a dolphin,0
a penguin,661,a seal a whale,0
a penguin,661,a dolphin a whale,0
a chicken,662,a finch a robin,0
a chicken,662,a finch an eagle,0
a chicken,662,a finch an ostrich,0
a chicken,662,a finch a penguin,0
a chicken,662,a finch a salmon,0
a chicken,662,a finch a seal,0
a chicken,662,a finch a dolphin,0
a chicken,662,a finch a whale,0
a chicken,662,a robin an eagle,0
a chicken,662,a robin an ostrich,0
a chicken,662,a robin a penguin,0
a chicken,662,a robin a salmon,0
a chicken,662,a robin a seal,0
a chicken,662,a robin a dolphin,0
a chicken,662,a robin a whale,0
a chicken,662,an eagle an ostrich,0
a chicken,662,an eagle a penguin,0
a chicken,662,an eagle a salmon,0
a chicken,662,an eagle a seal,0
a chicken,662,an eagle a dolphin,0
a chicken,662,an eagle a whale,0
a chicken,662,an ostrich a penguin,0
a chicken,662,an ostrich a salmon,0
a chicken,662,an ostrich a seal,0
a chicken,662,an ostrich a dolphin,0
a chicken,662,an ostrich a whale,0
a chicken,662,a penguin a salmon,0
a chicken,662,a penguin a seal,0
a chicken,662,a penguin a dolphin,0
a chicken,662,a penguin a whale,0
a chicken,662,a salmon a seal,0
a chicken,662,a salmon a dolphin,0
a chicken,662,a salmon a whale,0
a chicken,662,a seal a dolphin,0
a chicken,662,a seal a whale,0
a chicken,662,a dolphin a whale,0
an ostrich,663,a finch a robin,0
an ostrich,663,a finch a chicken,0
an ostrich,663,a finch an eagle,0
an ostrich,663,a finch a penguin,0
an ostrich,663,a finch a salmon,0
an ostrich,663,a finch a seal,0
an ostrich,663,a finch a dolphin,0
an ostrich,663,a robin a chicken,1
an ostrich,663,a robin an eagle,1
an ostrich,663,a robin a penguin,0
an ostrich,663,a robin a salmon,0
an ostrich,663,a robin a seal,0
an ostrich,663,a robin a dolphin,0
an ostrich,663,a robin a whale,0
an ostrich,663,a chicken an eagle,0
an ostrich,663,a chicken a penguin,0
an ostrich,663,a chicken a salmon,0
an ostrich,663,a chicken a seal,0
an ostrich,663,a chicken a dolphin,0
an ostrich,663,a chicken a whale,0
an ostrich,663,an eagle a penguin,0
an ostrich,663,an eagle a salmon,0
an ostrich,663,an eagle a seal,0
an ostrich,663,an eagle a dolphin,0
an ostrich,663,an eagle a whale,0
an ostrich,663,a penguin a salmon,0
an ostrich,663,a penguin a seal,0
an ostrich,663,a penguin a dolphin,0
an ostrich,663,a penguin a whale,0
an ostrich,663,a salmon a seal,0
an ostrich,663,a salmon a dolphin,0
an ostrich,663,a salmon a whale,0
an ostrich,663,a seal a dolphin,0
an ostrich,663,a seal a whale,0
an ostrich,663,a dolphin a whale,0
a salmon,664,a finch a robin,0
a salmon,664,a finch a chicken,0
a salmon,664,a finch an eagle,0
a salmon,664,a finch an ostrich,0
a salmon,664,a finch a penguin,0
a salmon,664,a finch a seal,0
a salmon,664,a finch a dolphin,0
a salmon,664,a finch a whale,0
a salmon,664,a robin a chicken,0
a salmon,664,a robin an eagle,0
a salmon,664,a robin an ostrich,0
a salmon,664,a robin a penguin,0
a salmon,664,a robin a seal,0
a salmon,664,a robin a dolphin,0
a salmon,664,a robin a whale,0
a salmon,664,a chicken an eagle,0
a salmon,664,a chicken an ostrich,0
a salmon,664,a chicken a penguin,0
a salmon,664,a chicken a seal,0
a salmon,664,a chicken a dolphin,0
a salmon,664,a chicken a whale,0
a salmon,664,an eagle an ostrich,0
a salmon,664,an eagle a penguin,0
a salmon,664,an eagle a seal,1
a salmon,664,an eagle a dolphin,1
a salmon,664,an eagle a whale,1
a salmon,664,an ostrich a seal,0
a salmon,664,an ostrich a dolphin,0
a salmon,664,a penguin a seal,1
a salmon,664,a penguin a whale,1
a salmon,664,a seal a whale,0
a salmon,664,a dolphin a whale,0
an ostrich,665,a finch a robin,0
an ostrich,665,a finch a chicken,0
an ostrich,665,a finch an eagle,0
an ostrich,665,a finch a penguin,0
an ostrich,665,a finch a salmon,0
an ostrich,665,a finch a seal,0
an ostrich,665,a finch a dolphin,0
an ostrich,665,a finch a whale,0
an ostrich,665,a robin a chicken,0
an ostrich,665,a robin an eagle,0
an ostrich,665,a robin a penguin,0
an ostrich,665,a robin a salmon,0
an ostrich,665,a robin a seal,0
an ostrich,665,a robin a dolphin,0
an ostrich,665,a robin a whale,0
an ostrich,665,a chicken an eagle,0
an ostrich,665,a chicken a penguin,0
an ostrich,665,a chicken a salmon,0
an ostrich,665,a chicken a seal,0
an ostrich,665,a chicken a dolphin,0
an ostrich,665,a chicken a whale,0
an ostrich,665,an eagle a penguin,0
an ostrich,665,an eagle a salmon,0
an ostrich,665,an eagle a seal,0
an ostrich,665,an eagle a dolphin,0
an ostrich,665,an eagle a whale,0
an ostrich,665,a penguin a salmon,0
an ostrich,665,a penguin a seal,0
an ostrich,665,a penguin a whale,0
an ostrich,665,a salmon a seal,0
an ostrich,665,a salmon a dolphin,0
an ostrich,665,a seal a dolphin,0
an ostrich,665,a seal a whale,0
an ostrich,665,a dolphin a whale,0
an ostrich,666,a finch a robin,0
an ostrich,666,a finch a chicken,0
an ostrich,666,a finch an eagle,0
an ostrich,666,a finch a penguin,0
an ostrich,666,a finch a salmon,0
an ostrich,666,a finch a seal,0
an ostrich,666,a finch a dolphin,0
an ostrich,666,a finch a whale,0
an ostrich,666,a robin a chicken,0
an ostrich,666,a robin an eagle,0
an ostrich,666,a robin a penguin,0
an ostrich,666,a robin a salmon,0
an ostrich,666,a robin a seal,0
an ostrich,666,a robin a dolphin,0
an ostrich,666,a robin a whale,0
an ostrich,666,a chicken an eagle,0
an ostrich,666,a chicken a penguin,0
an ostrich,666,a chicken a salmon,0
an ostrich,666,a chicken a seal,0
an ostrich,666,a chicken a dolphin,0
an ostrich,666,a chicken a whale,0
an ostrich,666,an eagle a penguin,0
an ostrich,666,an eagle a salmon,0
an ostrich,666,an eagle a seal,0
an ostrich,666,an eagle a dolphin,0
an ostrich,666,an eagle a whale,0
an ostrich,666,a penguin a salmon,0
an ostrich,666,a penguin a seal,0
an ostrich,666,a penguin a dolphin,0
an ostrich,666,a penguin a whale,0
an ostrich,666,a salmon a seal,0
an ostrich,666,a salmon a dolphin,0
an ostrich,666,a salmon a whale,0
an ostrich,666,a seal a dolphin,0
an ostrich,666,a seal a whale,0
an ostrich,666,a dolphin a whale,0
an ostrich,667,a finch a robin,0
an ostrich,667,a finch a chicken,0
an ostrich,667,a finch an eagle,0
an ostrich,667,a finch a penguin,0
an ostrich,667,a finch a salmon,0
an ostrich,667,a finch a seal,0
an ostrich,667,a finch a dolphin,0
an ostrich,667,a finch a whale,0
an ostrich,667,a robin a chicken,0
an ostrich,667,a robin an eagle,0
an ostrich,667,a robin a penguin,0
an ostrich,667,a robin a salmon,0
an ostrich,667,a robin a seal,0
an ostrich,667,a robin a dolphin,0
an ostrich,667,a robin a whale,0
an ostrich,667,a chicken an eagle,0
an ostrich,667,a chicken a penguin,0
an ostrich,667,a chicken a salmon,0
an ostrich,667,a chicken a seal,0
an ostrich,667,a chicken a dolphin,0
an ostrich,667,a chicken a whale,0
an ostrich,667,an eagle a penguin,0
an ostrich,667,an eagle a salmon,0
an ostrich,667,an eagle a seal,0
an ostrich,667,an eagle a dolphin,0
an ostrich,667,an eagle a whale,0
an ostrich,667,a penguin a salmon,0
an ostrich,667,a penguin a seal,0
an ostrich,667,a penguin a dolphin,1
an ostrich,667,a penguin a whale,0
an ostrich,667,a salmon a seal,0
an ostrich,667,a salmon a dolphin,0
an ostrich,667,a salmon a whale,0
an ostrich,667,a seal a dolphin,0
an ostrich,667,a seal a whale,0
an ostrich,667,a dolphin a whale,0
a whale,668,a finch a robin,0
a whale,668,a finch a chicken,0
a whale,668,a finch an eagle,0
a whale,668,a finch an ostrich,0
a whale,668,a finch a penguin,0
a whale,668,a finch a salmon,0
a whale,668,a finch a seal,1
a whale,668,a finch a dolphin,0
a whale,668,a robin a chicken,0
a whale,668,a robin an eagle,0
a whale,668,a robin an ostrich,0
a whale,668,a robin a penguin,0
a whale,668,a robin a salmon,0
a whale,668,a robin a seal,1
a whale,668,a robin a dolphin,0
a whale,668,a chicken an eagle,0
a whale,668,a chicken an ostrich,0
a whale,668,a chicken a penguin,0
a whale,668,a chicken a salmon,0
a whale,668,a chicken a seal,0
a whale,668,a chicken a dolphin,0
a whale,668,an eagle an ostrich,0
a whale,668,an eagle a penguin,0
a whale,668,an eagle a salmon,0
a whale,668,an eagle a seal,0
a whale,668,an eagle a dolphin,0
a whale,668,an ostrich a penguin,0
a whale,668,an ostrich a salmon,0
a whale,668,an ostrich a seal,1
a whale,668,an ostrich a dolphin,1
a whale,668,a penguin a salmon,1
a whale,668,a penguin a seal,1
a whale,668,a penguin a dolphin,0
a whale,668,a salmon a seal,1
a whale,668,a salmon a dolphin,0
a whale,668,a seal a dolphin,0
a whale,669,a finch a robin,0
a whale,669,a finch a chicken,0
a whale,669,a finch an eagle,0
a whale,669,a finch an ostrich,0
a whale,669,a finch a penguin,0
a whale,669,a finch a salmon,0
a whale,669,a finch a seal,0
a whale,669,a finch a dolphin,0
a whale,669,a robin a chicken,0
a whale,669,a robin an eagle,0
a whale,669,a robin an ostrich,0
a whale,669,a robin a penguin,0
a whale,669,a robin a salmon,0
a whale,669,a robin a seal,0
a whale,669,a robin a dolphin,0
a whale,669,a chicken an eagle,0
a whale,669,a chicken an ostrich,0
a whale,669,a chicken a penguin,0
a whale,669,a chicken a salmon,0
a whale,669,a chicken a seal,1
a whale,669,a chicken a dolphin,0
a whale,669,an eagle an ostrich,0
a whale,669,an eagle a penguin,0
a whale,669,an eagle a salmon,0
a whale,669,an eagle a seal,0
a whale,669,an eagle a dolphin,0
a whale,669,an ostrich a penguin,0
a whale,669,an ostrich a salmon,0
a whale,669,an ostrich a seal,0
a whale,669,an ostrich a dolphin,0
a whale,669,a penguin a salmon,0
a whale,669,a penguin a seal,1
a whale,669,a penguin a dolphin,1
a whale,669,a salmon a seal,1
a whale,669,a salmon a dolphin,0
a chicken,670,a finch a robin,0
a chicken,670,a finch an eagle,0
a chicken,670,a finch an ostrich,0
a chicken,670,a finch a penguin,0
a chicken,670,a finch a salmon,0
a chicken,670,a finch a seal,0
a chicken,670,a finch a dolphin,0
a chicken,670,a finch a whale,0
a chicken,670,a robin an eagle,0
a chicken,670,a robin an ostrich,0
a chicken,670,a robin a penguin,0
a chicken,670,a robin a salmon,0
a chicken,670,a robin a seal,0
a chicken,670,a robin a dolphin,0
a chicken,670,a robin a whale,0
a chicken,670,an eagle an ostrich,0
a chicken,670,an eagle a penguin,0
a chicken,670,an eagle a salmon,0
a chicken,670,an eagle a seal,0
a chicken,670,an eagle a dolphin,0
a chicken,670,an eagle a whale,0
a chicken,670,an ostrich a penguin,0
a chicken,670,an ostrich a salmon,0
a chicken,670,an ostrich a dolphin,0
a chicken,670,an ostrich a whale,0
a chicken,670,a penguin a salmon,0
a chicken,670,a penguin a seal,0
a chicken,670,a penguin a dolphin,0
a chicken,670,a penguin a whale,0
a chicken,670,a salmon a seal,0
a chicken,670,a salmon a dolphin,0
a chicken,670,a salmon a whale,0
a chicken,670,a seal a dolphin,0
a chicken,670,a seal a whale,0
a chicken,670,a dolphin a whale,0
a finch,671,a robin a chicken,0
a finch,671,a robin an eagle,0
a finch,671,a robin an ostrich,0
a finch,671,a robin a penguin,0
a finch,671,a robin a salmon,0
a finch,671,a robin a seal,0
a finch,671,a robin a dolphin,0
a finch,671,a robin a whale,0
a finch,671,a chicken an eagle,0
a finch,671,a chicken an ostrich,0
a finch,671,a chicken a penguin,0
a finch,671,a chicken a salmon,0
a finch,671,a chicken a seal,0
a finch,671,a chicken a dolphin,0
a finch,671,a chicken a whale,0
a finch,671,an eagle an ostrich,0
a finch,671,an eagle a penguin,0
a finch,671,an eagle a salmon,0
a finch,671,an eagle a seal,0
a finch,671,an eagle a dolphin,0
a finch,671,an eagle a whale,0
a finch,671,an ostrich a penguin,0
a finch,671,an ostrich a salmon,0
a finch,671,an ostrich a seal,0
a finch,671,an ostrich a whale,0
a finch,671,a penguin a salmon,0
a finch,671,a penguin a seal,0
a finch,671,a penguin a dolphin,0
a finch,671,a penguin a whale,0
a finch,671,a salmon a seal,0
a finch,671,a salmon a dolphin,0
a finch,671,a salmon a whale,0
a finch,671,a seal a dolphin,0
a finch,671,a seal a whale,0
a finch,671,a dolphin a whale,0
an ostrich,672,a finch a robin,0
an ostrich,672,a finch a chicken,0
an ostrich,672,a finch an eagle,0
an ostrich,672,a finch a penguin,0
an ostrich,672,a finch a salmon,0
an ostrich,672,a finch a seal,0
an ostrich,672,a finch a dolphin,0
an ostrich,672,a finch a whale,0
an ostrich,672,a robin a chicken,0
an ostrich,672,a robin an eagle,0
an ostrich,672,a robin a penguin,0
an ostrich,672,a robin a salmon,0
an ostrich,672,a robin a seal,0
an ostrich,672,a robin a dolphin,0
an ostrich,672,a robin a whale,0
an ostrich,672,a chicken an eagle,0
an ostrich,672,a chicken a penguin,0
an ostrich,672,a chicken a salmon,0
an ostrich,672,a chicken a seal,0
an ostrich,672,a chicken a dolphin,0
an ostrich,672,a chicken a whale,0
an ostrich,672,an eagle a penguin,0
an ostrich,672,an eagle a salmon,0
an ostrich,672,an eagle a seal,0
an ostrich,672,an eagle a whale,0
an ostrich,672,a penguin a seal,0
an ostrich,672,a penguin a dolphin,0
an ostrich,672,a penguin a whale,0
an ostrich,672,a salmon a seal,0
an ostrich,672,a salmon a dolphin,0
an ostrich,672,a salmon a whale,0
an ostrich,672,a seal a dolphin,0
an ostrich,672,a seal a whale,0
an ostrich,672,a dolphin a whale,0
a dolphin,673,a finch a robin,0
a dolphin,673,a finch a chicken,0
a dolphin,673,a finch an eagle,0
a dolphin,673,a finch an ostrich,0
a dolphin,673,a finch a penguin,0
a dolphin,673,a finch a salmon,0
a dolphin,673,a finch a seal,0
a dolphin,673,a finch a whale,0
a dolphin,673,a robin a chicken,0
a dolphin,673,a robin an eagle,0
a dolphin,673,a robin an ostrich,0
a dolphin,673,a robin a penguin,0
a dolphin,673,a robin a salmon,0
a dolphin,673,a robin a seal,0
a dolphin,673,a robin a whale,0
a dolphin,673,a chicken an eagle,0
a dolphin,673,a chicken an ostrich,0
a dolphin,673,a chicken a penguin,0
a dolphin,673,a chicken a salmon,0
a dolphin,673,a chicken a seal,0
a dolphin,673,a chicken a whale,0
a dolphin,673,an eagle an ostrich,0
a dolphin,673,an eagle a penguin,0
a dolphin,673,an eagle a salmon,0
a dolphin,673,an eagle a seal,1
a dolphin,673,an eagle a whale,1
a dolphin,673,an ostrich a penguin,0
a dolphin,673,an ostrich a salmon,0
a dolphin,673,an ostrich a seal,1
a dolphin,673,an ostrich a whale,0
a dolphin,673,a penguin a salmon,0
a dolphin,673,a penguin a seal,1
a dolphin,673,a penguin a whale,1
a dolphin,673,a salmon a seal,1
a dolphin,673,a salmon a whale,0
a dolphin,673,a seal a whale,0
a finch,674,a robin a chicken,0
a finch,674,a robin an eagle,0
a finch,674,a robin an ostrich,0
a finch,674,a robin a penguin,0
a finch,674,a robin a salmon,0
a finch,674,a robin a seal,0
a finch,674,a robin a dolphin,0
a finch,674,a robin a whale,0
a finch,674,a chicken an eagle,0
a finch,674,a chicken an ostrich,0
a finch,674,a chicken a penguin,0
a finch,674,a chicken a salmon,0
a finch,674,a chicken a seal,0
a finch,674,a chicken a dolphin,0
a finch,674,a chicken a whale,0
a finch,674,an eagle an ostrich,0
a finch,674,an eagle a penguin,0
a finch,674,an eagle a salmon,0
a finch,674,an eagle a seal,0
a finch,674,an eagle a dolphin,0
a finch,674,an eagle a whale,0
a finch,674,an ostrich a penguin,0
a finch,674,an ostrich a salmon,0
a finch,674,an ostrich a seal,0
a finch,674,an ostrich a dolphin,0
a finch,674,an ostrich a whale,0
a finch,674,a penguin a salmon,0
a finch,674,a penguin a seal,0
a finch,674,a penguin a dolphin,0
a finch,674,a penguin a whale,0
a finch,674,a salmon a seal,0
a finch,674,a salmon a dolphin,0
a finch,674,a salmon a whale,0
a finch,674,a seal a dolphin,0
a finch,674,a dolphin a whale,0
a chicken,675,a finch a robin,0
a chicken,675,a finch an eagle,0
a chicken,675,a finch an ostrich,0
a chicken,675,a finch a penguin,0
a chicken,675,a finch a salmon,0
a chicken,675,a finch a seal,0
a chicken,675,a finch a dolphin,0
a chicken,675,a finch a whale,0
a chicken,675,a robin an eagle,0
a chicken,675,a robin an ostrich,0
a chicken,675,a robin a penguin,0
a chicken,675,a robin a salmon,0
a chicken,675,a robin a seal,0
a chicken,675,a robin a dolphin,1
a chicken,675,a robin a whale,0
a chicken,675,an eagle an ostrich,0
a chicken,675,an eagle a penguin,0
a chicken,675,an eagle a salmon,0
a chicken,675,an eagle a seal,0
a chicken,675,an eagle a dolphin,0
a chicken,675,an eagle a whale,0
a chicken,675,an ostrich a penguin,0
a chicken,675,an ostrich a salmon,0
a chicken,675,an ostrich a seal,0
a chicken,675,an ostrich a dolphin,0
a chicken,675,an ostrich a whale,0
a chicken,675,a penguin a salmon,0
a chicken,675,a penguin a seal,0
a chicken,675,a penguin a dolphin,0
a chicken,675,a penguin a whale,0
a chicken,675,a salmon a seal,0
a chicken,675,a salmon a whale,0
a chicken,675,a seal a dolphin,0
a chicken,675,a seal a whale,0
a chicken,675,a dolphin a whale,0
an eagle,676,a finch a robin,0
an eagle,676,a finch a chicken,0
an eagle,676,a finch an ostrich,0
an eagle,676,a finch a penguin,0
an eagle,676,a finch a salmon,0
an eagle,676,a finch a seal,0
an eagle,676,a finch a dolphin,0
an eagle,676,a finch a whale,0
an eagle,676,a robin a chicken,0
an eagle,676,a robin an ostrich,0
an eagle,676,a robin a penguin,0
an eagle,676,a robin a salmon,0
an eagle,676,a robin a seal,0
an eagle,676,a robin a dolphin,0
an eagle,676,a robin a whale,0
an eagle,676,a chicken an ostrich,0
an eagle,676,a chicken a penguin,0
an eagle,676,a chicken a salmon,0
an eagle,676,a chicken a dolphin,0
an eagle,676,a chicken a whale,0
an eagle,676,an ostrich a penguin,0
an eagle,676,an ostrich a salmon,0
an eagle,676,an ostrich a seal,0
an eagle,676,an ostrich a dolphin,0
an eagle,676,an ostrich a whale,0
an eagle,676,a penguin a salmon,0
an eagle,676,a penguin a dolphin,0
an eagle,676,a penguin a whale,0
an eagle,676,a salmon a seal,0
an eagle,676,a salmon a dolphin,0
an eagle,676,a salmon a whale,0
an eagle,676,a seal a dolphin,0
an eagle,676,a seal a whale,0
an eagle,676,a dolphin a whale,0
a finch,677,a robin a chicken,0
a finch,677,a robin an eagle,0
a finch,677,a robin an ostrich,0
a finch,677,a robin a penguin,0
a finch,677,a robin a salmon,0
a finch,677,a robin a seal,0
a finch,677,a robin a dolphin,0
a finch,677,a robin a whale,0
a finch,677,a chicken an eagle,0
a finch,677,a chicken an ostrich,0
a finch,677,a chicken a penguin,0
a finch,677,a chicken a salmon,0
a finch,677,a chicken a seal,0
a finch,677,a chicken a dolphin,0
a finch,677,a chicken a whale,0
a finch,677,an eagle an ostrich,0
a finch,677,an eagle a penguin,0
a finch,677,an eagle a salmon,0
a finch,677,an eagle a seal,0
a finch,677,an eagle a dolphin,0
a finch,677,an eagle a whale,0
a finch,677,an ostrich a penguin,0
a finch,677,an ostrich a salmon,0
a finch,677,an ostrich a seal,0
a finch,677,an ostrich a dolphin,0
a finch,677,an ostrich a whale,0
a finch,677,a penguin a salmon,0
a finch,677,a penguin a seal,0
a finch,677,a penguin a dolphin,0
a finch,677,a penguin a whale,0
a finch,677,a salmon a seal,0
a finch,677,a salmon a dolphin,0
a finch,677,a salmon a whale,0
a finch,677,a seal a dolphin,0
a finch,677,a seal a whale,0
a finch,677,a dolphin a whale,0
a finch,678,a robin a chicken,0
a finch,678,a robin an eagle,0
a finch,678,a robin an ostrich,0
a finch,678,a robin a penguin,0
a finch,678,a robin a salmon,0
a finch,678,a robin a seal,0
a finch,678,a robin a dolphin,0
a finch,678,a robin a whale,0
a finch,678,a chicken an eagle,0
a finch,678,a chicken an ostrich,0
a finch,678,a chicken a penguin,0
a finch,678,a chicken a salmon,0
a finch,678,a chicken a seal,0
a finch,678,a chicken a dolphin,0
a finch,678,a chicken a whale,0
a finch,678,an eagle an ostrich,0
a finch,678,an eagle a penguin,0
a finch,678,an eagle a salmon,0
a finch,678,an eagle a seal,0
a finch,678,an eagle a dolphin,0
a finch,678,an eagle a whale,0
a finch,678,an ostrich a penguin,0
a finch,678,an ostrich a salmon,0
a finch,678,an ostrich a seal,0
a finch,678,an ostrich a dolphin,0
a finch,678,an ostrich a whale,0
a finch,678,a penguin a salmon,0
a finch,678,a penguin a seal,0
a finch,678,a penguin a dolphin,0
a finch,678,a penguin a whale,0
a finch,678,a salmon a seal,0
a finch,678,a salmon a dolphin,0
a finch,678,a salmon a whale,0
a finch,678,a seal a dolphin,0
a finch,678,a seal a whale,0
a seal,679,a finch a chicken,0
a seal,679,a finch an eagle,0
a seal,679,a finch an ostrich,0
a seal,679,a finch a penguin,0
a seal,679,a finch a salmon,0
a seal,679,a finch a dolphin,0
a seal,679,a finch a whale,0
a seal,679,a robin a chicken,0
a seal,679,a robin an eagle,0
a seal,679,a robin an ostrich,0
a seal,679,a robin a penguin,0
a seal,679,a robin a salmon,1
a seal,679,a robin a dolphin,0
a seal,679,a robin a whale,0
a seal,679,a chicken an eagle,0
a seal,679,a chicken an ostrich,0
a seal,679,a chicken a penguin,0
a seal,679,a chicken a salmon,1
a seal,679,a chicken a dolphin,0
a seal,679,a chicken a whale,0
a seal,679,an eagle a penguin,0
a seal,679,an eagle a salmon,1
a seal,679,an eagle a dolphin,0
a seal,679,an eagle a whale,0
a seal,679,an ostrich a penguin,0
a seal,679,an ostrich a salmon,0
a seal,679,an ostrich a dolphin,0
a seal,679,an ostrich a whale,0
a seal,679,a penguin a salmon,0
a seal,679,a penguin a dolphin,0
a seal,679,a penguin a whale,0
a seal,679,a salmon a dolphin,0
a seal,679,a salmon a whale,0
a seal,679,a dolphin a whale,0
a robin,680,a finch a chicken,0
a robin,680,a finch an eagle,0
a robin,680,a finch an ostrich,0
a robin,680,a finch a penguin,0
a robin,680,a finch a salmon,0
a robin,680,a finch a seal,0
a robin,680,a finch a dolphin,0
a robin,680,a finch a whale,0
a robin,680,a chicken an eagle,1
a robin,680,a chicken an ostrich,0
a robin,680,a chicken a penguin,0
a robin,680,a chicken a salmon,0
a robin,680,a chicken a seal,0
a robin,680,a chicken a dolphin,0
a robin,680,a chicken a whale,0
a robin,680,an eagle an ostrich,0
a robin,680,an eagle a penguin,0
a robin,680,an eagle a salmon,0
a robin,680,an eagle a seal,0
a robin,680,an eagle a dolphin,0
a robin,680,an eagle a whale,0
a robin,680,an ostrich a penguin,0
a robin,680,an ostrich a salmon,0
a robin,680,an ostrich a seal,0
a robin,680,an ostrich a dolphin,0
a robin,680,an ostrich a whale,0
a robin,680,a penguin a salmon,0
a robin,680,a penguin a seal,0
a robin,680,a penguin a dolphin,0
a robin,680,a penguin a whale,0
a robin,680,a salmon a seal,0
a robin,680,a salmon a dolphin,0
a robin,680,a salmon a whale,0
a robin,680,a seal a dolphin,0
a robin,680,a seal a whale,0
a robin,680,a dolphin a whale,0
a seal,681,a finch a robin,0
a seal,681,a finch a chicken,0
a seal,681,a finch an eagle,0
a seal,681,a finch an ostrich,0
a seal,681,a finch a penguin,0
a seal,681,a finch a salmon,1
a seal,681,a finch a dolphin,0
a seal,681,a finch a whale,0
a seal,681,a robin a chicken,0
a seal,681,a robin an eagle,0
a seal,681,a robin an ostrich,0
a seal,681,a robin a penguin,0
a seal,681,a robin a salmon,0
a seal,681,a robin a dolphin,0
a seal,681,a robin a whale,0
a seal,681,a chicken an ostrich,0
a seal,681,a chicken a penguin,0
a seal,681,a chicken a salmon,1
a seal,681,a chicken a dolphin,0
a seal,681,a chicken a whale,0
a seal,681,an eagle an ostrich,0
a seal,681,an eagle a penguin,0
a seal,681,an eagle a salmon,0
a seal,681,an eagle a dolphin,0
a seal,681,an eagle a whale,0
a seal,681,an ostrich a penguin,0
a seal,681,an ostrich a salmon,0
a seal,681,an ostrich a whale,0
a seal,681,a penguin a salmon,0
a seal,681,a penguin a dolphin,0
a seal,681,a penguin a whale,0
a seal,681,a salmon a dolphin,0
a seal,681,a salmon a whale,0
a seal,681,a dolphin a whale,0
a salmon,682,a finch a robin,0
a salmon,682,a finch a chicken,1
a salmon,682,a finch an eagle,1
a salmon,682,a finch an ostrich,0
a salmon,682,a finch a penguin,0
a salmon,682,a finch a seal,1
a salmon,682,a finch a dolphin,0
a salmon,682,a finch a whale,0
a salmon,682,a robin a chicken,1
a salmon,682,a robin an eagle,0
a salmon,682,a robin an ostrich,0
a salmon,682,a robin a penguin,0
a salmon,682,a robin a seal,1
a salmon,682,a robin a dolphin,0
a salmon,682,a robin a whale,0
a salmon,682,a chicken an eagle,0
a salmon,682,a chicken a penguin,0
a salmon,682,a chicken a seal,1
a salmon,682,a chicken a dolphin,0
a salmon,682,a chicken a whale,0
a salmon,682,an eagle an ostrich,0
a salmon,682,an eagle a penguin,0
a salmon,682,an eagle a seal,0
a salmon,682,an eagle a dolphin,0
a salmon,682,an eagle a whale,0
a salmon,682,an ostrich a penguin,0
a salmon,682,an ostrich a seal,1
a salmon,682,an ostrich a dolphin,0
a salmon,682,an ostrich a whale,0
a salmon,682,a penguin a seal,1
a salmon,682,a penguin a dolphin,1
a salmon,682,a penguin a whale,0
a salmon,682,a seal a dolphin,0
a salmon,682,a seal a whale,0
a salmon,682,a dolphin a whale,0
a whale,683,a finch a robin,0
a whale,683,a finch a chicken,0
a whale,683,a finch an eagle,0
a whale,683,a finch an ostrich,0
a whale,683,a finch a penguin,0
a whale,683,a finch a salmon,0
a whale,683,a finch a seal,0
a whale,683,a finch a dolphin,0
a whale,683,a robin a chicken,0
a whale,683,a robin an eagle,0
a whale,683,a robin an ostrich,0
a whale,683,a robin a penguin,0
a whale,683,a robin a salmon,0
a whale,683,a robin a seal,1
a whale,683,a robin a dolphin,0
a whale,683,a chicken an eagle,0
a whale,683,a chicken an ostrich,0
a whale,683,a chicken a penguin,0
a whale,683,a chicken a salmon,0
a whale,683,a chicken a seal,1
a whale,683,a chicken a dolphin,0
a whale,683,an eagle an ostrich,0
a whale,683,an eagle a penguin,0
a whale,683,an eagle a salmon,0
a whale,683,an eagle a seal,0
a whale,683,an eagle a dolphin,1
a whale,683,an ostrich a penguin,0
a whale,683,an ostrich a salmon,0
a whale,683,an ostrich a seal,1
a whale,683,an ostrich a dolphin,0
a whale,683,a penguin a salmon,0
a whale,683,a penguin a seal,0
a whale,683,a penguin a dolphin,1
a whale,683,a salmon a seal,1
a whale,683,a salmon a dolphin,0
a whale,683,a seal a dolphin,0
a whale,684,a finch a robin,0
a whale,684,a finch a chicken,0
a whale,684,a finch an eagle,0
a whale,684,a finch an ostrich,0
a whale,684,a finch a penguin,0
a whale,684,a finch a salmon,0
a whale,684,a finch a seal,1
a whale,684,a finch a dolphin,0
a whale,684,a robin a chicken,0
a whale,684,a robin an eagle,0
a whale,684,a robin an ostrich,0
a whale,684,a robin a penguin,0
a whale,684,a robin a salmon,1
a whale,684,a robin a seal,1
a whale,684,a robin a dolphin,0
a whale,684,a chicken an eagle,0
a whale,684,a chicken an ostrich,0
a whale,684,a chicken a penguin,0
a whale,684,a chicken a salmon,1
a whale,684,a chicken a seal,1
a whale,684,a chicken a dolphin,0
a whale,684,an eagle an ostrich,0
a whale,684,an eagle a penguin,0
a whale,684,an eagle a salmon,1
a whale,684,an eagle a seal,0
a whale,684,an eagle a dolphin,0
a whale,684,an ostrich a penguin,0
a whale,684,an ostrich a salmon,0
a whale,684,an ostrich a seal,1
a whale,684,an ostrich a dolphin,0
a whale,684,a penguin a salmon,0
a whale,684,a penguin a seal,0
a whale,684,a salmon a seal,1
a whale,684,a salmon a dolphin,1
a whale,684,a seal a dolphin,0
a robin,685,a finch a chicken,0
a robin,685,a finch an eagle,0
a robin,685,a finch an ostrich,0
a robin,685,a finch a penguin,0
a robin,685,a finch a salmon,0
a robin,685,a finch a seal,0
a robin,685,a finch a dolphin,0
a robin,685,a finch a whale,0
a robin,685,a chicken an eagle,0
a robin,685,a chicken an ostrich,0
a robin,685,a chicken a penguin,0
a robin,685,a chicken a salmon,0
a robin,685,a chicken a seal,0
a robin,685,a chicken a dolphin,0
a robin,685,a chicken a whale,0
a robin,685,an eagle an ostrich,0
a robin,685,an eagle a penguin,0
a robin,685,an eagle a salmon,0
a robin,685,an eagle a seal,0
a robin,685,an eagle a dolphin,0
a robin,685,an eagle a whale,0
a robin,685,an ostrich a penguin,0
a robin,685,an ostrich a salmon,0
a robin,685,an ostrich a seal,0
a robin,685,an ostrich a dolphin,0
a robin,685,an ostrich a whale,0
a robin,685,a penguin a salmon,0
a robin,685,a penguin a seal,0
a robin,685,a penguin a dolphin,0
a robin,685,a penguin a whale,0
a robin,685,a salmon a seal,0
a robin,685,a salmon a dolphin,0
a robin,685,a salmon a whale,0
a robin,685,a seal a whale,0
a robin,685,a dolphin a whale,0
a penguin,686,a finch a robin,0
a penguin,686,a finch a chicken,0
a penguin,686,a finch an eagle,0
a penguin,686,a finch an ostrich,0
a penguin,686,a finch a salmon,0
a penguin,686,a finch a seal,1
a penguin,686,a finch a dolphin,0
a penguin,686,a finch a whale,0
a penguin,686,a robin a chicken,1
a penguin,686,a robin an eagle,0
a penguin,686,a robin an ostrich,0
a penguin,686,a robin a salmon,0
a penguin,686,a robin a seal,1
a penguin,686,a robin a dolphin,0
a penguin,686,a robin a whale,0
a penguin,686,a chicken an eagle,0
a penguin,686,a chicken an ostrich,0
a penguin,686,a chicken a salmon,0
a penguin,686,a chicken a seal,1
a penguin,686,a chicken a dolphin,0
a penguin,686,a chicken a whale,0
a penguin,686,an eagle an ostrich,0
a penguin,686,an eagle a salmon,0
a penguin,686,an eagle a seal,0
a penguin,686,an eagle a dolphin,0
a penguin,686,an eagle a whale,0
a penguin,686,an ostrich a salmon,0
a penguin,686,an ostrich a seal,0
a penguin,686,an ostrich a dolphin,0
a penguin,686,an ostrich a whale,0
a penguin,686,a salmon a seal,1
a penguin,686,a salmon a whale,0
a penguin,686,a seal a dolphin,0
a penguin,686,a seal a whale,0
a penguin,686,a dolphin a whale,0
a penguin,687,a finch a robin,0
a penguin,687,a finch a chicken,1
a penguin,687,a finch an eagle,0
a penguin,687,a finch an ostrich,0
a penguin,687,a finch a salmon,0
a penguin,687,a finch a seal,1
a penguin,687,a finch a dolphin,0
a penguin,687,a finch a whale,0
a penguin,687,a robin a chicken,1
a penguin,687,a robin an eagle,0
a penguin,687,a robin an ostrich,0
a penguin,687,a robin a salmon,0
a penguin,687,a robin a seal,1
a penguin,687,a robin a dolphin,0
a penguin,687,a robin a whale,0
a penguin,687,a chicken an eagle,0
a penguin,687,a chicken an ostrich,0
a penguin,687,a chicken a salmon,0
a penguin,687,a chicken a seal,0
a penguin,687,a chicken a dolphin,0
a penguin,687,a chicken a whale,0
a penguin,687,an eagle an ostrich,0
a penguin,687,an eagle a salmon,0
a penguin,687,an eagle a seal,1
a penguin,687,an eagle a dolphin,0
a penguin,687,an eagle a whale,0
a penguin,687,an ostrich a salmon,0
a penguin,687,an ostrich a seal,0
a penguin,687,an ostrich a dolphin,0
a penguin,687,an ostrich a whale,0
a penguin,687,a salmon a seal,1
a penguin,687,a salmon a dolphin,0
a penguin,687,a salmon a whale,1
a penguin,687,a seal a dolphin,0
a penguin,687,a seal a whale,0
a penguin,687,a dolphin a whale,0
a chicken,688,a finch a robin,0
a chicken,688,a finch an eagle,0
a chicken,688,a finch an ostrich,0
a chicken,688,a finch a penguin,0
a chicken,688,a finch a salmon,0
a chicken,688,a finch a seal,0
a chicken,688,a finch a dolphin,0
a chicken,688,a finch a whale,0
a chicken,688,a robin an eagle,0
a chicken,688,a robin an ostrich,0
a chicken,688,a robin a penguin,0
a chicken,688,a robin a salmon,0
a chicken,688,a robin a seal,0
a chicken,688,a robin a dolphin,0
a chicken,688,a robin a whale,0
a chicken,688,an eagle an ostrich,0
a chicken,688,an eagle a penguin,0
a chicken,688,an eagle a salmon,0
a chicken,688,an eagle a seal,0
a chicken,688,an eagle a dolphin,0
a chicken,688,an eagle a whale,0
a chicken,688,an ostrich a penguin,0
a chicken,688,an ostrich a salmon,0
a chicken,688,an ostrich a seal,0
a chicken,688,an ostrich a dolphin,0
a chicken,688,an ostrich a whale,0
a chicken,688,a penguin a salmon,0
a chicken,688,a penguin a dolphin,0
a chicken,688,a penguin a whale,0
a chicken,688,a salmon a seal,0
a chicken,688,a salmon a dolphin,0
a chicken,688,a salmon a whale,0
a chicken,688,a seal a dolphin,0
a chicken,688,a seal a whale,0
a chicken,688,a dolphin a whale,0
a robin,689,a finch a chicken,0
a robin,689,a finch an eagle,0
a robin,689,a finch an ostrich,0
a robin,689,a finch a penguin,0
a robin,689,a finch a salmon,0
a robin,689,a finch a seal,0
a robin,689,a finch a dolphin,0
a robin,689,a finch a whale,0
a robin,689,a chicken an eagle,0
a robin,689,a chicken an ostrich,0
a robin,689,a chicken a penguin,0
a robin,689,a chicken a salmon,0
a robin,689,a chicken a seal,0
a robin,689,a chicken a dolphin,0
a robin,689,a chicken a whale,0
a robin,689,an eagle an ostrich,0
a robin,689,an eagle a penguin,0
a robin,689,an eagle a salmon,0
a robin,689,an eagle a seal,0
a robin,689,an eagle a dolphin,0
a robin,689,an eagle a whale,0
a robin,689,an ostrich a penguin,0
a robin,689,an ostrich a salmon,0
a robin,689,an ostrich a seal,0
a robin,689,an ostrich a dolphin,0
a robin,689,a penguin a salmon,0
a robin,689,a penguin a dolphin,0
a robin,689,a penguin a whale,0
a robin,689,a salmon a seal,0
a robin,689,a salmon a dolphin,0
a robin,689,a salmon a whale,0
a robin,689,a seal a dolphin,0
a robin,689,a seal a whale,0
a robin,689,a dolphin a whale,0
a finch,690,a robin a chicken,0
a finch,690,a robin an eagle,0
a finch,690,a robin an ostrich,0
a finch,690,a robin a penguin,0
a finch,690,a robin a salmon,0
a finch,690,a robin a seal,0
a finch,690,a robin a dolphin,0
a finch,690,a robin a whale,0
a finch,690,a chicken an eagle,0
a finch,690,a chicken an ostrich,0
a finch,690,a chicken a penguin,0
a finch,690,a chicken a salmon,0
a finch,690,a chicken a seal,0
a finch,690,a chicken a dolphin,0
a finch,690,a chicken a whale,0
a finch,690,an eagle an ostrich,0
a finch,690,an eagle a penguin,0
a finch,690,an eagle a salmon,0
a finch,690,an eagle a seal,0
a finch,690,an eagle a dolphin,0
a finch,690,an eagle a whale,0
a finch,690,an ostrich a penguin,0
a finch,690,an ostrich a seal,0
a finch,690,an ostrich a dolphin,0
a finch,690,an ostrich a whale,0
a finch,690,a penguin a salmon,0
a finch,690,a penguin a seal,0
a finch,690,a penguin a dolphin,0
a finch,690,a penguin a whale,0
a finch,690,a salmon a seal,0
a finch,690,a salmon a dolphin,0
a finch,690,a salmon a whale,0
a finch,690,a seal a dolphin,0
a finch,690,a seal a whale,0
a finch,690,a dolphin a whale,0
a penguin,691,a finch a robin,0
a penguin,691,a finch a chicken,0
a penguin,691,a finch an eagle,0
a penguin,691,a finch an ostrich,0
a penguin,691,a finch a salmon,0
a penguin,691,a finch a seal,1
a penguin,691,a finch a dolphin,0
a penguin,691,a finch a whale,0
a penguin,691,a robin a chicken,1
a penguin,691,a robin an eagle,0
a penguin,691,a robin an ostrich,0
a penguin,691,a robin a salmon,0
a penguin,691,a robin a seal,0
a penguin,691,a robin a dolphin,0
a penguin,691,a robin a whale,0
a penguin,691,a chicken an eagle,0
a penguin,691,a chicken an ostrich,0
a penguin,691,a chicken a salmon,0
a penguin,691,a chicken a seal,0
a penguin,691,a chicken a dolphin,0
a penguin,691,a chicken a whale,0
a penguin,691,an eagle an ostrich,1
a penguin,691,an eagle a salmon,0
a penguin,691,an eagle a seal,1
a penguin,691,an eagle a dolphin,1
a penguin,691,an eagle a whale,0
a penguin,691,an ostrich a salmon,0
a penguin,691,an ostrich a seal,1
a penguin,691,an ostrich a dolphin,0
a penguin,691,an ostrich a whale,0
a penguin,691,a salmon a seal,1
a penguin,691,a salmon a dolphin,1
a penguin,691,a salmon a whale,1
a penguin,691,a seal a dolphin,0
a penguin,691,a seal a whale,0
a penguin,691,a dolphin a whale,0
an ostrich,692,a finch a robin,0
an ostrich,692,a finch a chicken,0
an ostrich,692,a finch an eagle,0
an ostrich,692,a finch a penguin,0
an ostrich,692,a finch a salmon,0
an ostrich,692,a finch a seal,0
an ostrich,692,a finch a dolphin,0
an ostrich,692,a finch a whale,0
an ostrich,692,a robin a chicken,0
an ostrich,692,a robin an eagle,0
an ostrich,692,a robin a penguin,0
an ostrich,692,a robin a salmon,0
an ostrich,692,a robin a seal,0
an ostrich,692,a robin a dolphin,0
an ostrich,692,a robin a whale,0
an ostrich,692,a chicken an eagle,0
an ostrich,692,a chicken a penguin,0
an ostrich,692,a chicken a salmon,0
an ostrich,692,a chicken a seal,0
an ostrich,692,a chicken a dolphin,0
an ostrich,692,a chicken a whale,0
an ostrich,692,an eagle a penguin,0
an ostrich,692,an eagle a salmon,0
an ostrich,692,an eagle a seal,0
an ostrich,692,an eagle a dolphin,0
an ostrich,692,an eagle a whale,0
an ostrich,692,a penguin a salmon,0
an ostrich,692,a penguin a seal,0
an ostrich,692,a penguin a dolphin,0
an ostrich,692,a penguin a whale,0
an ostrich,692,a salmon a seal,0
an ostrich,692,a salmon a dolphin,0
an ostrich,692,a salmon a whale,1
an ostrich,692,a seal a dolphin,0
an ostrich,692,a seal a whale,0
an ostrich,692,a dolphin a whale,0
a dolphin,693,a finch a robin,0
a dolphin,693,a finch a chicken,0
a dolphin,693,a finch an eagle,0
a dolphin,693,a finch an ostrich,0
a dolphin,693,a finch a penguin,0
a dolphin,693,a finch a salmon,0
a dolphin,693,a finch a seal,0
a dolphin,693,a finch a whale,0
a dolphin,693,a robin a chicken,0
a dolphin,693,a robin an eagle,0
a dolphin,693,a robin an ostrich,0
a dolphin,693,a robin a penguin,0
a dolphin,693,a robin a salmon,0
a dolphin,693,a robin a seal,0
a dolphin,693,a robin a whale,0
a dolphin,693,a chicken an eagle,0
a dolphin,693,a chicken an ostrich,0
a dolphin,693,a chicken a penguin,0
a dolphin,693,a chicken a salmon,0
a dolphin,693,a chicken a seal,0
a dolphin,693,a chicken a whale,0
a dolphin,693,an eagle an ostrich,0
a dolphin,693,an eagle a penguin,0
a dolphin,693,an eagle a salmon,1
a dolphin,693,an eagle a seal,1
a dolphin,693,an eagle a whale,0
a dolphin,693,an ostrich a penguin,0
a dolphin,693,an ostrich a salmon,0
a dolphin,693,an ostrich a seal,0
a dolphin,693,an ostrich a whale,0
a dolphin,693,a penguin a salmon,0
a dolphin,693,a penguin a seal,1
a dolphin,693,a penguin a whale,0
a dolphin,693,a salmon a seal,1
a dolphin,693,a salmon a whale,0
a dolphin,693,a seal a whale,0
a finch,694,a robin a chicken,0
a finch,694,a robin an eagle,0
a finch,694,a robin an ostrich,0
a finch,694,a robin a penguin,0
a finch,694,a robin a salmon,0
a finch,694,a robin a seal,0
a finch,694,a robin a dolphin,0
a finch,694,a robin a whale,0
a finch,694,a chicken an eagle,0
a finch,694,a chicken an ostrich,0
a finch,694,a chicken a penguin,0
a finch,694,a chicken a salmon,0
a finch,694,a chicken a seal,0
a finch,694,a chicken a dolphin,0
a finch,694,a chicken a whale,0
a finch,694,an eagle an ostrich,0
a finch,694,an eagle a penguin,0
a finch,694,an eagle a salmon,0
a finch,694,an eagle a seal,0
a finch,694,an eagle a dolphin,0
a finch,694,an eagle a whale,0
a finch,694,an ostrich a penguin,0
a finch,694,an ostrich a salmon,0
a finch,694,an ostrich a seal,0
a finch,694,an ostrich a dolphin,0
a finch,694,an ostrich a whale,0
a finch,694,a penguin a salmon,0
a finch,694,a penguin a seal,0
a finch,694,a penguin a dolphin,0
a finch,694,a penguin a whale,0
a finch,694,a salmon a seal,0
a finch,694,a salmon a dolphin,0
a finch,694,a salmon a whale,0
a finch,694,a seal a dolphin,0
a finch,694,a seal a whale,0
a finch,694,a dolphin a whale,0
a salmon,695,a finch a robin,0
a salmon,695,a finch a chicken,0
a salmon,695,a finch an eagle,0
a salmon,695,a finch an ostrich,0
a salmon,695,a finch a penguin,0
a salmon,695,a finch a seal,0
a salmon,695,a finch a dolphin,0
a salmon,695,a finch a whale,0
a salmon,695,a robin a chicken,1
a salmon,695,a robin an eagle,1
a salmon,695,a robin an ostrich,0
a salmon,695,a robin a penguin,0
a salmon,695,a robin a seal,0
a salmon,695,a robin a dolphin,1
a salmon,695,a robin a whale,0
a salmon,695,a chicken an eagle,0
a salmon,695,a chicken an ostrich,0
a salmon,695,a chicken a penguin,0
a salmon,695,a chicken a seal,0
a salmon,695,a chicken a dolphin,0
a salmon,695,a chicken a whale,0
a salmon,695,an eagle an ostrich,0
a salmon,695,an eagle a penguin,0
a salmon,695,an eagle a seal,1
a salmon,695,an eagle a dolphin,0
a salmon,695,an eagle a whale,0
a salmon,695,an ostrich a penguin,0
a salmon,695,an ostrich a seal,0
a salmon,695,an ostrich a dolphin,1
a salmon,695,an ostrich a whale,0
a salmon,695,a penguin a seal,1
a salmon,695,a penguin a dolphin,1
a salmon,695,a penguin a whale,0
a salmon,695,a seal a dolphin,0
a salmon,695,a seal a whale,0
a salmon,695,a dolphin a whale,0
an ostrich,696,a finch a robin,0
an ostrich,696,a finch a chicken,0
an ostrich,696,a finch an eagle,0
an ostrich,696,a finch a penguin,0
an ostrich,696,a finch a salmon,0
an ostrich,696,a finch a seal,0
an ostrich,696,a finch a dolphin,0
an ostrich,696,a finch a whale,0
an ostrich,696,a robin a chicken,1
an ostrich,696,a robin an eagle,0
an ostrich,696,a robin a penguin,0
an ostrich,696,a robin a salmon,0
an ostrich,696,a robin a seal,0
an ostrich,696,a robin a dolphin,0
an ostrich,696,a robin a whale,0
an ostrich,696,a chicken an eagle,0
an ostrich,696,a chicken a penguin,0
an ostrich,696,a chicken a salmon,0
an ostrich,696,a chicken a seal,0
an ostrich,696,a chicken a dolphin,0
an ostrich,696,a chicken a whale,0
an ostrich,696,an eagle a penguin,0
an ostrich,696,an eagle a salmon,0
an ostrich,696,an eagle a seal,0
an ostrich,696,an eagle a dolphin,0
an ostrich,696,an eagle a whale,0
an ostrich,696,a penguin a salmon,0
an ostrich,696,a penguin a seal,0
an ostrich,696,a penguin a dolphin,0
an ostrich,696,a penguin a whale,0
an ostrich,696,a salmon a seal,0
an ostrich,696,a salmon a whale,0
an ostrich,696,a seal a dolphin,1
an ostrich,696,a seal a whale,0
an ostrich,696,a dolphin a whale,0
an ostrich,697,a finch a robin,0
an ostrich,697,a finch a chicken,0
an ostrich,697,a finch an eagle,0
an ostrich,697,a finch a penguin,0
an ostrich,697,a finch a salmon,0
an ostrich,697,a finch a seal,0
an ostrich,697,a finch a dolphin,0
an ostrich,697,a finch a whale,0
an ostrich,697,a robin a chicken,0
an ostrich,697,a robin an eagle,0
an ostrich,697,a robin a penguin,0
an ostrich,697,a robin a salmon,0
an ostrich,697,a robin a seal,0
an ostrich,697,a robin a dolphin,0
an ostrich,697,a robin a whale,0
an ostrich,697,a chicken an eagle,0
an ostrich,697,a chicken a penguin,0
an ostrich,697,a chicken a salmon,0
an ostrich,697,a chicken a seal,0
an ostrich,697,a chicken a dolphin,0
an ostrich,697,a chicken a whale,0
an ostrich,697,an eagle a penguin,0
an ostrich,697,an eagle a salmon,0
an ostrich,697,an eagle a seal,0
an ostrich,697,an eagle a dolphin,0
an ostrich,697,an eagle a whale,0
an ostrich,697,a penguin a salmon,0
an ostrich,697,a penguin a seal,0
an ostrich,697,a penguin a dolphin,0
an ostrich,697,a penguin a whale,0
an ostrich,697,a salmon a dolphin,0
an ostrich,697,a salmon a whale,0
an ostrich,697,a seal a dolphin,0
an ostrich,697,a seal a whale,0
an ostrich,697,a dolphin a whale,0
a robin,698,a finch a chicken,1
a robin,698,a finch an eagle,0
a robin,698,a finch an ostrich,0
a robin,698,a finch a penguin,0
a robin,698,a finch a salmon,0
a robin,698,a finch a dolphin,0
a robin,698,a finch a whale,0
a robin,698,a chicken an eagle,0
a robin,698,a chicken an ostrich,0
a robin,698,a chicken a penguin,0
a robin,698,a chicken a salmon,0
a robin,698,a chicken a seal,0
a robin,698,a chicken a dolphin,0
a robin,698,a chicken a whale,0
a robin,698,an eagle an ostrich,0
a robin,698,an eagle a penguin,0
a robin,698,an eagle a salmon,0
a robin,698,an eagle a seal,0
a robin,698,an eagle a dolphin,0
a robin,698,an eagle a whale,0
a robin,698,an ostrich a penguin,0
a robin,698,an ostrich a salmon,0
a robin,698,an ostrich a seal,0
a robin,698,an ostrich a dolphin,0
a robin,698,an ostrich a whale,0
a robin,698,a penguin a salmon,0
a robin,698,a penguin a seal,0
a robin,698,a penguin a dolphin,0
a robin,698,a penguin a whale,0
a robin,698,a salmon a seal,0
a robin,698,a salmon a dolphin,0
a robin,698,a salmon a whale,0
a robin,698,a seal a dolphin,0
a robin,698,a seal a whale,0
a robin,698,a dolphin a whale,0
a chicken,699,a finch a robin,0
a chicken,699,a finch an eagle,0
a chicken,699,a finch an ostrich,0
a chicken,699,a finch a penguin,0
a chicken,699,a finch a salmon,0
a chicken,699,a finch a seal,0
a chicken,699,a finch a dolphin,0
a chicken,699,a finch a whale,0
a chicken,699,a robin an eagle,0
a chicken,699,a robin an ostrich,0
a chicken,699,a robin a penguin,0
a chicken,699,a robin a salmon,0
a chicken,699,a robin a seal,0
a chicken,699,a robin a dolphin,0
a chicken,699,a robin a whale,0
a chicken,699,an eagle an ostrich,0
a chicken,699,an eagle a penguin,0
a chicken,699,an eagle a salmon,0
a chicken,699,an eagle a seal,0
a chicken,699,an eagle a dolphin,0
a chicken,699,an eagle a whale,0
a chicken,699,an ostrich a penguin,0
a chicken,699,an ostrich a salmon,0
a chicken,699,an ostrich a seal,0
a chicken,699,an ostrich a dolphin,0
a chicken,699,an ostrich a whale,0
a chicken,699,a penguin a salmon,0
a chicken,699,a penguin a seal,0
a chicken,699,a penguin a dolphin,0
a chicken,699,a penguin a whale,0
a chicken,699,a salmon a seal,0
a chicken,699,a salmon a dolphin,0
a chicken,699,a salmon a whale,0
a chicken,699,a seal a dolphin,0
a chicken,699,a seal a whale,0
a chicken,699,a dolphin a whale,0
a salmon,700,a finch a robin,0
a salmon,700,a finch a chicken,0
a salmon,700,a finch an eagle,0
a salmon,700,a finch an ostrich,0
a salmon,700,a finch a penguin,0
a salmon,700,a finch a seal,0
a salmon,700,a finch a dolphin,0
a salmon,700,a finch a whale,0
a salmon,700,a robin a chicken,0
a salmon,700,a robin an eagle,0
a salmon,700,a robin an ostrich,0
a salmon,700,a robin a penguin,0
a salmon,700,a robin a seal,1
a salmon,700,a robin a dolphin,1
a salmon,700,a robin a whale,0
a salmon,700,a chicken an eagle,0
a salmon,700,a chicken an ostrich,0
a salmon,700,a chicken a penguin,0
a salmon,700,a chicken a seal,1
a salmon,700,a chicken a dolphin,0
a salmon,700,a chicken a whale,0
a salmon,700,an eagle an ostrich,0
a salmon,700,an eagle a penguin,0
a salmon,700,an eagle a seal,0
a salmon,700,an eagle a dolphin,0
a salmon,700,an eagle a whale,0
a salmon,700,an ostrich a penguin,0
a salmon,700,an ostrich a seal,0
a salmon,700,an ostrich a dolphin,0
a salmon,700,an ostrich a whale,0
a salmon,700,a penguin a seal,1
a salmon,700,a penguin a dolphin,0
a salmon,700,a penguin a whale,1
a salmon,700,a seal a dolphin,0
a salmon,700,a seal a whale,0
a penguin,701,a finch a robin,0
a penguin,701,a finch a chicken,0
a penguin,701,a finch an eagle,0
a penguin,701,a finch an ostrich,0
a penguin,701,a finch a salmon,0
a penguin,701,a finch a seal,0
a penguin,701,a finch a dolphin,0
a penguin,701,a finch a whale,0
a penguin,701,a robin a chicken,1
a penguin,701,a robin an eagle,0
a penguin,701,a robin an ostrich,0
a penguin,701,a robin a salmon,0
a penguin,701,a robin a seal,1
a penguin,701,a robin a dolphin,0
a penguin,701,a robin a whale,0
a penguin,701,a chicken an eagle,0
a penguin,701,a chicken an ostrich,0
a penguin,701,a chicken a salmon,0
a penguin,701,a chicken a seal,1
a penguin,701,a chicken a dolphin,0
a penguin,701,a chicken a whale,0
a penguin,701,an eagle an ostrich,0
a penguin,701,an eagle a salmon,1
a penguin,701,an eagle a seal,1
a penguin,701,an eagle a dolphin,0
a penguin,701,an eagle a whale,1
a penguin,701,an ostrich a salmon,0
a penguin,701,an ostrich a seal,1
a penguin,701,an ostrich a dolphin,0
a penguin,701,an ostrich a whale,1
a penguin,701,a salmon a seal,1
a penguin,701,a salmon a dolphin,0
a penguin,701,a salmon a whale,1
a penguin,701,a seal a dolphin,0
a penguin,701,a seal a whale,0
a penguin,701,a dolphin a whale,0
a robin,702,a finch a chicken,0
a robin,702,a finch an eagle,0
a robin,702,a finch an ostrich,0
a robin,702,a finch a penguin,0
a robin,702,a finch a salmon,0
a robin,702,a finch a seal,0
a robin,702,a finch a dolphin,0
a robin,702,a finch a whale,0
a robin,702,a chicken an eagle,0
a robin,702,a chicken an ostrich,0
a robin,702,a chicken a penguin,0
a robin,702,a chicken a salmon,0
a robin,702,a chicken a seal,0
a robin,702,a chicken a dolphin,0
a robin,702,a chicken a whale,0
a robin,702,an eagle an ostrich,0
a robin,702,an eagle a penguin,0
a robin,702,an eagle a salmon,0
a robin,702,an eagle a seal,0
a robin,702,an eagle a dolphin,0
a robin,702,an eagle a whale,0
a robin,702,an ostrich a penguin,0
a robin,702,an ostrich a salmon,0
a robin,702,an ostrich a seal,0
a robin,702,an ostrich a dolphin,0
a robin,702,an ostrich a whale,0
a robin,702,a penguin a salmon,0
a robin,702,a penguin a seal,0
a robin,702,a penguin a dolphin,0
a robin,702,a penguin a whale,0
a robin,702,a salmon a seal,0
a robin,702,a salmon a dolphin,0
a robin,702,a salmon a whale,0
a robin,702,a seal a dolphin,0
a robin,702,a seal a whale,0
a robin,702,a dolphin a whale,0
a penguin,703,a finch a robin,0
a penguin,703,a finch a chicken,0
a penguin,703,a finch an eagle,0
a penguin,703,a finch an ostrich,0
a penguin,703,a finch a salmon,0
a penguin,703,a finch a seal,0
a penguin,703,a finch a dolphin,0
a penguin,703,a finch a whale,0
a penguin,703,a robin a chicken,1
a penguin,703,a robin an eagle,0
a penguin,703,a robin an ostrich,0
a penguin,703,a robin a salmon,0
a penguin,703,a robin a seal,0
a penguin,703,a robin a dolphin,0
a penguin,703,a robin a whale,0
a penguin,703,a chicken an eagle,0
a penguin,703,a chicken an ostrich,0
a penguin,703,a chicken a salmon,0
a penguin,703,a chicken a seal,1
a penguin,703,a chicken a dolphin,0
a penguin,703,a chicken a whale,0
a penguin,703,an eagle an ostrich,1
a penguin,703,an eagle a salmon,0
a penguin,703,an eagle a seal,1
a penguin,703,an eagle a dolphin,0
a penguin,703,an eagle a whale,1
a penguin,703,an ostrich a salmon,0
a penguin,703,an ostrich a seal,0
a penguin,703,an ostrich a dolphin,0
a penguin,703,an ostrich a whale,0
a penguin,703,a salmon a seal,0
a penguin,703,a salmon a dolphin,0
a penguin,703,a salmon a whale,0
a penguin,703,a seal a dolphin,0
a penguin,703,a seal a whale,0
a penguin,703,a dolphin a whale,0
a robin,704,a finch a chicken,0
a robin,704,a finch an eagle,0
a robin,704,a finch an ostrich,0
a robin,704,a finch a penguin,0
a robin,704,a finch a salmon,0
a robin,704,a finch a seal,0
a robin,704,a finch a dolphin,0
a robin,704,a finch a whale,0
a robin,704,a chicken an eagle,0
a robin,704,a chicken an ostrich,0
a robin,704,a chicken a penguin,0
a robin,704,a chicken a salmon,0
a robin,704,a chicken a seal,0
a robin,704,a chicken a dolphin,0
a robin,704,a chicken a whale,0
a robin,704,an eagle an ostrich,0
a robin,704,an eagle a penguin,0
a robin,704,an eagle a salmon,0
a robin,704,an eagle a seal,0
a robin,704,an eagle a dolphin,0
a robin,704,an eagle a whale,0
a robin,704,an ostrich a penguin,0
a robin,704,an ostrich a salmon,0
a robin,704,an ostrich a seal,0
a robin,704,an ostrich a dolphin,0
a robin,704,an ostrich a whale,0
a robin,704,a penguin a salmon,0
a robin,704,a penguin a seal,0
a robin,704,a penguin a dolphin,0
a robin,704,a penguin a whale,0
a robin,704,a salmon a seal,0
a robin,704,a salmon a dolphin,0
a robin,704,a salmon a whale,0
a robin,704,a seal a dolphin,0
a robin,704,a seal a whale,0
a robin,705,a finch a chicken,0
a robin,705,a finch an eagle,0
a robin,705,a finch an ostrich,0
a robin,705,a finch a penguin,0
a robin,705,a finch a salmon,0
a robin,705,a finch a seal,0
a robin,705,a finch a dolphin,0
a robin,705,a finch a whale,0
a robin,705,a chicken an eagle,0
a robin,705,a chicken an ostrich,0
a robin,705,a chicken a penguin,0
a robin,705,a chicken a salmon,0
a robin,705,a chicken a seal,0
a robin,705,a chicken a dolphin,0
a robin,705,a chicken a whale,0
a robin,705,an eagle an ostrich,0
a robin,705,an eagle a penguin,0
a robin,705,an eagle a salmon,0
a robin,705,an eagle a seal,0
a robin,705,an eagle a dolphin,0
a robin,705,an eagle a whale,0
a robin,705,an ostrich a penguin,0
a robin,705,an ostrich a salmon,0
a robin,705,an ostrich a seal,1
a robin,705,an ostrich a dolphin,0
a robin,705,an ostrich a whale,0
a robin,705,a penguin a salmon,1
a robin,705,a penguin a seal,0
a robin,705,a penguin a dolphin,0
a robin,705,a penguin a whale,0
a robin,705,a salmon a seal,0
a robin,705,a salmon a dolphin,0
a robin,705,a salmon a whale,0
a robin,705,a seal a dolphin,0
a robin,705,a seal a whale,0
a robin,705,a dolphin a whale,0
a robin,706,a finch a chicken,0
a robin,706,a finch an eagle,0
a robin,706,a finch an ostrich,0
a robin,706,a finch a penguin,0
a robin,706,a finch a salmon,0
a robin,706,a finch a seal,0
a robin,706,a finch a dolphin,0
a robin,706,a finch a whale,0
a robin,706,a chicken an eagle,0
a robin,706,a chicken an ostrich,0
a robin,706,a chicken a penguin,0
a robin,706,a chicken a salmon,0
a robin,706,a chicken a seal,0
a robin,706,a chicken a dolphin,0
a robin,706,a chicken a whale,0
a robin,706,an eagle an ostrich,0
a robin,706,an eagle a penguin,0
a robin,706,an eagle a salmon,0
a robin,706,an eagle a seal,0
a robin,706,an eagle a dolphin,0
a robin,706,an eagle a whale,0
a robin,706,an ostrich a penguin,0
a robin,706,an ostrich a salmon,0
a robin,706,an ostrich a seal,0
a robin,706,an ostrich a dolphin,0
a robin,706,an ostrich a whale,0
a robin,706,a penguin a salmon,0
a robin,706,a penguin a seal,0
a robin,706,a penguin a dolphin,0
a robin,706,a penguin a whale,0
a robin,706,a salmon a seal,0
a robin,706,a salmon a dolphin,0
a robin,706,a salmon a whale,0
a robin,706,a seal a dolphin,0
a robin,706,a seal a whale,0
a robin,706,a dolphin a whale,0
a chicken,707,a finch a robin,0
a chicken,707,a finch an eagle,0
a chicken,707,a finch an ostrich,0
a chicken,707,a finch a penguin,0
a chicken,707,a finch a salmon,0
a chicken,707,a finch a seal,0
a chicken,707,a finch a dolphin,0
a chicken,707,a finch a whale,0
a chicken,707,a robin an eagle,0
a chicken,707,a robin an ostrich,0
a chicken,707,a robin a penguin,0
a chicken,707,a robin a salmon,0
a chicken,707,a robin a seal,0
a chicken,707,a robin a dolphin,0
a chicken,707,a robin a whale,0
a chicken,707,an eagle an ostrich,0
a chicken,707,an eagle a penguin,0
a chicken,707,an eagle a salmon,0
a chicken,707,an eagle a seal,0
a chicken,707,an eagle a dolphin,0
a chicken,707,an eagle a whale,0
a chicken,707,an ostrich a penguin,0
a chicken,707,an ostrich a salmon,0
a chicken,707,an ostrich a seal,0
a chicken,707,an ostrich a dolphin,0
a chicken,707,an ostrich a whale,0
a chicken,707,a penguin a salmon,1
a chicken,707,a penguin a seal,0
a chicken,707,a penguin a dolphin,0
a chicken,707,a penguin a whale,0
a chicken,707,a salmon a seal,0
a chicken,707,a salmon a dolphin,0
a chicken,707,a salmon a whale,0
a chicken,707,a seal a dolphin,0
a chicken,707,a seal a whale,0
a chicken,707,a dolphin a whale,0
a robin,708,a finch a chicken,0
a robin,708,a finch an eagle,0
a robin,708,a finch an ostrich,0
a robin,708,a finch a penguin,0
a robin,708,a finch a salmon,0
a robin,708,a finch a seal,0
a robin,708,a finch a dolphin,0
a robin,708,a finch a whale,0
a robin,708,a chicken an eagle,0
a robin,708,a chicken an ostrich,0
a robin,708,a chicken a penguin,0
a robin,708,a chicken a salmon,0
a robin,708,a chicken a seal,0
a robin,708,a chicken a dolphin,0
a robin,708,a chicken a whale,0
a robin,708,an eagle an ostrich,0
a robin,708,an eagle a penguin,0
a robin,708,an eagle a salmon,1
a robin,708,an eagle a seal,0
a robin,708,an eagle a dolphin,0
a robin,708,an eagle a whale,0
a robin,708,an ostrich a penguin,0
a robin,708,an ostrich a salmon,0
a robin,708,an ostrich a seal,0
a robin,708,an ostrich a dolphin,0
a robin,708,an ostrich a whale,0
a robin,708,a penguin a salmon,0
a robin,708,a penguin a seal,0
a robin,708,a penguin a dolphin,0
a robin,708,a penguin a whale,0
a robin,708,a salmon a seal,0
a robin,708,a salmon a dolphin,0
a robin,708,a salmon a whale,0
a robin,708,a seal a dolphin,0
a robin,708,a seal a whale,0
a robin,708,a dolphin a whale,0
an eagle,709,a finch a robin,0
an eagle,709,a finch a chicken,0
an eagle,709,a finch an ostrich,0
an eagle,709,a finch a penguin,0
an eagle,709,a finch a salmon,0
an eagle,709,a finch a seal,0
an eagle,709,a finch a dolphin,0
an eagle,709,a finch a whale,0
an eagle,709,a robin a chicken,0
an eagle,709,a robin an ostrich,0
an eagle,709,a robin a penguin,0
an eagle,709,a robin a salmon,0
an eagle,709,a robin a seal,0
an eagle,709,a robin a dolphin,0
an eagle,709,a robin a whale,0
an eagle,709,a chicken an ostrich,0
an eagle,709,a chicken a penguin,0
an eagle,709,a chicken a salmon,0
an eagle,709,a chicken a seal,0
an eagle,709,a chicken a dolphin,0
an eagle,709,a chicken a whale,0
an eagle,709,an ostrich a penguin,0
an eagle,709,an ostrich a salmon,0
an eagle,709,an ostrich a seal,0
an eagle,709,an ostrich a dolphin,0
an eagle,709,an ostrich a whale,0
an eagle,709,a penguin a salmon,0
an eagle,709,a penguin a dolphin,0
an eagle,709,a penguin a whale,0
an eagle,709,a salmon a seal,0
an eagle,709,a salmon a dolphin,0
an eagle,709,a salmon a whale,0
an eagle,709,a seal a dolphin,0
an eagle,709,a seal a whale,0
an eagle,709,a dolphin a whale,0
a dolphin,710,a finch a robin,0
a dolphin,710,a finch a chicken,0
a dolphin,710,a finch an eagle,0
a dolphin,710,a finch an ostrich,0
a dolphin,710,a finch a penguin,0
a dolphin,710,a finch a salmon,1
a dolphin,710,a finch a seal,1
a dolphin,710,a finch a whale,0
a dolphin,710,a robin a chicken,0
a dolphin,710,a robin an eagle,0
a dolphin,710,a robin an ostrich,0
a dolphin,710,a robin a penguin,0
a dolphin,710,a robin a salmon,0
a dolphin,710,a robin a seal,1
a dolphin,710,a robin a whale,0
a dolphin,710,a chicken an eagle,0
a dolphin,710,a chicken an ostrich,0
a dolphin,710,a chicken a penguin,0
a dolphin,710,a chicken a salmon,0
a dolphin,710,a chicken a seal,0
a dolphin,710,a chicken a whale,0
a dolphin,710,an eagle an ostrich,0
a dolphin,710,an eagle a penguin,0
a dolphin,710,an eagle a seal,1
a dolphin,710,an eagle a whale,0
a dolphin,710,an ostrich a penguin,0
a dolphin,710,an ostrich a salmon,0
a dolphin,710,an ostrich a seal,1
a dolphin,710,an ostrich a whale,0
a dolphin,710,a penguin a seal,1
a dolphin,710,a penguin a whale,0
a dolphin,710,a salmon a seal,1
a dolphin,710,a salmon a whale,1
a dolphin,710,a seal a whale,0
a penguin,711,a finch a robin,0
a penguin,711,a finch a chicken,0
a penguin,711,a finch an eagle,0
a penguin,711,a finch an ostrich,0
a penguin,711,a finch a salmon,0
a penguin,711,a finch a seal,1
a penguin,711,a finch a dolphin,0
a penguin,711,a finch a whale,0
a penguin,711,a robin a chicken,1
a penguin,711,a robin an eagle,0
a penguin,711,a robin an ostrich,0
a penguin,711,a robin a salmon,0
a penguin,711,a robin a seal,1
a penguin,711,a robin a dolphin,0
a penguin,711,a robin a whale,0
a penguin,711,a chicken an eagle,0
a penguin,711,a chicken an ostrich,0
a penguin,711,a chicken a salmon,0
a penguin,711,a chicken a seal,0
a penguin,711,a chicken a whale,0
a penguin,711,an eagle an ostrich,0
a penguin,711,an eagle a salmon,0
a penguin,711,an eagle a seal,1
a penguin,711,an eagle a dolphin,0
a penguin,711,an eagle a whale,0
a penguin,711,an ostrich a salmon,0
a penguin,711,an ostrich a seal,0
a penguin,711,an ostrich a dolphin,0
a penguin,711,an ostrich a whale,0
a penguin,711,a salmon a seal,1
a penguin,711,a salmon a dolphin,0
a penguin,711,a salmon a whale,0
a penguin,711,a seal a dolphin,0
a penguin,711,a seal a whale,0
a penguin,711,a dolphin a whale,0
a finch,712,a robin a chicken,0
a finch,712,a robin an eagle,0
a finch,712,a robin an ostrich,0
a finch,712,a robin a penguin,0
a finch,712,a robin a salmon,0
a finch,712,a robin a seal,0
a finch,712,a robin a dolphin,0
a finch,712,a robin a whale,0
a finch,712,a chicken an eagle,0
a finch,712,a chicken an ostrich,0
a finch,712,a chicken a penguin,0
a finch,712,a chicken a salmon,0
a finch,712,a chicken a seal,0
a finch,712,a chicken a dolphin,0
a finch,712,a chicken a whale,0
a finch,712,an eagle an ostrich,0
a finch,712,an eagle a penguin,0
a finch,712,an eagle a salmon,0
a finch,712,an eagle a seal,0
a finch,712,an eagle a dolphin,0
a finch,712,an eagle a whale,0
a finch,712,an ostrich a penguin,0
a finch,712,an ostrich a salmon,0
a finch,712,an ostrich a seal,0
a finch,712,an ostrich a dolphin,0
a finch,712,an ostrich a whale,0
a finch,712,a penguin a salmon,0
a finch,712,a penguin a seal,0
a finch,712,a penguin a dolphin,0
a finch,712,a penguin a whale,0
a finch,712,a salmon a seal,0
a finch,712,a salmon a dolphin,0
a finch,712,a salmon a whale,0
a finch,712,a seal a dolphin,0
a finch,712,a seal a whale,0
a finch,712,a dolphin a whale,0
a seal,713,a finch a robin,0
a seal,713,a finch a chicken,0
a seal,713,a finch an eagle,0
a seal,713,a finch an ostrich,0
a seal,713,a finch a penguin,0
a seal,713,a finch a salmon,0
a seal,713,a finch a dolphin,0
a seal,713,a finch a whale,0
a seal,713,a robin a chicken,0
a seal,713,a robin an eagle,0
a seal,713,a robin an ostrich,0
a seal,713,a robin a penguin,0
a seal,713,a robin a salmon,0
a seal,713,a robin a dolphin,0
a seal,713,a robin a whale,0
a seal,713,a chicken an eagle,0
a seal,713,a chicken an ostrich,0
a seal,713,a chicken a penguin,0
a seal,713,a chicken a salmon,1
a seal,713,a chicken a dolphin,0
a seal,713,a chicken a whale,0
a seal,713,an eagle an ostrich,0
a seal,713,an eagle a penguin,0
a seal,713,an eagle a salmon,1
a seal,713,an eagle a dolphin,0
a seal,713,an eagle a whale,0
a seal,713,an ostrich a penguin,0
a seal,713,an ostrich a salmon,0
a seal,713,an ostrich a dolphin,0
a seal,713,an ostrich a whale,0
a seal,713,a penguin a salmon,0
a seal,713,a penguin a dolphin,0
a seal,713,a penguin a whale,0
a seal,713,a salmon a whale,0
a seal,713,a dolphin a whale,0
a salmon,714,a finch a robin,0
a salmon,714,a finch a chicken,0
a salmon,714,a finch an eagle,0
a salmon,714,a finch an ostrich,0
a salmon,714,a finch a penguin,0
a salmon,714,a finch a seal,1
a salmon,714,a finch a dolphin,0
a salmon,714,a finch a whale,0
a salmon,714,a robin a chicken,1
a salmon,714,a robin an eagle,1
a salmon,714,a robin an ostrich,0
a salmon,714,a robin a penguin,0
a salmon,714,a robin a seal,0
a salmon,714,a robin a dolphin,0
a salmon,714,a robin a whale,0
a salmon,714,a chicken an eagle,1
a salmon,714,a chicken an ostrich,0
a salmon,714,a chicken a penguin,0
a salmon,714,a chicken a seal,1
a salmon,714,a chicken a dolphin,0
a salmon,714,a chicken a whale,0
a salmon,714,an eagle an ostrich,0
a salmon,714,an eagle a penguin,0
a salmon,714,an eagle a seal,1
a salmon,714,an eagle a dolphin,0
a salmon,714,an eagle a whale,1
a salmon,714,an ostrich a penguin,0
a salmon,714,an ostrich a seal,1
a salmon,714,an ostrich a dolphin,0
a salmon,714,an ostrich a whale,0
a salmon,714,a penguin a seal,0
a salmon,714,a penguin a dolphin,0
a salmon,714,a penguin a whale,0
a salmon,714,a seal a dolphin,0
a salmon,714,a seal a whale,0
a salmon,714,a dolphin a whale,0
a whale,715,a finch a robin,0
a whale,715,a finch a chicken,0
a whale,715,a finch an eagle,0
a whale,715,a finch an ostrich,0
a whale,715,a finch a penguin,0
a whale,715,a finch a salmon,0
a whale,715,a finch a seal,1
a whale,715,a finch a dolphin,0
a whale,715,a robin a chicken,0
a whale,715,a robin an eagle,0
a whale,715,a robin an ostrich,0
a whale,715,a robin a penguin,0
a whale,715,a robin a salmon,0
a whale,715,a robin a seal,0
a whale,715,a robin a dolphin,0
a whale,715,a chicken an eagle,0
a whale,715,a chicken an ostrich,0
a whale,715,a chicken a penguin,0
a whale,715,a chicken a salmon,0
a whale,715,a chicken a seal,1
a whale,715,a chicken a dolphin,0
a whale,715,an eagle an ostrich,0
a whale,715,an eagle a penguin,0
a whale,715,an eagle a salmon,1
a whale,715,an eagle a seal,0
a whale,715,an eagle a dolphin,1
a whale,715,an ostrich a salmon,0
a whale,715,an ostrich a seal,0
a whale,715,an ostrich a dolphin,0
a whale,715,a penguin a salmon,0
a whale,715,a penguin a seal,1
a whale,715,a penguin a dolphin,0
a whale,715,a salmon a seal,1
a whale,715,a salmon a dolphin,0
a whale,715,a seal a dolphin,0
a chicken,716,a finch a robin,0
a chicken,716,a finch an eagle,0
a chicken,716,a finch an ostrich,0
a chicken,716,a finch a penguin,0
a chicken,716,a finch a salmon,0
a chicken,716,a finch a seal,0
a chicken,716,a finch a dolphin,0
a chicken,716,a finch a whale,0
a chicken,716,a robin an eagle,1
a chicken,716,a robin an ostrich,0
a chicken,716,a robin a penguin,0
a chicken,716,a robin a salmon,0
a chicken,716,a robin a seal,0
a chicken,716,a robin a dolphin,0
a chicken,716,a robin a whale,0
a chicken,716,an eagle an ostrich,0
a chicken,716,an eagle a penguin,0
a chicken,716,an eagle a salmon,0
a chicken,716,an eagle a seal,0
a chicken,716,an eagle a dolphin,0
a chicken,716,an eagle a whale,0
a chicken,716,an ostrich a penguin,0
a chicken,716,an ostrich a salmon,0
a chicken,716,an ostrich a seal,0
a chicken,716,an ostrich a dolphin,0
a chicken,716,an ostrich a whale,0
a chicken,716,a penguin a salmon,0
a chicken,716,a penguin a seal,0
a chicken,716,a penguin a dolphin,0
a chicken,716,a penguin a whale,0
a chicken,716,a salmon a seal,0
a chicken,716,a salmon a dolphin,0
a chicken,716,a salmon a whale,0
a chicken,716,a seal a dolphin,0
a chicken,716,a seal a whale,0
a chicken,716,a dolphin a whale,0
a finch,717,a robin a chicken,0
a finch,717,a robin an eagle,0
a finch,717,a robin an ostrich,0
a finch,717,a robin a penguin,0
a finch,717,a robin a salmon,0
a finch,717,a robin a seal,0
a finch,717,a robin a dolphin,0
a finch,717,a robin a whale,0
a finch,717,a chicken an eagle,0
a finch,717,a chicken an ostrich,0
a finch,717,a chicken a penguin,0
a finch,717,a chicken a salmon,0
a finch,717,a chicken a seal,0
a finch,717,a chicken a dolphin,0
a finch,717,a chicken a whale,0
a finch,717,an eagle an ostrich,0
a finch,717,an eagle a penguin,0
a finch,717,an eagle a salmon,0
a finch,717,an eagle a seal,0
a finch,717,an eagle a dolphin,0
a finch,717,an eagle a whale,0
a finch,717,an ostrich a penguin,0
a finch,717,an ostrich a salmon,1
a finch,717,an ostrich a seal,0
a finch,717,an ostrich a dolphin,0
a finch,717,an ostrich a whale,0
a finch,717,a penguin a salmon,0
a finch,717,a penguin a seal,0
a finch,717,a penguin a dolphin,0
a finch,717,a penguin a whale,0
a finch,717,a salmon a seal,1
a finch,717,a salmon a dolphin,0
a finch,717,a salmon a whale,0
a finch,717,a seal a dolphin,0
a finch,717,a seal a whale,0
a finch,717,a dolphin a whale,0
an ostrich,718,a finch a robin,0
an ostrich,718,a finch a chicken,0
an ostrich,718,a finch an eagle,1
an ostrich,718,a finch a penguin,0
an ostrich,718,a finch a salmon,0
an ostrich,718,a finch a seal,0
an ostrich,718,a finch a dolphin,0
an ostrich,718,a finch a whale,0
an ostrich,718,a robin a chicken,0
an ostrich,718,a robin an eagle,0
an ostrich,718,a robin a penguin,0
an ostrich,718,a robin a salmon,0
an ostrich,718,a robin a seal,0
an ostrich,718,a robin a dolphin,0
an ostrich,718,a robin a whale,0
an ostrich,718,a chicken an eagle,0
an ostrich,718,a chicken a penguin,0
an ostrich,718,a chicken a salmon,0
an ostrich,718,a chicken a seal,0
an ostrich,718,a chicken a dolphin,0
an ostrich,718,a chicken a whale,0
an ostrich,718,an eagle a penguin,0
an ostrich,718,an eagle a salmon,0
an ostrich,718,an eagle a seal,0
an ostrich,718,an eagle a dolphin,0
an ostrich,718,an eagle a whale,1
an ostrich,718,a penguin a salmon,0
an ostrich,718,a penguin a seal,0
an ostrich,718,a penguin a dolphin,0
an ostrich,718,a penguin a whale,0
an ostrich,718,a salmon a seal,0
an ostrich,718,a salmon a dolphin,0
an ostrich,718,a salmon a whale,0
an ostrich,718,a seal a whale,0
an ostrich,718,a dolphin a whale,0
an eagle,719,a finch a robin,0
an eagle,719,a finch a chicken,0
an eagle,719,a finch an ostrich,0
an eagle,719,a finch a penguin,0
an eagle,719,a finch a salmon,0
an eagle,719,a finch a seal,0
an eagle,719,a finch a dolphin,0
an eagle,719,a finch a whale,0
an eagle,719,a robin a chicken,1
an eagle,719,a robin an ostrich,0
an eagle,719,a robin a penguin,0
an eagle,719,a robin a salmon,0
an eagle,719,a robin a seal,0
an eagle,719,a robin a dolphin,0
an eagle,719,a robin a whale,0
an eagle,719,a chicken an ostrich,0
an eagle,719,a chicken a penguin,0
an eagle,719,a chicken a salmon,0
an eagle,719,a chicken a seal,0
an eagle,719,a chicken a dolphin,0
an eagle,719,a chicken a whale,0
an eagle,719,an ostrich a penguin,0
an eagle,719,an ostrich a salmon,0
an eagle,719,an ostrich a seal,0
an eagle,719,an ostrich a whale,0
an eagle,719,a penguin a salmon,0
an eagle,719,a penguin a whale,0
an eagle,719,a salmon a seal,0
an eagle,719,a salmon a dolphin,0
an eagle,719,a salmon a whale,0
an eagle,719,a seal a dolphin,0
an eagle,719,a seal a whale,0
an eagle,719,a dolphin a whale,0
a whale,720,a finch a robin,0
a whale,720,a finch a chicken,0
a whale,720,a finch an eagle,0
a whale,720,a finch an ostrich,0
a whale,720,a finch a penguin,0
a whale,720,a finch a salmon,0
a whale,720,a finch a seal,0
a whale,720,a finch a dolphin,0
a whale,720,a robin a chicken,0
a whale,720,a robin an eagle,0
a whale,720,a robin an ostrich,0
a whale,720,a robin a penguin,0
a whale,720,a robin a salmon,0
a whale,720,a robin a seal,1
a whale,720,a robin a dolphin,0
a whale,720,a chicken an eagle,0
a whale,720,a chicken an ostrich,0
a whale,720,a chicken a penguin,0
a whale,720,a chicken a salmon,0
a whale,720,a chicken a seal,1
a whale,720,a chicken a dolphin,0
a whale,720,an eagle an ostrich,0
a whale,720,an eagle a penguin,0
a whale,720,an eagle a salmon,0
a whale,720,an eagle a seal,1
a whale,720,an eagle a dolphin,0
a whale,720,an ostrich a penguin,0
a whale,720,an ostrich a salmon,0
a whale,720,an ostrich a seal,1
a whale,720,an ostrich a dolphin,0
a whale,720,a penguin a salmon,0
a whale,720,a penguin a seal,1
a whale,720,a penguin a dolphin,1
a whale,720,a salmon a seal,1
a whale,720,a salmon a dolphin,0
a whale,720,a seal a dolphin,0
a seal,721,a finch a robin,0
a seal,721,a finch a chicken,0
a seal,721,a finch an eagle,0
a seal,721,a finch an ostrich,0
a seal,721,a finch a penguin,0
a seal,721,a finch a salmon,0
a seal,721,a finch a dolphin,0
a seal,721,a finch a whale,0
a seal,721,a robin a chicken,0
a seal,721,a robin an eagle,0
a seal,721,a robin an ostrich,0
a seal,721,a robin a penguin,0
a seal,721,a robin a salmon,1
a seal,721,a robin a dolphin,0
a seal,721,a robin a whale,0
a seal,721,a chicken an ostrich,0
a seal,721,a chicken a penguin,0
a seal,721,a chicken a salmon,1
a seal,721,a chicken a dolphin,0
a seal,721,a chicken a whale,0
a seal,721,an eagle an ostrich,0
a seal,721,an eagle a penguin,0
a seal,721,an eagle a salmon,0
a seal,721,an eagle a dolphin,0
a seal,721,an eagle a whale,0
a seal,721,an ostrich a penguin,0
a seal,721,an ostrich a salmon,0
a seal,721,an ostrich a whale,0
a seal,721,a penguin a salmon,0
a seal,721,a penguin a dolphin,0
a seal,721,a penguin a whale,0
a seal,721,a salmon a dolphin,0
a seal,721,a salmon a whale,0
a seal,721,a dolphin a whale,0
a finch,722,a robin a chicken,0
a finch,722,a robin an eagle,0
a finch,722,a robin an ostrich,0
a finch,722,a robin a penguin,0
a finch,722,a robin a salmon,0
a finch,722,a robin a seal,0
a finch,722,a robin a dolphin,0
a finch,722,a robin a whale,0
a finch,722,a chicken an eagle,0
a finch,722,a chicken an ostrich,0
a finch,722,a chicken a penguin,0
a finch,722,a chicken a salmon,0
a finch,722,a chicken a seal,0
a finch,722,a chicken a dolphin,0
a finch,722,a chicken a whale,0
a finch,722,an eagle an ostrich,0
a finch,722,an eagle a penguin,0
a finch,722,an eagle a salmon,0
a finch,722,an eagle a seal,0
a finch,722,an eagle a dolphin,0
a finch,722,an eagle a whale,0
a finch,722,an ostrich a penguin,0
a finch,722,an ostrich a salmon,0
a finch,722,an ostrich a seal,0
a finch,722,an ostrich a dolphin,0
a finch,722,an ostrich a whale,0
a finch,722,a penguin a salmon,0
a finch,722,a penguin a seal,0
a finch,722,a penguin a dolphin,0
a finch,722,a penguin a whale,0
a finch,722,a salmon a seal,0
a finch,722,a salmon a dolphin,0
a finch,722,a salmon a whale,0
a finch,722,a seal a dolphin,0
a finch,722,a seal a whale,0
a finch,722,a dolphin a whale,0
a whale,723,a finch a robin,0
a whale,723,a finch a chicken,0
a whale,723,a finch an eagle,0
a whale,723,a finch an ostrich,0
a whale,723,a finch a penguin,0
a whale,723,a finch a salmon,0
a whale,723,a finch a seal,1
a whale,723,a finch a dolphin,0
a whale,723,a robin a chicken,1
a whale,723,a robin an eagle,0
a whale,723,a robin a penguin,0
a whale,723,a robin a salmon,1
a whale,723,a robin a seal,1
a whale,723,a robin a dolphin,0
a whale,723,a chicken an eagle,0
a whale,723,a chicken an ostrich,0
a whale,723,a chicken a penguin,0
a whale,723,a chicken a salmon,0
a whale,723,a chicken a seal,1
a whale,723,a chicken a dolphin,0
a whale,723,an eagle a penguin,0
a whale,723,an eagle a salmon,1
a whale,723,an eagle a seal,1
a whale,723,an eagle a dolphin,0
a whale,723,an ostrich a penguin,0
a whale,723,an ostrich a seal,0
a whale,723,an ostrich a dolphin,0
a whale,723,a penguin a salmon,0
a whale,723,a penguin a seal,0
a whale,723,a penguin a dolphin,0
a whale,723,a salmon a seal,1
a whale,723,a salmon a dolphin,0
a whale,723,a seal a dolphin,0
a finch,724,a robin a chicken,0
a finch,724,a robin an eagle,0
a finch,724,a robin an ostrich,0
a finch,724,a robin a penguin,0
a finch,724,a robin a salmon,0
a finch,724,a robin a seal,0
a finch,724,a robin a dolphin,0
a finch,724,a robin a whale,0
a finch,724,a chicken an eagle,0
a finch,724,a chicken an ostrich,0
a finch,724,a chicken a penguin,0
a finch,724,a chicken a salmon,0
a finch,724,a chicken a seal,0
a finch,724,a chicken a dolphin,0
a finch,724,a chicken a whale,0
a finch,724,an eagle an ostrich,0
a finch,724,an eagle a penguin,0
a finch,724,an eagle a salmon,0
a finch,724,an eagle a seal,0
a finch,724,an eagle a dolphin,0
a finch,724,an eagle a whale,0
a finch,724,an ostrich a penguin,0
a finch,724,an ostrich a salmon,0
a finch,724,an ostrich a seal,0
a finch,724,an ostrich a dolphin,0
a finch,724,an ostrich a whale,0
a finch,724,a penguin a salmon,0
a finch,724,a penguin a seal,0
a finch,724,a penguin a dolphin,0
a finch,724,a penguin a whale,0
a finch,724,a salmon a seal,0
a finch,724,a salmon a dolphin,0
a finch,724,a salmon a whale,0
a finch,724,a seal a dolphin,0
a finch,724,a seal a whale,0
a finch,724,a dolphin a whale,0
an eagle,725,a finch a robin,0
an eagle,725,a finch a chicken,0
an eagle,725,a finch an ostrich,0
an eagle,725,a finch a penguin,0
an eagle,725,a finch a salmon,0
an eagle,725,a finch a seal,0
an eagle,725,a finch a dolphin,0
an eagle,725,a finch a whale,0
an eagle,725,a robin a chicken,0
an eagle,725,a robin an ostrich,0
an eagle,725,a robin a penguin,0
an eagle,725,a robin a salmon,0
an eagle,725,a robin a seal,0
an eagle,725,a robin a dolphin,0
an eagle,725,a robin a whale,0
an eagle,725,a chicken an ostrich,0
an eagle,725,a chicken a penguin,0
an eagle,725,a chicken a salmon,0
an eagle,725,a chicken a seal,0
an eagle,725,a chicken a dolphin,0
an eagle,725,a chicken a whale,0
an eagle,725,an ostrich a penguin,0
an eagle,725,an ostrich a salmon,0
an eagle,725,an ostrich a dolphin,0
an eagle,725,an ostrich a whale,0
an eagle,725,a penguin a salmon,0
an eagle,725,a penguin a seal,0
an eagle,725,a penguin a whale,0
an eagle,725,a salmon a seal,0
an eagle,725,a salmon a whale,0
an eagle,725,a seal a whale,0
a seal,726,a finch a robin,0
a seal,726,a finch a chicken,0
a seal,726,a finch an eagle,0
a seal,726,a finch an ostrich,0
a seal,726,a finch a penguin,0
a seal,726,a finch a salmon,0
a seal,726,a finch a dolphin,0
a seal,726,a finch a whale,0
a seal,726,a robin a chicken,0
a seal,726,a robin an eagle,0
a seal,726,a robin an ostrich,0
a seal,726,a robin a penguin,0
a seal,726,a robin a salmon,1
a seal,726,a robin a dolphin,0
a seal,726,a robin a whale,0
a seal,726,a chicken an eagle,0
a seal,726,a chicken an ostrich,0
a seal,726,a chicken a penguin,0
a seal,726,a chicken a salmon,1
a seal,726,a chicken a dolphin,0
a seal,726,a chicken a whale,0
a seal,726,an eagle an ostrich,0
a seal,726,an eagle a penguin,0
a seal,726,an eagle a salmon,1
a seal,726,an eagle a dolphin,0
a seal,726,an eagle a whale,0
a seal,726,an ostrich a penguin,0
a seal,726,an ostrich a salmon,0
a seal,726,an ostrich a dolphin,0
a seal,726,an ostrich a whale,1
a seal,726,a penguin a salmon,0
a seal,726,a penguin a dolphin,0
a seal,726,a penguin a whale,0
a seal,726,a salmon a dolphin,0
a seal,726,a salmon a whale,0
a seal,726,a dolphin a whale,0
an ostrich,727,a finch a robin,0
an ostrich,727,a finch a chicken,0
an ostrich,727,a finch an eagle,0
an ostrich,727,a finch a penguin,0
an ostrich,727,a finch a salmon,0
an ostrich,727,a finch a seal,0
an ostrich,727,a finch a dolphin,0
an ostrich,727,a finch a whale,0
an ostrich,727,a robin a chicken,0
an ostrich,727,a robin an eagle,0
an ostrich,727,a robin a penguin,0
an ostrich,727,a robin a salmon,0
an ostrich,727,a robin a seal,0
an ostrich,727,a robin a dolphin,0
an ostrich,727,a robin a whale,0
an ostrich,727,a chicken an eagle,0
an ostrich,727,a chicken a penguin,0
an ostrich,727,a chicken a salmon,0
an ostrich,727,a chicken a seal,0
an ostrich,727,a chicken a dolphin,0
an ostrich,727,a chicken a whale,0
an ostrich,727,an eagle a penguin,0
an ostrich,727,an eagle a seal,0
an ostrich,727,an eagle a dolphin,0
an ostrich,727,an eagle a whale,1
an ostrich,727,a penguin a salmon,0
an ostrich,727,a penguin a seal,0
an ostrich,727,a penguin a dolphin,0
an ostrich,727,a penguin a whale,0
an ostrich,727,a salmon a seal,0
an ostrich,727,a salmon a dolphin,0
an ostrich,727,a salmon a whale,0
an ostrich,727,a seal a dolphin,0
an ostrich,727,a seal a whale,0
a robin,728,a finch a chicken,0
a robin,728,a finch an eagle,0
a robin,728,a finch an ostrich,0
a robin,728,a finch a penguin,0
a robin,728,a finch a salmon,0
a robin,728,a finch a seal,0
a robin,728,a finch a dolphin,0
a robin,728,a finch a whale,0
a robin,728,a chicken an eagle,0
a robin,728,a chicken an ostrich,0
a robin,728,a chicken a penguin,0
a robin,728,a chicken a salmon,0
a robin,728,a chicken a seal,0
a robin,728,a chicken a dolphin,0
a robin,728,a chicken a whale,0
a robin,728,an eagle an ostrich,0
a robin,728,an eagle a penguin,0
a robin,728,an eagle a salmon,0
a robin,728,an eagle a seal,0
a robin,728,an eagle a dolphin,0
a robin,728,an eagle a whale,0
a robin,728,an ostrich a penguin,0
a robin,728,an ostrich a salmon,0
a robin,728,an ostrich a seal,0
a robin,728,an ostrich a dolphin,0
a robin,728,an ostrich a whale,0
a robin,728,a penguin a salmon,0
a robin,728,a penguin a seal,0
a robin,728,a penguin a dolphin,0
a robin,728,a penguin a whale,0
a robin,728,a salmon a seal,0
a robin,728,a salmon a dolphin,0
a robin,728,a salmon a whale,0
a robin,728,a seal a dolphin,0
a robin,728,a seal a whale,0
a robin,728,a dolphin a whale,0
a penguin,729,a finch a robin,0
a penguin,729,a finch a chicken,1
a penguin,729,a finch an eagle,0
a penguin,729,a finch an ostrich,0
a penguin,729,a finch a salmon,0
a penguin,729,a finch a seal,0
a penguin,729,a finch a dolphin,0
a penguin,729,a finch a whale,0
a penguin,729,a robin a chicken,0
a penguin,729,a robin an eagle,0
a penguin,729,a robin an ostrich,0
a penguin,729,a robin a salmon,0
a penguin,729,a robin a seal,1
a penguin,729,a robin a dolphin,0
a penguin,729,a robin a whale,0
a penguin,729,a chicken an eagle,0
a penguin,729,a chicken an ostrich,0
a penguin,729,a chicken a salmon,0
a penguin,729,a chicken a seal,1
a penguin,729,a chicken a dolphin,0
a penguin,729,a chicken a whale,0
a penguin,729,an eagle an ostrich,0
a penguin,729,an eagle a salmon,0
a penguin,729,an eagle a seal,1
a penguin,729,an eagle a dolphin,0
a penguin,729,an eagle a whale,1
a penguin,729,an ostrich a salmon,0
a penguin,729,an ostrich a seal,0
a penguin,729,an ostrich a dolphin,0
a penguin,729,an ostrich a whale,0
a penguin,729,a salmon a seal,1
a penguin,729,a salmon a dolphin,0
a penguin,729,a salmon a whale,0
a penguin,729,a seal a dolphin,0
a penguin,729,a seal a whale,0
a penguin,729,a dolphin a whale,0
an ostrich,730,a finch a robin,0
an ostrich,730,a finch a chicken,1
an ostrich,730,a finch an eagle,0
an ostrich,730,a finch a penguin,0
an ostrich,730,a finch a salmon,0
an ostrich,730,a finch a seal,0
an ostrich,730,a finch a dolphin,0
an ostrich,730,a finch a whale,0
an ostrich,730,a robin a chicken,0
an ostrich,730,a robin an eagle,0
an ostrich,730,a robin a penguin,0
an ostrich,730,a robin a salmon,0
an ostrich,730,a robin a seal,0
an ostrich,730,a robin a dolphin,0
an ostrich,730,a robin a whale,0
an ostrich,730,a chicken an eagle,0
an ostrich,730,a chicken a penguin,0
an ostrich,730,a chicken a salmon,0
an ostrich,730,a chicken a seal,0
an ostrich,730,a chicken a dolphin,0
an ostrich,730,a chicken a whale,0
an ostrich,730,an eagle a penguin,0
an ostrich,730,an eagle a salmon,0
an ostrich,730,an eagle a seal,0
an ostrich,730,an eagle a dolphin,0
an ostrich,730,an eagle a whale,0
an ostrich,730,a penguin a salmon,0
an ostrich,730,a penguin a seal,0
an ostrich,730,a penguin a dolphin,0
an ostrich,730,a penguin a whale,0
an ostrich,730,a salmon a seal,0
an ostrich,730,a salmon a dolphin,0
an ostrich,730,a salmon a whale,0
an ostrich,730,a seal a dolphin,0
an ostrich,730,a seal a whale,0
an ostrich,730,a dolphin a whale,0
a robin,731,a finch a chicken,0
a robin,731,a finch an eagle,0
a robin,731,a finch an ostrich,0
a robin,731,a finch a salmon,0
a robin,731,a finch a seal,0
a robin,731,a finch a dolphin,0
a robin,731,a finch a whale,0
a robin,731,a chicken an eagle,0
a robin,731,a chicken an ostrich,0
a robin,731,a chicken a penguin,0
a robin,731,a chicken a salmon,0
a robin,731,a chicken a seal,0
a robin,731,a chicken a dolphin,0
a robin,731,a chicken a whale,0
a robin,731,an eagle an ostrich,0
a robin,731,an eagle a penguin,0
a robin,731,an eagle a salmon,0
a robin,731,an eagle a seal,0
a robin,731,an eagle a dolphin,0
a robin,731,an eagle a whale,0
a robin,731,an ostrich a penguin,0
a robin,731,an ostrich a salmon,0
a robin,731,an ostrich a seal,0
a robin,731,an ostrich a dolphin,0
a robin,731,an ostrich a whale,0
a robin,731,a penguin a salmon,0
a robin,731,a penguin a seal,0
a robin,731,a penguin a dolphin,0
a robin,731,a penguin a whale,0
a robin,731,a salmon a seal,0
a robin,731,a salmon a dolphin,0
a robin,731,a salmon a whale,0
a robin,731,a seal a dolphin,0
a robin,731,a seal a whale,0
a robin,731,a dolphin a whale,0
a chicken,732,a finch a robin,1
a chicken,732,a finch an eagle,0
a chicken,732,a finch an ostrich,0
a chicken,732,a finch a penguin,0
a chicken,732,a finch a salmon,0
a chicken,732,a finch a seal,0
a chicken,732,a finch a dolphin,0
a chicken,732,a finch a whale,0
a chicken,732,a robin an eagle,0
a chicken,732,a robin an ostrich,0
a chicken,732,a robin a penguin,0
a chicken,732,a robin a salmon,0
a chicken,732,a robin a seal,0
a chicken,732,a robin a dolphin,0
a chicken,732,a robin a whale,0
a chicken,732,an eagle an ostrich,0
a chicken,732,an eagle a penguin,0
a chicken,732,an eagle a salmon,0
a chicken,732,an eagle a seal,0
a chicken,732,an eagle a dolphin,0
a chicken,732,an eagle a whale,0
a chicken,732,an ostrich a penguin,0
a chicken,732,an ostrich a salmon,0
a chicken,732,an ostrich a seal,0
a chicken,732,an ostrich a dolphin,0
a chicken,732,an ostrich a whale,0
a chicken,732,a penguin a seal,0
a chicken,732,a salmon a seal,0
a chicken,732,a salmon a dolphin,0
a chicken,732,a salmon a whale,0
a chicken,732,a seal a dolphin,0
a chicken,732,a seal a whale,0
a dolphin,733,a finch a chicken,0
a dolphin,733,a finch an eagle,0
a dolphin,733,a finch an ostrich,0
a dolphin,733,a finch a penguin,0
a dolphin,733,a finch a salmon,0
a dolphin,733,a finch a seal,1
a dolphin,733,a finch a whale,0
a dolphin,733,a robin a chicken,0
a dolphin,733,a robin an eagle,0
a dolphin,733,a robin an ostrich,0
a dolphin,733,a robin a salmon,0
a dolphin,733,a robin a seal,0
a dolphin,733,a robin a whale,0
a dolphin,733,a chicken an eagle,0
a dolphin,733,a chicken an ostrich,0
a dolphin,733,a chicken a penguin,0
a dolphin,733,a chicken a salmon,0
a dolphin,733,a chicken a seal,1
a dolphin,733,a chicken a whale,0
a dolphin,733,an eagle an ostrich,0
a dolphin,733,an eagle a penguin,0
a dolphin,733,an eagle a salmon,1
a dolphin,733,an eagle a seal,1
a dolphin,733,an eagle a whale,0
a dolphin,733,an ostrich a salmon,0
a dolphin,733,an ostrich a seal,1
a dolphin,733,an ostrich a whale,0
a dolphin,733,a penguin a salmon,0
a dolphin,733,a penguin a seal,0
a dolphin,733,a penguin a whale,0
a dolphin,733,a salmon a seal,1
a dolphin,733,a salmon a whale,1
a dolphin,733,a seal a whale,0
a salmon,734,a finch a robin,0
a salmon,734,a finch a chicken,0
a salmon,734,a finch an eagle,0
a salmon,734,a finch an ostrich,0
a salmon,734,a finch a penguin,0
a salmon,734,a finch a seal,1
a salmon,734,a finch a dolphin,0
a salmon,734,a finch a whale,0
a salmon,734,a robin a chicken,1
a salmon,734,a robin an eagle,0
a salmon,734,a robin an ostrich,0
a salmon,734,a robin a penguin,0
a salmon,734,a robin a seal,0
a salmon,734,a robin a dolphin,0
a salmon,734,a robin a whale,1
a salmon,734,a chicken an eagle,0
a salmon,734,a chicken an ostrich,0
a salmon,734,a chicken a penguin,0
a salmon,734,a chicken a seal,0
a salmon,734,a chicken a dolphin,0
a salmon,734,a chicken a whale,0
a salmon,734,an eagle an ostrich,0
a salmon,734,an eagle a penguin,0
a salmon,734,an eagle a seal,1
a salmon,734,an eagle a dolphin,0
a salmon,734,an eagle a whale,0
a salmon,734,an ostrich a penguin,0
a salmon,734,an ostrich a seal,1
a salmon,734,an ostrich a dolphin,0
a salmon,734,an ostrich a whale,0
a salmon,734,a penguin a seal,1
a salmon,734,a penguin a dolphin,0
a salmon,734,a penguin a whale,0
a salmon,734,a seal a dolphin,0
a salmon,734,a seal a whale,0
a salmon,734,a dolphin a whale,0
a salmon,735,a finch a robin,0
a salmon,735,a finch a chicken,0
a salmon,735,a finch an eagle,0
a salmon,735,a finch an ostrich,0
a salmon,735,a finch a penguin,0
a salmon,735,a finch a seal,1
a salmon,735,a finch a dolphin,0
a salmon,735,a finch a whale,0
a salmon,735,a robin a chicken,0
a salmon,735,a robin an eagle,0
a salmon,735,a robin an ostrich,0
a salmon,735,a robin a penguin,0
a salmon,735,a robin a seal,1
a salmon,735,a robin a dolphin,0
a salmon,735,a robin a whale,0
a salmon,735,a chicken an eagle,1
a salmon,735,a chicken an ostrich,0
a salmon,735,a chicken a penguin,0
a salmon,735,a chicken a seal,1
a salmon,735,a chicken a dolphin,0
a salmon,735,a chicken a whale,0
a salmon,735,an eagle an ostrich,0
a salmon,735,an eagle a penguin,0
a salmon,735,an eagle a seal,0
a salmon,735,an eagle a whale,0
a salmon,735,an ostrich a penguin,0
a salmon,735,an ostrich a seal,0
a salmon,735,an ostrich a whale,0
a salmon,735,a penguin a seal,1
a salmon,735,a penguin a dolphin,0
a salmon,735,a penguin a whale,0
a salmon,735,a seal a dolphin,0
a salmon,735,a seal a whale,0
a salmon,735,a dolphin a whale,0
a penguin,736,a finch a robin,0
a penguin,736,a finch a chicken,0
a penguin,736,a finch an eagle,0
a penguin,736,a finch an ostrich,0
a penguin,736,a finch a salmon,0
a penguin,736,a finch a seal,1
a penguin,736,a finch a dolphin,0
a penguin,736,a finch a whale,0
a penguin,736,a robin a chicken,0
a penguin,736,a robin an eagle,0
a penguin,736,a robin an ostrich,0
a penguin,736,a robin a salmon,0
a penguin,736,a robin a seal,1
a penguin,736,a robin a dolphin,0
a penguin,736,a robin a whale,0
a penguin,736,a chicken an eagle,0
a penguin,736,a chicken an ostrich,0
a penguin,736,a chicken a salmon,0
a penguin,736,a chicken a seal,1
a penguin,736,a chicken a dolphin,0
a penguin,736,a chicken a whale,0
a penguin,736,an eagle an ostrich,0
a penguin,736,an eagle a salmon,0
a penguin,736,an eagle a seal,1
a penguin,736,an eagle a dolphin,0
a penguin,736,an eagle a whale,1
a penguin,736,an ostrich a salmon,0
a penguin,736,an ostrich a seal,1
a penguin,736,an ostrich a dolphin,0
a penguin,736,an ostrich a whale,0
a penguin,736,a salmon a seal,0
a penguin,736,a salmon a dolphin,0
a penguin,736,a salmon a whale,0
a penguin,736,a seal a dolphin,0
a penguin,736,a seal a whale,0
a penguin,736,a dolphin a whale,0
a seal,737,a finch a robin,0
a seal,737,a finch a chicken,0
a seal,737,a finch an eagle,0
a seal,737,a finch an ostrich,0
a seal,737,a finch a penguin,0
a seal,737,a finch a salmon,0
a seal,737,a finch a dolphin,0
a seal,737,a finch a whale,0
a seal,737,a robin a chicken,0
a seal,737,a robin an eagle,0
a seal,737,a robin an ostrich,0
a seal,737,a robin a penguin,0
a seal,737,a robin a salmon,0
a seal,737,a robin a dolphin,0
a seal,737,a robin a whale,0
a seal,737,a chicken an eagle,0
a seal,737,a chicken a penguin,0
a seal,737,a chicken a salmon,0
a seal,737,a chicken a dolphin,0
a seal,737,a chicken a whale,0
a seal,737,an eagle an ostrich,0
a seal,737,an eagle a penguin,0
a seal,737,an eagle a salmon,0
a seal,737,an eagle a dolphin,0
a seal,737,an eagle a whale,0
a seal,737,an ostrich a penguin,0
a seal,737,an ostrich a salmon,0
a seal,737,an ostrich a dolphin,0
a seal,737,an ostrich a whale,0
a seal,737,a penguin a salmon,0
a seal,737,a penguin a dolphin,0
a seal,737,a penguin a whale,0
a seal,737,a salmon a dolphin,0
a seal,737,a salmon a whale,0
a seal,737,a dolphin a whale,0
an eagle,738,a finch a robin,0
an eagle,738,a finch a chicken,0
an eagle,738,a finch an ostrich,0
an eagle,738,a finch a penguin,0
an eagle,738,a finch a salmon,0
an eagle,738,a finch a seal,0
an eagle,738,a finch a dolphin,0
an eagle,738,a finch a whale,0
an eagle,738,a robin a chicken,0
an eagle,738,a robin an ostrich,1
an eagle,738,a robin a penguin,0
an eagle,738,a robin a salmon,0
an eagle,738,a robin a seal,0
an eagle,738,a robin a dolphin,0
an eagle,738,a robin a whale,0
an eagle,738,a chicken an ostrich,0
an eagle,738,a chicken a penguin,0
an eagle,738,a chicken a salmon,0
an eagle,738,a chicken a seal,0
an eagle,738,a chicken a dolphin,0
an eagle,738,a chicken a whale,0
an eagle,738,an ostrich a penguin,0
an eagle,738,an ostrich a salmon,0
an eagle,738,an ostrich a seal,0
an eagle,738,an ostrich a dolphin,0
an eagle,738,an ostrich a whale,0
an eagle,738,a penguin a salmon,0
an eagle,738,a penguin a seal,0
an eagle,738,a penguin a dolphin,0
an eagle,738,a penguin a whale,0
an eagle,738,a salmon a seal,0
an eagle,738,a salmon a dolphin,0
an eagle,738,a salmon a whale,0
an eagle,738,a seal a whale,0
a seal,739,a finch a robin,0
a seal,739,a finch a chicken,0
a seal,739,a finch an eagle,0
a seal,739,a finch an ostrich,0
a seal,739,a finch a penguin,0
a seal,739,a finch a salmon,0
a seal,739,a finch a dolphin,0
a seal,739,a finch a whale,0
a seal,739,a robin a chicken,0
a seal,739,a robin an eagle,0
a seal,739,a robin an ostrich,0
a seal,739,a robin a penguin,0
a seal,739,a robin a salmon,1
a seal,739,a robin a dolphin,0
a seal,739,a robin a whale,0
a seal,739,a chicken an eagle,0
a seal,739,a chicken an ostrich,0
a seal,739,a chicken a penguin,0
a seal,739,a chicken a salmon,0
a seal,739,a chicken a dolphin,0
a seal,739,a chicken a whale,0
a seal,739,an eagle an ostrich,0
a seal,739,an eagle a penguin,0
a seal,739,an eagle a salmon,1
a seal,739,an eagle a dolphin,0
a seal,739,an eagle a whale,0
a seal,739,an ostrich a penguin,0
a seal,739,an ostrich a salmon,0
a seal,739,an ostrich a dolphin,0
a seal,739,an ostrich a whale,0
a seal,739,a penguin a salmon,0
a seal,739,a penguin a dolphin,0
a seal,739,a penguin a whale,0
a seal,739,a salmon a dolphin,0
a seal,739,a salmon a whale,0
a seal,739,a dolphin a whale,0
an eagle,740,a finch a robin,0
an eagle,740,a finch a chicken,0
an eagle,740,a finch an ostrich,0
an eagle,740,a finch a penguin,0
an eagle,740,a finch a salmon,0
an eagle,740,a finch a seal,0
an eagle,740,a finch a dolphin,0
an eagle,740,a finch a whale,0
an eagle,740,a robin a chicken,0
an eagle,740,a robin an ostrich,0
an eagle,740,a robin a penguin,0
an eagle,740,a robin a salmon,0
an eagle,740,a robin a seal,0
an eagle,740,a robin a dolphin,0
an eagle,740,a robin a whale,0
an eagle,740,a chicken an ostrich,0
an eagle,740,a chicken a penguin,0
an eagle,740,a chicken a salmon,0
an eagle,740,a chicken a seal,0
an eagle,740,a chicken a dolphin,0
an eagle,740,a chicken a whale,0
an eagle,740,an ostrich a penguin,0
an eagle,740,an ostrich a salmon,0
an eagle,740,an ostrich a seal,0
an eagle,740,an ostrich a dolphin,0
an eagle,740,a penguin a salmon,0
an eagle,740,a penguin a whale,0
an eagle,740,a salmon a seal,0
an eagle,740,a salmon a dolphin,0
an eagle,740,a salmon a whale,0
an eagle,740,a seal a dolphin,0
an eagle,740,a seal a whale,0
a seal,741,a finch a robin,0
a seal,741,a finch a chicken,0
a seal,741,a finch an eagle,0
a seal,741,a finch an ostrich,0
a seal,741,a finch a penguin,0
a seal,741,a finch a salmon,0
a seal,741,a finch a dolphin,0
a seal,741,a finch a whale,0
a seal,741,a robin a chicken,0
a seal,741,a robin an eagle,0
a seal,741,a robin an ostrich,0
a seal,741,a robin a penguin,0
a seal,741,a robin a dolphin,0
a seal,741,a robin a whale,0
a seal,741,a chicken an eagle,0
a seal,741,a chicken an ostrich,0
a seal,741,a chicken a penguin,0
a seal,741,a chicken a salmon,0
a seal,741,a chicken a dolphin,0
a seal,741,a chicken a whale,0
a seal,741,an eagle an ostrich,0
a seal,741,an eagle a penguin,0
a seal,741,an eagle a salmon,1
a seal,741,an eagle a dolphin,0
a seal,741,an eagle a whale,0
a seal,741,an ostrich a penguin,0
a seal,741,an ostrich a salmon,0
a seal,741,an ostrich a dolphin,0
a seal,741,an ostrich a whale,0
a seal,741,a penguin a salmon,0
a seal,741,a penguin a dolphin,0
a seal,741,a penguin a whale,0
a seal,741,a salmon a dolphin,0
a seal,741,a salmon a whale,0
a seal,741,a dolphin a whale,0
a dolphin,742,a finch a robin,0
a dolphin,742,a finch a chicken,0
a dolphin,742,a finch an eagle,0
a dolphin,742,a finch an ostrich,0
a dolphin,742,a finch a penguin,0
a dolphin,742,a finch a salmon,0
a dolphin,742,a finch a seal,1
a dolphin,742,a finch a whale,0
a dolphin,742,a robin a chicken,0
a dolphin,742,a robin an eagle,0
a dolphin,742,a robin an ostrich,0
a dolphin,742,a robin a penguin,0
a dolphin,742,a robin a salmon,1
a dolphin,742,a robin a seal,1
a dolphin,742,a robin a whale,1
a dolphin,742,a chicken an eagle,0
a dolphin,742,a chicken an ostrich,0
a dolphin,742,a chicken a penguin,0
a dolphin,742,a chicken a salmon,0
a dolphin,742,a chicken a seal,0
a dolphin,742,a chicken a whale,0
a dolphin,742,an eagle an ostrich,0
a dolphin,742,an eagle a penguin,0
a dolphin,742,an eagle a salmon,0
a dolphin,742,an eagle a seal,1
a dolphin,742,an eagle a whale,0
a dolphin,742,an ostrich a penguin,0
a dolphin,742,an ostrich a salmon,0
a dolphin,742,an ostrich a seal,0
a dolphin,742,an ostrich a whale,0
a dolphin,742,a penguin a salmon,0
a dolphin,742,a penguin a seal,0
a dolphin,742,a penguin a whale,0
a dolphin,742,a salmon a seal,1
a dolphin,742,a salmon a whale,0
a dolphin,742,a seal a whale,0
a chicken,743,a finch a robin,0
a chicken,743,a finch an eagle,0
a chicken,743,a finch an ostrich,0
a chicken,743,a finch a penguin,0
a chicken,743,a finch a salmon,0
a chicken,743,a finch a seal,0
a chicken,743,a finch a dolphin,0
a chicken,743,a finch a whale,0
a chicken,743,a robin an eagle,0
a chicken,743,a robin an ostrich,0
a chicken,743,a robin a penguin,0
a chicken,743,a robin a salmon,0
a chicken,743,a robin a seal,0
a chicken,743,a robin a dolphin,0
a chicken,743,a robin a whale,0
a chicken,743,an eagle an ostrich,0
a chicken,743,an eagle a penguin,0
a chicken,743,an eagle a salmon,0
a chicken,743,an eagle a seal,0
a chicken,743,an eagle a dolphin,0
a chicken,743,an eagle a whale,0
a chicken,743,an ostrich a penguin,0
a chicken,743,an ostrich a salmon,0
a chicken,743,an ostrich a seal,0
a chicken,743,an ostrich a dolphin,0
a chicken,743,an ostrich a whale,0
a chicken,743,a penguin a salmon,0
a chicken,743,a penguin a seal,0
a chicken,743,a penguin a dolphin,0
a chicken,743,a penguin a whale,0
a chicken,743,a salmon a seal,0
a chicken,743,a salmon a dolphin,0
a chicken,743,a salmon a whale,0
a chicken,743,a seal a dolphin,0
a chicken,743,a seal a whale,0
a chicken,743,a dolphin a whale,0
a chicken,744,a finch a robin,0
a chicken,744,a finch an eagle,0
a chicken,744,a finch an ostrich,0
a chicken,744,a finch a penguin,0
a chicken,744,a finch a salmon,0
a chicken,744,a finch a seal,0
a chicken,744,a finch a dolphin,0
a chicken,744,a finch a whale,0
a chicken,744,a robin an eagle,0
a chicken,744,a robin an ostrich,0
a chicken,744,a robin a penguin,0
a chicken,744,a robin a salmon,0
a chicken,744,a robin a seal,0
a chicken,744,a robin a dolphin,0
a chicken,744,a robin a whale,0
a chicken,744,an eagle an ostrich,0
a chicken,744,an eagle a penguin,0
a chicken,744,an eagle a salmon,0
a chicken,744,an eagle a seal,0
a chicken,744,an eagle a dolphin,0
a chicken,744,an eagle a whale,0
a chicken,744,an ostrich a penguin,0
a chicken,744,an ostrich a salmon,0
a chicken,744,an ostrich a dolphin,0
a chicken,744,an ostrich a whale,0
a chicken,744,a penguin a salmon,0
a chicken,744,a penguin a seal,0
a chicken,744,a penguin a dolphin,0
a chicken,744,a salmon a seal,0
a chicken,744,a salmon a dolphin,0
a chicken,744,a salmon a whale,0
a chicken,744,a seal a dolphin,0
a chicken,744,a seal a whale,0
a chicken,744,a dolphin a whale,0
a robin,745,a finch a chicken,0
a robin,745,a finch an eagle,0
a robin,745,a finch an ostrich,0
a robin,745,a finch a penguin,0
a robin,745,a finch a salmon,0
a robin,745,a finch a seal,0
a robin,745,a finch a dolphin,0
a robin,745,a finch a whale,0
a robin,745,a chicken an eagle,0
a robin,745,a chicken an ostrich,0
a robin,745,a chicken a penguin,0
a robin,745,a chicken a salmon,0
a robin,745,a chicken a seal,0
a robin,745,a chicken a dolphin,0
a robin,745,a chicken a whale,0
a robin,745,an eagle an ostrich,0
a robin,745,an eagle a penguin,0
a robin,745,an eagle a salmon,0
a robin,745,an eagle a seal,0
a robin,745,an eagle a dolphin,0
a robin,745,an eagle a whale,0
a robin,745,an ostrich a penguin,0
a robin,745,an ostrich a salmon,0
a robin,745,an ostrich a seal,0
a robin,745,an ostrich a dolphin,0
a robin,745,an ostrich a whale,0
a robin,745,a penguin a salmon,0
a robin,745,a penguin a seal,0
a robin,745,a penguin a dolphin,0
a robin,745,a penguin a whale,0
a robin,745,a salmon a seal,0
a robin,745,a salmon a dolphin,0
a robin,745,a salmon a whale,0
a robin,745,a seal a dolphin,0
a robin,745,a seal a whale,0
a robin,745,a dolphin a whale,0
a whale,746,a finch a robin,0
a whale,746,a finch a chicken,0
a whale,746,a finch an eagle,1
a whale,746,a finch an ostrich,0
a whale,746,a finch a penguin,0
a whale,746,a finch a salmon,0
a whale,746,a finch a seal,1
a whale,746,a finch a dolphin,0
a whale,746,a robin a chicken,0
a whale,746,a robin an eagle,0
a whale,746,a robin an ostrich,0
a whale,746,a robin a penguin,0
a whale,746,a robin a salmon,0
a whale,746,a robin a seal,0
a whale,746,a robin a dolphin,0
a whale,746,a chicken an eagle,0
a whale,746,a chicken an ostrich,0
a whale,746,a chicken a penguin,0
a whale,746,a chicken a salmon,0
a whale,746,a chicken a seal,0
a whale,746,a chicken a dolphin,0
a whale,746,an eagle an ostrich,0
a whale,746,an eagle a penguin,0
a whale,746,an eagle a salmon,1
a whale,746,an eagle a seal,0
a whale,746,an eagle a dolphin,1
a whale,746,an ostrich a penguin,0
a whale,746,an ostrich a salmon,0
a whale,746,an ostrich a seal,1
a whale,746,an ostrich a dolphin,0
a whale,746,a penguin a salmon,0
a whale,746,a penguin a dolphin,0
a whale,746,a salmon a seal,0
a whale,746,a salmon a dolphin,1
a whale,746,a seal a dolphin,0
a chicken,747,a finch a robin,0
a chicken,747,a finch an eagle,0
a chicken,747,a finch an ostrich,0
a chicken,747,a finch a penguin,0
a chicken,747,a finch a salmon,0
a chicken,747,a finch a seal,0
a chicken,747,a finch a dolphin,0
a chicken,747,a finch a whale,0
a chicken,747,a robin an eagle,0
a chicken,747,a robin an ostrich,0
a chicken,747,a robin a penguin,0
a chicken,747,a robin a salmon,0
a chicken,747,a robin a seal,0
a chicken,747,a robin a dolphin,0
a chicken,747,a robin a whale,0
a chicken,747,an eagle an ostrich,0
a chicken,747,an eagle a penguin,0
a chicken,747,an eagle a salmon,0
a chicken,747,an eagle a seal,0
a chicken,747,an eagle a dolphin,0
a chicken,747,an eagle a whale,0
a chicken,747,an ostrich a penguin,0
a chicken,747,an ostrich a salmon,0
a chicken,747,an ostrich a seal,0
a chicken,747,an ostrich a dolphin,0
a chicken,747,an ostrich a whale,0
a chicken,747,a penguin a salmon,0
a chicken,747,a penguin a seal,0
a chicken,747,a penguin a dolphin,0
a chicken,747,a penguin a whale,0
a chicken,747,a salmon a seal,0
a chicken,747,a salmon a dolphin,0
a chicken,747,a salmon a whale,0
a chicken,747,a seal a dolphin,0
a chicken,747,a seal a whale,0
a chicken,747,a dolphin a whale,0
a chicken,748,a finch a robin,0
a chicken,748,a finch an eagle,0
a chicken,748,a finch an ostrich,0
a chicken,748,a finch a penguin,0
a chicken,748,a finch a salmon,0
a chicken,748,a finch a seal,0
a chicken,748,a finch a dolphin,0
a chicken,748,a finch a whale,0
a chicken,748,a robin an eagle,0
a chicken,748,a robin an ostrich,0
a chicken,748,a robin a penguin,0
a chicken,748,a robin a salmon,0
a chicken,748,a robin a seal,0
a chicken,748,a robin a dolphin,0
a chicken,748,a robin a whale,0
a chicken,748,an eagle an ostrich,0
a chicken,748,an eagle a penguin,0
a chicken,748,an eagle a salmon,0
a chicken,748,an eagle a seal,0
a chicken,748,an eagle a dolphin,0
a chicken,748,an eagle a whale,0
a chicken,748,an ostrich a penguin,0
a chicken,748,an ostrich a seal,0
a chicken,748,an ostrich a dolphin,0
a chicken,748,an ostrich a whale,0
a chicken,748,a penguin a salmon,0
a chicken,748,a penguin a seal,0
a chicken,748,a penguin a dolphin,0
a chicken,748,a penguin a whale,0
a chicken,748,a salmon a seal,0
a chicken,748,a salmon a dolphin,0
a chicken,748,a salmon a whale,0
a chicken,748,a seal a whale,0
a chicken,748,a dolphin a whale,0
an ostrich,749,a finch a robin,0
an ostrich,749,a finch a chicken,0
an ostrich,749,a finch an eagle,0
an ostrich,749,a finch a penguin,0
an ostrich,749,a finch a salmon,0
an ostrich,749,a finch a seal,0
an ostrich,749,a finch a dolphin,0
an ostrich,749,a finch a whale,0
an ostrich,749,a robin a chicken,0
an ostrich,749,a robin an eagle,0
an ostrich,749,a robin a penguin,0
an ostrich,749,a robin a salmon,0
an ostrich,749,a robin a seal,0
an ostrich,749,a robin a dolphin,0
an ostrich,749,a robin a whale,0
an ostrich,749,a chicken an eagle,0
an ostrich,749,a chicken a penguin,0
an ostrich,749,a chicken a salmon,0
an ostrich,749,a chicken a seal,0
an ostrich,749,a chicken a dolphin,0
an ostrich,749,a chicken a whale,0
an ostrich,749,an eagle a penguin,0
an ostrich,749,an eagle a salmon,0
an ostrich,749,an eagle a seal,0
an ostrich,749,an eagle a dolphin,0
an ostrich,749,an eagle a whale,0
an ostrich,749,a penguin a salmon,0
an ostrich,749,a penguin a seal,0
an ostrich,749,a penguin a dolphin,0
an ostrich,749,a penguin a whale,0
an ostrich,749,a salmon a seal,0
an ostrich,749,a salmon a dolphin,0
an ostrich,749,a salmon a whale,0
an ostrich,749,a seal a dolphin,0
an ostrich,749,a seal a whale,0
an ostrich,749,a dolphin a whale,0
an ostrich,750,a finch a robin,0
an ostrich,750,a finch a chicken,0
an ostrich,750,a finch an eagle,0
an ostrich,750,a finch a penguin,0
an ostrich,750,a finch a salmon,0
an ostrich,750,a finch a seal,0
an ostrich,750,a finch a dolphin,0
an ostrich,750,a finch a whale,0
an ostrich,750,a robin a chicken,0
an ostrich,750,a robin an eagle,0
an ostrich,750,a robin a penguin,0
an ostrich,750,a robin a salmon,0
an ostrich,750,a robin a seal,0
an ostrich,750,a robin a dolphin,0
an ostrich,750,a robin a whale,0
an ostrich,750,a chicken an eagle,0
an ostrich,750,a chicken a penguin,0
an ostrich,750,a chicken a salmon,0
an ostrich,750,a chicken a seal,0
an ostrich,750,a chicken a dolphin,0
an ostrich,750,a chicken a whale,0
an ostrich,750,an eagle a penguin,0
an ostrich,750,an eagle a salmon,0
an ostrich,750,an eagle a seal,0
an ostrich,750,an eagle a dolphin,0
an ostrich,750,an eagle a whale,0
an ostrich,750,a penguin a salmon,0
an ostrich,750,a penguin a seal,0
an ostrich,750,a penguin a dolphin,0
an ostrich,750,a penguin a whale,0
an ostrich,750,a salmon a seal,0
an ostrich,750,a salmon a dolphin,0
an ostrich,750,a salmon a whale,0
an ostrich,750,a seal a dolphin,0
an ostrich,750,a seal a whale,0
an ostrich,750,a dolphin a whale,0
a robin,751,a finch a chicken,0
a robin,751,a finch an eagle,0
a robin,751,a finch an ostrich,0
a robin,751,a finch a penguin,0
a robin,751,a finch a salmon,0
a robin,751,a finch a seal,0
a robin,751,a finch a dolphin,0
a robin,751,a finch a whale,0
a robin,751,a chicken an eagle,0
a robin,751,a chicken an ostrich,0
a robin,751,a chicken a penguin,0
a robin,751,a chicken a salmon,0
a robin,751,a chicken a seal,0
a robin,751,a chicken a dolphin,0
a robin,751,a chicken a whale,0
a robin,751,an eagle an ostrich,0
a robin,751,an eagle a penguin,0
a robin,751,an eagle a salmon,0
a robin,751,an eagle a seal,0
a robin,751,an eagle a dolphin,0
a robin,751,an eagle a whale,0
a robin,751,an ostrich a penguin,0
a robin,751,an ostrich a salmon,0
a robin,751,an ostrich a seal,0
a robin,751,an ostrich a dolphin,0
a robin,751,an ostrich a whale,0
a robin,751,a penguin a salmon,0
a robin,751,a penguin a seal,0
a robin,751,a penguin a dolphin,0
a robin,751,a penguin a whale,0
a robin,751,a salmon a seal,0
a robin,751,a salmon a dolphin,0
a robin,751,a salmon a whale,0
a robin,751,a seal a dolphin,0
a robin,751,a seal a whale,0
a robin,751,a dolphin a whale,0
a whale,752,a finch a robin,0
a whale,752,a finch a chicken,0
a whale,752,a finch an eagle,0
a whale,752,a finch an ostrich,0
a whale,752,a finch a penguin,0
a whale,752,a finch a salmon,0
a whale,752,a finch a seal,0
a whale,752,a finch a dolphin,0
a whale,752,a robin a chicken,0
a whale,752,a robin an eagle,0
a whale,752,a robin an ostrich,0
a whale,752,a robin a penguin,0
a whale,752,a robin a salmon,1
a whale,752,a robin a seal,1
a whale,752,a robin a dolphin,0
a whale,752,a chicken an eagle,0
a whale,752,a chicken an ostrich,0
a whale,752,a chicken a penguin,0
a whale,752,a chicken a salmon,0
a whale,752,a chicken a seal,1
a whale,752,a chicken a dolphin,0
a whale,752,an eagle an ostrich,0
a whale,752,an eagle a penguin,0
a whale,752,an eagle a salmon,0
a whale,752,an eagle a seal,1
a whale,752,an eagle a dolphin,0
a whale,752,an ostrich a penguin,0
a whale,752,an ostrich a salmon,0
a whale,752,an ostrich a seal,0
a whale,752,an ostrich a dolphin,0
a whale,752,a penguin a salmon,0
a whale,752,a penguin a seal,1
a whale,752,a penguin a dolphin,0
a whale,752,a salmon a seal,0
a whale,752,a salmon a dolphin,0
a whale,752,a seal a dolphin,0
a penguin,753,a finch a robin,0
a penguin,753,a finch a chicken,0
a penguin,753,a finch an eagle,0
a penguin,753,a finch an ostrich,0
a penguin,753,a finch a salmon,0
a penguin,753,a finch a seal,0
a penguin,753,a finch a dolphin,0
a penguin,753,a finch a whale,0
a penguin,753,a robin a chicken,1
a penguin,753,a robin an eagle,0
a penguin,753,a robin an ostrich,0
a penguin,753,a robin a salmon,0
a penguin,753,a robin a seal,0
a penguin,753,a robin a dolphin,0
a penguin,753,a robin a whale,0
a penguin,753,a chicken an eagle,0
a penguin,753,a chicken an ostrich,0
a penguin,753,a chicken a salmon,0
a penguin,753,a chicken a seal,1
a penguin,753,a chicken a dolphin,0
a penguin,753,a chicken a whale,0
a penguin,753,an eagle an ostrich,0
a penguin,753,an eagle a salmon,0
a penguin,753,an eagle a seal,1
a penguin,753,an eagle a dolphin,0
a penguin,753,an eagle a whale,0
a penguin,753,an ostrich a salmon,0
a penguin,753,an ostrich a seal,0
a penguin,753,an ostrich a dolphin,0
a penguin,753,an ostrich a whale,1
a penguin,753,a salmon a seal,1
a penguin,753,a salmon a dolphin,0
a penguin,753,a salmon a whale,0
a penguin,753,a seal a dolphin,0
a penguin,753,a seal a whale,0
a penguin,753,a dolphin a whale,0
an ostrich,754,a finch a robin,0
an ostrich,754,a finch a chicken,0
an ostrich,754,a finch an eagle,0
an ostrich,754,a finch a penguin,0
an ostrich,754,a finch a salmon,0
an ostrich,754,a finch a seal,0
an ostrich,754,a finch a dolphin,0
an ostrich,754,a finch a whale,0
an ostrich,754,a robin a chicken,0
an ostrich,754,a robin an eagle,1
an ostrich,754,a robin a penguin,0
an ostrich,754,a robin a salmon,0
an ostrich,754,a robin a seal,0
an ostrich,754,a robin a dolphin,0
an ostrich,754,a robin a whale,0
an ostrich,754,a chicken an eagle,0
an ostrich,754,a chicken a penguin,0
an ostrich,754,a chicken a salmon,0
an ostrich,754,a chicken a seal,0
an ostrich,754,a chicken a dolphin,0
an ostrich,754,a chicken a whale,0
an ostrich,754,an eagle a penguin,0
an ostrich,754,an eagle a salmon,0
an ostrich,754,an eagle a seal,0
an ostrich,754,an eagle a dolphin,0
an ostrich,754,an eagle a whale,0
an ostrich,754,a penguin a salmon,0
an ostrich,754,a penguin a seal,0
an ostrich,754,a penguin a dolphin,0
an ostrich,754,a penguin a whale,0
an ostrich,754,a salmon a seal,0
an ostrich,754,a salmon a dolphin,0
an ostrich,754,a salmon a whale,0
an ostrich,754,a seal a dolphin,0
an ostrich,754,a seal a whale,0
an ostrich,754,a dolphin a whale,0
a penguin,755,a finch a robin,0
a penguin,755,a finch a chicken,1
a penguin,755,a finch an eagle,0
a penguin,755,a finch an ostrich,0
a penguin,755,a finch a salmon,0
a penguin,755,a finch a seal,1
a penguin,755,a finch a dolphin,0
a penguin,755,a finch a whale,0
a penguin,755,a robin a chicken,1
a penguin,755,a robin an eagle,0
a penguin,755,a robin an ostrich,0
a penguin,755,a robin a salmon,0
a penguin,755,a robin a seal,0
a penguin,755,a robin a dolphin,0
a penguin,755,a robin a whale,0
a penguin,755,a chicken an eagle,0
a penguin,755,a chicken an ostrich,0
a penguin,755,a chicken a salmon,0
a penguin,755,a chicken a seal,1
a penguin,755,a chicken a dolphin,0
a penguin,755,a chicken a whale,0
a penguin,755,an eagle an ostrich,0
a penguin,755,an eagle a salmon,1
a penguin,755,an eagle a seal,1
a penguin,755,an eagle a dolphin,0
a penguin,755,an eagle a whale,0
a penguin,755,an ostrich a salmon,0
a penguin,755,an ostrich a seal,0
a penguin,755,an ostrich a dolphin,0
a penguin,755,an ostrich a whale,0
a penguin,755,a salmon a seal,0
a penguin,755,a salmon a dolphin,1
a penguin,755,a salmon a whale,0
a penguin,755,a seal a dolphin,0
a penguin,755,a seal a whale,0
a penguin,755,a dolphin a whale,0
a finch,756,a robin a chicken,0
a finch,756,a robin an eagle,0
a finch,756,a robin an ostrich,0
a finch,756,a robin a penguin,0
a finch,756,a robin a salmon,0
a finch,756,a robin a seal,0
a finch,756,a robin a dolphin,0
a finch,756,a robin a whale,0
a finch,756,a chicken an eagle,0
a finch,756,a chicken an ostrich,0
a finch,756,a chicken a penguin,0
a finch,756,a chicken a salmon,0
a finch,756,a chicken a seal,0
a finch,756,a chicken a dolphin,0
a finch,756,a chicken a whale,0
a finch,756,an eagle an ostrich,0
a finch,756,an eagle a penguin,0
a finch,756,an eagle a salmon,0
a finch,756,an eagle a seal,0
a finch,756,an eagle a dolphin,0
a finch,756,an eagle a whale,0
a finch,756,an ostrich a penguin,0
a finch,756,an ostrich a salmon,0
a finch,756,an ostrich a seal,0
a finch,756,an ostrich a dolphin,0
a finch,756,an ostrich a whale,0
a finch,756,a penguin a seal,0
a finch,756,a penguin a whale,0
a finch,756,a salmon a seal,0
a finch,756,a salmon a dolphin,0
a finch,756,a salmon a whale,0
a finch,756,a seal a dolphin,0
a finch,756,a seal a whale,0
a finch,756,a dolphin a whale,0
an ostrich,757,a finch a robin,0
an ostrich,757,a finch a chicken,0
an ostrich,757,a finch an eagle,0
an ostrich,757,a finch a penguin,0
an ostrich,757,a finch a salmon,0
an ostrich,757,a finch a seal,0
an ostrich,757,a finch a dolphin,0
an ostrich,757,a finch a whale,0
an ostrich,757,a robin a chicken,0
an ostrich,757,a robin an eagle,0
an ostrich,757,a robin a penguin,0
an ostrich,757,a robin a salmon,0
an ostrich,757,a robin a seal,0
an ostrich,757,a robin a dolphin,0
an ostrich,757,a robin a whale,0
an ostrich,757,a chicken an eagle,0
an ostrich,757,a chicken a penguin,0
an ostrich,757,a chicken a salmon,0
an ostrich,757,a chicken a seal,0
an ostrich,757,a chicken a dolphin,0
an ostrich,757,a chicken a whale,0
an ostrich,757,an eagle a penguin,0
an ostrich,757,an eagle a salmon,0
an ostrich,757,an eagle a seal,0
an ostrich,757,an eagle a dolphin,0
an ostrich,757,an eagle a whale,0
an ostrich,757,a penguin a salmon,0
an ostrich,757,a penguin a seal,0
an ostrich,757,a penguin a dolphin,0
an ostrich,757,a penguin a whale,0
an ostrich,757,a salmon a seal,0
an ostrich,757,a salmon a dolphin,0
an ostrich,757,a salmon a whale,0
an ostrich,757,a seal a dolphin,0
an ostrich,757,a seal a whale,0
an ostrich,757,a dolphin a whale,0
a dolphin,758,a finch a robin,0
a dolphin,758,a finch a chicken,0
a dolphin,758,a finch an eagle,0
a dolphin,758,a finch an ostrich,0
a dolphin,758,a finch a penguin,0
a dolphin,758,a finch a salmon,0
a dolphin,758,a finch a seal,0
a dolphin,758,a finch a whale,0
a dolphin,758,a robin a chicken,1
a dolphin,758,a robin an eagle,0
a dolphin,758,a robin an ostrich,0
a dolphin,758,a robin a penguin,0
a dolphin,758,a robin a salmon,0
a dolphin,758,a robin a seal,1
a dolphin,758,a robin a whale,0
a dolphin,758,a chicken an eagle,0
a dolphin,758,a chicken an ostrich,0
a dolphin,758,a chicken a penguin,0
a dolphin,758,a chicken a salmon,0
a dolphin,758,a chicken a seal,1
a dolphin,758,a chicken a whale,0
a dolphin,758,an eagle an ostrich,0
a dolphin,758,an eagle a penguin,0
a dolphin,758,an eagle a salmon,0
a dolphin,758,an eagle a seal,1
a dolphin,758,an eagle a whale,0
a dolphin,758,an ostrich a penguin,0
a dolphin,758,an ostrich a salmon,0
a dolphin,758,an ostrich a seal,0
a dolphin,758,an ostrich a whale,0
a dolphin,758,a penguin a salmon,0
a dolphin,758,a penguin a seal,1
a dolphin,758,a penguin a whale,0
a dolphin,758,a salmon a seal,1
a dolphin,758,a salmon a whale,0
a dolphin,758,a seal a whale,0
a whale,759,a finch a robin,0
a whale,759,a finch a chicken,1
a whale,759,a finch an eagle,0
a whale,759,a finch an ostrich,0
a whale,759,a finch a penguin,0
a whale,759,a finch a salmon,0
a whale,759,a finch a seal,0
a whale,759,a finch a dolphin,0
a whale,759,a robin a chicken,1
a whale,759,a robin an eagle,0
a whale,759,a robin an ostrich,0
a whale,759,a robin a penguin,0
a whale,759,a robin a salmon,0
a whale,759,a robin a seal,0
a whale,759,a robin a dolphin,0
a whale,759,a chicken an eagle,0
a whale,759,a chicken an ostrich,0
a whale,759,a chicken a penguin,0
a whale,759,a chicken a salmon,0
a whale,759,a chicken a seal,0
a whale,759,a chicken a dolphin,0
a whale,759,an eagle an ostrich,0
a whale,759,an eagle a penguin,0
a whale,759,an eagle a salmon,1
a whale,759,an eagle a dolphin,0
a whale,759,an ostrich a penguin,0
a whale,759,an ostrich a salmon,0
a whale,759,an ostrich a seal,1
a whale,759,an ostrich a dolphin,0
a whale,759,a penguin a salmon,0
a whale,759,a penguin a seal,0
a whale,759,a penguin a dolphin,0
a whale,759,a salmon a seal,1
a whale,759,a salmon a dolphin,0
a whale,759,a seal a dolphin,0
a robin,760,a finch a chicken,0
a robin,760,a finch an eagle,0
a robin,760,a finch an ostrich,0
a robin,760,a finch a penguin,0
a robin,760,a finch a salmon,0
a robin,760,a finch a seal,0
a robin,760,a finch a dolphin,0
a robin,760,a finch a whale,0
a robin,760,a chicken an eagle,0
a robin,760,a chicken an ostrich,0
a robin,760,a chicken a penguin,0
a robin,760,a chicken a salmon,0
a robin,760,a chicken a seal,0
a robin,760,a chicken a dolphin,0
a robin,760,a chicken a whale,0
a robin,760,an eagle an ostrich,0
a robin,760,an eagle a penguin,0
a robin,760,an eagle a salmon,0
a robin,760,an eagle a seal,1
a robin,760,an eagle a dolphin,0
a robin,760,an eagle a whale,0
a robin,760,an ostrich a penguin,0
a robin,760,an ostrich a salmon,0
a robin,760,an ostrich a seal,0
a robin,760,an ostrich a dolphin,0
a robin,760,an ostrich a whale,0
a robin,760,a penguin a salmon,0
a robin,760,a penguin a seal,0
a robin,760,a penguin a dolphin,0
a robin,760,a penguin a whale,0
a robin,760,a salmon a seal,0
a robin,760,a salmon a dolphin,0
a robin,760,a seal a whale,0
a robin,760,a dolphin a whale,0
a finch,761,a robin a chicken,0
a finch,761,a robin an eagle,0
a finch,761,a robin an ostrich,0
a finch,761,a robin a penguin,0
a finch,761,a robin a salmon,0
a finch,761,a robin a seal,0
a finch,761,a robin a dolphin,0
a finch,761,a robin a whale,0
a finch,761,a chicken an eagle,0
a finch,761,a chicken an ostrich,0
a finch,761,a chicken a penguin,0
a finch,761,a chicken a salmon,0
a finch,761,a chicken a seal,0
a finch,761,a chicken a dolphin,0
a finch,761,a chicken a whale,0
a finch,761,an eagle a penguin,0
a finch,761,an eagle a salmon,0
a finch,761,an eagle a seal,0
a finch,761,an eagle a dolphin,0
a finch,761,an eagle a whale,0
a finch,761,an ostrich a penguin,0
a finch,761,an ostrich a salmon,0
a finch,761,an ostrich a seal,0
a finch,761,an ostrich a dolphin,0
a finch,761,an ostrich a whale,0
a finch,761,a penguin a salmon,0
a finch,761,a penguin a seal,0
a finch,761,a penguin a dolphin,0
a finch,761,a penguin a whale,0
a finch,761,a salmon a seal,0
a finch,761,a salmon a dolphin,0
a finch,761,a salmon a whale,0
a finch,761,a seal a dolphin,0
a finch,761,a seal a whale,0
a finch,761,a dolphin a whale,0
a whale,762,a finch a robin,0
a whale,762,a finch a chicken,0
a whale,762,a finch an eagle,0
a whale,762,a finch an ostrich,0
a whale,762,a finch a penguin,0
a whale,762,a finch a salmon,0
a whale,762,a finch a seal,1
a whale,762,a finch a dolphin,0
a whale,762,a robin an eagle,0
a whale,762,a robin an ostrich,0
a whale,762,a robin a penguin,0
a whale,762,a robin a salmon,0
a whale,762,a robin a seal,1
a whale,762,a robin a dolphin,0
a whale,762,a chicken an eagle,0
a whale,762,a chicken an ostrich,0
a whale,762,a chicken a penguin,0
a whale,762,a chicken a salmon,0
a whale,762,a chicken a seal,0
a whale,762,a chicken a dolphin,0
a whale,762,an eagle an ostrich,0
a whale,762,an eagle a penguin,0
a whale,762,an eagle a salmon,0
a whale,762,an eagle a seal,1
a whale,762,an eagle a dolphin,0
a whale,762,an ostrich a salmon,0
a whale,762,an ostrich a seal,1
a whale,762,an ostrich a dolphin,0
a whale,762,a penguin a salmon,1
a whale,762,a penguin a seal,1
a whale,762,a penguin a dolphin,1
a whale,762,a salmon a seal,1
a whale,762,a salmon a dolphin,0
a whale,762,a seal a dolphin,0
a dolphin,763,a finch a robin,0
a dolphin,763,a finch a chicken,0
a dolphin,763,a finch an eagle,0
a dolphin,763,a finch an ostrich,0
a dolphin,763,a finch a penguin,0
a dolphin,763,a finch a salmon,0
a dolphin,763,a finch a seal,0
a dolphin,763,a finch a whale,0
a dolphin,763,a robin a chicken,0
a dolphin,763,a robin an eagle,0
a dolphin,763,a robin an ostrich,0
a dolphin,763,a robin a penguin,0
a dolphin,763,a robin a salmon,0
a dolphin,763,a robin a seal,1
a dolphin,763,a robin a whale,0
a dolphin,763,a chicken an eagle,0
a dolphin,763,a chicken an ostrich,0
a dolphin,763,a chicken a penguin,0
a dolphin,763,a chicken a salmon,0
a dolphin,763,a chicken a seal,1
a dolphin,763,a chicken a whale,0
a dolphin,763,an eagle a penguin,1
a dolphin,763,an eagle a salmon,0
a dolphin,763,an eagle a seal,1
a dolphin,763,an eagle a whale,0
a dolphin,763,an ostrich a penguin,0
a dolphin,763,an ostrich a salmon,0
a dolphin,763,an ostrich a seal,1
a dolphin,763,an ostrich a whale,0
a dolphin,763,a penguin a seal,1
a dolphin,763,a penguin a whale,1
a dolphin,763,a salmon a seal,0
a dolphin,763,a salmon a whale,0
a dolphin,763,a seal a whale,0
a whale,764,a finch a robin,0
a whale,764,a finch a chicken,0
a whale,764,a finch an eagle,0
a whale,764,a finch an ostrich,0
a whale,764,a finch a penguin,0
a whale,764,a finch a salmon,1
a whale,764,a finch a seal,0
a whale,764,a finch a dolphin,0
a whale,764,a robin a chicken,0
a whale,764,a robin an eagle,1
a whale,764,a robin an ostrich,0
a whale,764,a robin a penguin,0
a whale,764,a robin a salmon,1
a whale,764,a robin a seal,1
a whale,764,a robin a dolphin,0
a whale,764,a chicken an eagle,0
a whale,764,a chicken an ostrich,0
a whale,764,a chicken a penguin,0
a whale,764,a chicken a salmon,0
a whale,764,a chicken a seal,1
a whale,764,a chicken a dolphin,0
a whale,764,an eagle an ostrich,0
a whale,764,an eagle a penguin,0
a whale,764,an eagle a salmon,1
a whale,764,an eagle a seal,1
a whale,764,an eagle a dolphin,0
a whale,764,an ostrich a penguin,0
a whale,764,an ostrich a salmon,0
a whale,764,an ostrich a seal,1
a whale,764,an ostrich a dolphin,1
a whale,764,a penguin a salmon,1
a whale,764,a penguin a seal,0
a whale,764,a penguin a dolphin,0
a whale,764,a salmon a seal,1
a whale,764,a salmon a dolphin,0
a whale,764,a seal a dolphin,0
a dolphin,765,a finch a robin,0
a dolphin,765,a finch a chicken,0
a dolphin,765,a finch an eagle,0
a dolphin,765,a finch an ostrich,0
a dolphin,765,a finch a penguin,0
a dolphin,765,a finch a salmon,0
a dolphin,765,a finch a seal,0
a dolphin,765,a finch a whale,0
a dolphin,765,a robin a chicken,0
a dolphin,765,a robin an eagle,0
a dolphin,765,a robin an ostrich,0
a dolphin,765,a robin a penguin,0
a dolphin,765,a robin a salmon,0
a dolphin,765,a robin a seal,1
a dolphin,765,a robin a whale,0
a dolphin,765,a chicken an eagle,0
a dolphin,765,a chicken an ostrich,0
a dolphin,765,a chicken a penguin,0
a dolphin,765,a chicken a salmon,0
a dolphin,765,a chicken a seal,0
a dolphin,765,a chicken a whale,0
a dolphin,765,an eagle an ostrich,0
a dolphin,765,an eagle a salmon,1
a dolphin,765,an eagle a seal,1
a dolphin,765,an eagle a whale,0
a dolphin,765,an ostrich a penguin,0
a dolphin,765,an ostrich a salmon,0
a dolphin,765,an ostrich a seal,0
a dolphin,765,an ostrich a whale,0
a dolphin,765,a penguin a salmon,0
a dolphin,765,a penguin a seal,1
a dolphin,765,a penguin a whale,0
a dolphin,765,a salmon a seal,1
a dolphin,765,a salmon a whale,0
a dolphin,765,a seal a whale,0
a dolphin,766,a finch a robin,0
a dolphin,766,a finch a chicken,0
a dolphin,766,a finch an eagle,0
a dolphin,766,a finch an ostrich,0
a dolphin,766,a finch a penguin,0
a dolphin,766,a finch a salmon,0
a dolphin,766,a finch a seal,1
a dolphin,766,a finch a whale,0
a dolphin,766,a robin a chicken,0
a dolphin,766,a robin an eagle,0
a dolphin,766,a robin an ostrich,0
a dolphin,766,a robin a penguin,0
a dolphin,766,a robin a salmon,0
a dolphin,766,a robin a seal,0
a dolphin,766,a robin a whale,0
a dolphin,766,a chicken an eagle,0
a dolphin,766,a chicken an ostrich,0
a dolphin,766,a chicken a penguin,0
a dolphin,766,a chicken a salmon,0
a dolphin,766,a chicken a seal,1
a dolphin,766,a chicken a whale,0
a dolphin,766,an eagle a penguin,0
a dolphin,766,an eagle a salmon,1
a dolphin,766,an eagle a seal,1
a dolphin,766,an eagle a whale,1
a dolphin,766,an ostrich a penguin,0
a dolphin,766,an ostrich a salmon,0
a dolphin,766,an ostrich a seal,1
a dolphin,766,an ostrich a whale,1
a dolphin,766,a penguin a salmon,0
a dolphin,766,a penguin a seal,1
a dolphin,766,a penguin a whale,0
a dolphin,766,a salmon a seal,0
a dolphin,766,a salmon a whale,1
a dolphin,766,a seal a whale,0
a penguin,767,a finch a robin,0
a penguin,767,a finch a chicken,1
a penguin,767,a finch an eagle,0
a penguin,767,a finch an ostrich,0
a penguin,767,a finch a salmon,0
a penguin,767,a finch a seal,0
a penguin,767,a finch a dolphin,0
a penguin,767,a finch a whale,0
a penguin,767,a robin a chicken,1
a penguin,767,a robin an eagle,0
a penguin,767,a robin an ostrich,0
a penguin,767,a robin a salmon,0
a penguin,767,a robin a seal,1
a penguin,767,a robin a dolphin,0
a penguin,767,a robin a whale,0
a penguin,767,a chicken an eagle,0
a penguin,767,a chicken an ostrich,0
a penguin,767,a chicken a salmon,0
a penguin,767,a chicken a seal,1
a penguin,767,a chicken a dolphin,0
a penguin,767,a chicken a whale,0
a penguin,767,an eagle an ostrich,0
a penguin,767,an eagle a salmon,1
a penguin,767,an eagle a seal,1
a penguin,767,an eagle a dolphin,0
a penguin,767,an eagle a whale,1
a penguin,767,an ostrich a salmon,0
a penguin,767,an ostrich a seal,1
a penguin,767,an ostrich a dolphin,0
a penguin,767,an ostrich a whale,0
a penguin,767,a salmon a seal,1
a penguin,767,a salmon a dolphin,0
a penguin,767,a salmon a whale,0
a penguin,767,a seal a dolphin,0
a penguin,767,a seal a whale,0
a penguin,767,a dolphin a whale,0
a seal,768,a finch a robin,0
a seal,768,a finch a chicken,0
a seal,768,a finch an eagle,0
a seal,768,a finch an ostrich,0
a seal,768,a finch a penguin,0
a seal,768,a finch a salmon,0
a seal,768,a finch a dolphin,0
a seal,768,a finch a whale,0
a seal,768,a robin a chicken,0
a seal,768,a robin an eagle,0
a seal,768,a robin an ostrich,0
a seal,768,a robin a penguin,0
a seal,768,a robin a salmon,0
a seal,768,a robin a dolphin,0
a seal,768,a robin a whale,0
a seal,768,a chicken an eagle,0
a seal,768,a chicken an ostrich,0
a seal,768,a chicken a penguin,0
a seal,768,a chicken a salmon,1
a seal,768,a chicken a dolphin,0
a seal,768,a chicken a whale,0
a seal,768,an eagle an ostrich,0
a seal,768,an eagle a penguin,0
a seal,768,an eagle a salmon,0
a seal,768,an eagle a dolphin,0
a seal,768,an eagle a whale,0
a seal,768,an ostrich a penguin,0
a seal,768,an ostrich a salmon,0
a seal,768,an ostrich a dolphin,0
a seal,768,an ostrich a whale,0
a seal,768,a penguin a salmon,0
a seal,768,a penguin a dolphin,0
a seal,768,a penguin a whale,0
a seal,768,a salmon a dolphin,0
a seal,768,a salmon a whale,0
a seal,768,a dolphin a whale,0
a finch,769,a robin a chicken,0
a finch,769,a robin an eagle,0
a finch,769,a robin an ostrich,0
a finch,769,a robin a penguin,0
a finch,769,a robin a salmon,0
a finch,769,a robin a seal,0
a finch,769,a robin a dolphin,0
a finch,769,a robin a whale,0
a finch,769,a chicken an eagle,0
a finch,769,a chicken an ostrich,0
a finch,769,a chicken a penguin,0
a finch,769,a chicken a salmon,0
a finch,769,a chicken a seal,0
a finch,769,a chicken a dolphin,0
a finch,769,a chicken a whale,0
a finch,769,an eagle an ostrich,0
a finch,769,an eagle a penguin,0
a finch,769,an eagle a salmon,0
a finch,769,an eagle a seal,0
a finch,769,an eagle a dolphin,0
a finch,769,an eagle a whale,0
a finch,769,an ostrich a penguin,0
a finch,769,an ostrich a salmon,0
a finch,769,an ostrich a seal,0
a finch,769,an ostrich a dolphin,0
a finch,769,an ostrich a whale,0
a finch,769,a penguin a salmon,0
a finch,769,a penguin a seal,0
a finch,769,a penguin a dolphin,0
a finch,769,a penguin a whale,0
a finch,769,a salmon a seal,0
a finch,769,a salmon a dolphin,0
a finch,769,a salmon a whale,0
a finch,769,a seal a dolphin,0
a finch,769,a seal a whale,0
a finch,769,a dolphin a whale,0
a whale,770,a finch a robin,0
a whale,770,a finch a chicken,0
a whale,770,a finch an eagle,0
a whale,770,a finch an ostrich,0
a whale,770,a finch a penguin,0
a whale,770,a finch a salmon,0
a whale,770,a finch a seal,1
a whale,770,a finch a dolphin,0
a whale,770,a robin a chicken,0
a whale,770,a robin an eagle,0
a whale,770,a robin an ostrich,0
a whale,770,a robin a penguin,0
a whale,770,a robin a salmon,1
a whale,770,a robin a seal,0
a whale,770,a robin a dolphin,0
a whale,770,a chicken an eagle,0
a whale,770,a chicken an ostrich,0
a whale,770,a chicken a penguin,0
a whale,770,a chicken a salmon,0
a whale,770,a chicken a seal,0
a whale,770,a chicken a dolphin,0
a whale,770,an eagle an ostrich,0
a whale,770,an eagle a penguin,0
a whale,770,an eagle a salmon,1
a whale,770,an eagle a seal,1
a whale,770,an eagle a dolphin,0
a whale,770,an ostrich a penguin,0
a whale,770,an ostrich a salmon,0
a whale,770,an ostrich a seal,1
a whale,770,an ostrich a dolphin,0
a whale,770,a penguin a salmon,0
a whale,770,a penguin a seal,1
a whale,770,a penguin a dolphin,0
a whale,770,a salmon a seal,1
a whale,770,a salmon a dolphin,0
a whale,770,a seal a dolphin,0
an eagle,771,a finch a robin,0
an eagle,771,a finch a chicken,0
an eagle,771,a finch an ostrich,0
an eagle,771,a finch a penguin,0
an eagle,771,a finch a salmon,0
an eagle,771,a finch a seal,0
an eagle,771,a finch a dolphin,0
an eagle,771,a finch a whale,0
an eagle,771,a robin a chicken,0
an eagle,771,a robin an ostrich,1
an eagle,771,a robin a penguin,0
an eagle,771,a robin a salmon,0
an eagle,771,a robin a seal,0
an eagle,771,a robin a dolphin,0
an eagle,771,a robin a whale,0
an eagle,771,a chicken an ostrich,0
an eagle,771,a chicken a penguin,0
an eagle,771,a chicken a salmon,0
an eagle,771,a chicken a seal,0
an eagle,771,a chicken a dolphin,0
an eagle,771,a chicken a whale,0
an eagle,771,an ostrich a penguin,0
an eagle,771,an ostrich a salmon,0
an eagle,771,an ostrich a seal,0
an eagle,771,an ostrich a dolphin,0
an eagle,771,an ostrich a whale,0
an eagle,771,a penguin a salmon,0
an eagle,771,a penguin a whale,0
an eagle,771,a salmon a seal,0
an eagle,771,a salmon a dolphin,0
an eagle,771,a salmon a whale,0
an eagle,771,a seal a dolphin,0
an eagle,771,a dolphin a whale,0
a finch,772,a robin a chicken,0
a finch,772,a robin an eagle,0
a finch,772,a robin an ostrich,0
a finch,772,a robin a penguin,0
a finch,772,a robin a salmon,0
a finch,772,a robin a seal,0
a finch,772,a robin a dolphin,0
a finch,772,a robin a whale,0
a finch,772,a chicken an eagle,0
a finch,772,a chicken an ostrich,0
a finch,772,a chicken a penguin,0
a finch,772,a chicken a salmon,0
a finch,772,a chicken a seal,0
a finch,772,a chicken a dolphin,0
a finch,772,a chicken a whale,0
a finch,772,an eagle an ostrich,0
a finch,772,an eagle a penguin,0
a finch,772,an eagle a salmon,0
a finch,772,an eagle a seal,0
a finch,772,an eagle a dolphin,0
a finch,772,an eagle a whale,0
a finch,772,an ostrich a penguin,0
a finch,772,an ostrich a salmon,0
a finch,772,an ostrich a seal,0
a finch,772,an ostrich a dolphin,0
a finch,772,an ostrich a whale,0
a finch,772,a penguin a salmon,0
a finch,772,a penguin a seal,0
a finch,772,a penguin a dolphin,0
a finch,772,a penguin a whale,0
a finch,772,a salmon a seal,0
a finch,772,a salmon a dolphin,0
a finch,772,a salmon a whale,0
a finch,772,a seal a dolphin,0
a finch,772,a seal a whale,0
a finch,772,a dolphin a whale,0
a seal,773,a finch a robin,0
a seal,773,a finch a chicken,0
a seal,773,a finch an eagle,0
a seal,773,a finch an ostrich,0
a seal,773,a finch a penguin,0
a seal,773,a finch a salmon,0
a seal,773,a finch a dolphin,0
a seal,773,a finch a whale,0
a seal,773,a robin a chicken,0
a seal,773,a robin an eagle,0
a seal,773,a robin an ostrich,0
a seal,773,a robin a penguin,0
a seal,773,a robin a salmon,0
a seal,773,a robin a dolphin,0
a seal,773,a robin a whale,0
a seal,773,a chicken an eagle,0
a seal,773,a chicken an ostrich,0
a seal,773,a chicken a penguin,0
a seal,773,a chicken a salmon,0
a seal,773,a chicken a dolphin,0
a seal,773,a chicken a whale,0
a seal,773,an eagle an ostrich,0
a seal,773,an eagle a penguin,0
a seal,773,an eagle a salmon,1
a seal,773,an eagle a dolphin,0
a seal,773,an eagle a whale,1
a seal,773,an ostrich a penguin,0
a seal,773,an ostrich a salmon,0
a seal,773,an ostrich a dolphin,0
a seal,773,an ostrich a whale,1
a seal,773,a penguin a salmon,0
a seal,773,a penguin a dolphin,0
a seal,773,a penguin a whale,0
a seal,773,a salmon a dolphin,0
a seal,773,a salmon a whale,0
a seal,773,a dolphin a whale,0
a finch,774,a robin a chicken,1
a finch,774,a robin an eagle,0
a finch,774,a robin an ostrich,0
a finch,774,a robin a penguin,0
a finch,774,a robin a salmon,0
a finch,774,a robin a seal,0
a finch,774,a robin a dolphin,0
a finch,774,a robin a whale,0
a finch,774,a chicken an eagle,0
a finch,774,a chicken an ostrich,0
a finch,774,a chicken a salmon,0
a finch,774,a chicken a seal,0
a finch,774,a chicken a dolphin,0
a finch,774,a chicken a whale,0
a finch,774,an eagle an ostrich,0
a finch,774,an eagle a penguin,0
a finch,774,an eagle a salmon,0
a finch,774,an eagle a seal,0
a finch,774,an eagle a dolphin,0
a finch,774,an eagle a whale,0
a finch,774,an ostrich a penguin,0
a finch,774,an ostrich a salmon,0
a finch,774,an ostrich a seal,0
a finch,774,an ostrich a dolphin,0
a finch,774,an ostrich a whale,0
a finch,774,a penguin a salmon,0
a finch,774,a penguin a seal,0
a finch,774,a penguin a dolphin,0
a finch,774,a penguin a whale,0
a finch,774,a salmon a seal,0
a finch,774,a salmon a dolphin,0
a finch,774,a salmon a whale,0
a finch,774,a seal a dolphin,0
a finch,774,a seal a whale,0
a finch,774,a dolphin a whale,0
a chicken,775,a finch a robin,0
a chicken,775,a finch an eagle,0
a chicken,775,a finch an ostrich,0
a chicken,775,a finch a penguin,0
a chicken,775,a finch a salmon,0
a chicken,775,a finch a seal,0
a chicken,775,a finch a dolphin,0
a chicken,775,a finch a whale,0
a chicken,775,a robin an eagle,0
a chicken,775,a robin an ostrich,0
a chicken,775,a robin a penguin,0
a chicken,775,a robin a salmon,0
a chicken,775,a robin a seal,0
a chicken,775,a robin a dolphin,0
a chicken,775,a robin a whale,0
a chicken,775,an eagle a penguin,0
a chicken,775,an eagle a salmon,0
a chicken,775,an eagle a seal,0
a chicken,775,an eagle a dolphin,0
a chicken,775,an eagle a whale,0
a chicken,775,an ostrich a penguin,0
a chicken,775,an ostrich a salmon,0
a chicken,775,an ostrich a seal,0
a chicken,775,an ostrich a dolphin,0
a chicken,775,an ostrich a whale,0
a chicken,775,a penguin a salmon,0
a chicken,775,a penguin a seal,0
a chicken,775,a penguin a dolphin,0
a chicken,775,a penguin a whale,0
a chicken,775,a salmon a seal,0
a chicken,775,a salmon a dolphin,0
a chicken,775,a salmon a whale,0
a chicken,775,a seal a dolphin,0
a chicken,775,a seal a whale,0
a chicken,775,a dolphin a whale,0
an eagle,776,a finch a robin,0
an eagle,776,a finch a chicken,0
an eagle,776,a finch an ostrich,0
an eagle,776,a finch a penguin,0
an eagle,776,a finch a salmon,0
an eagle,776,a finch a seal,0
an eagle,776,a finch a dolphin,0
an eagle,776,a finch a whale,0
an eagle,776,a robin a chicken,0
an eagle,776,a robin an ostrich,0
an eagle,776,a robin a penguin,0
an eagle,776,a robin a salmon,0
an eagle,776,a robin a seal,0
an eagle,776,a robin a dolphin,0
an eagle,776,a robin a whale,0
an eagle,776,a chicken an ostrich,0
an eagle,776,a chicken a penguin,0
an eagle,776,a chicken a salmon,0
an eagle,776,a chicken a seal,0
an eagle,776,a chicken a dolphin,0
an eagle,776,a chicken a whale,0
an eagle,776,an ostrich a salmon,0
an eagle,776,an ostrich a seal,0
an eagle,776,an ostrich a dolphin,0
an eagle,776,an ostrich a whale,0
an eagle,776,a penguin a salmon,0
an eagle,776,a penguin a seal,0
an eagle,776,a penguin a whale,0
an eagle,776,a salmon a seal,0
an eagle,776,a salmon a dolphin,0
an eagle,776,a salmon a whale,1
an eagle,776,a seal a dolphin,0
an eagle,776,a seal a whale,0
an eagle,776,a dolphin a whale,0
a seal,777,a finch a robin,0
a seal,777,a finch a chicken,0
a seal,777,a finch an ostrich,0
a seal,777,a finch a penguin,0
a seal,777,a finch a salmon,0
a seal,777,a finch a dolphin,0
a seal,777,a finch a whale,0
a seal,777,a robin a chicken,0
a seal,777,a robin an eagle,0
a seal,777,a robin an ostrich,0
a seal,777,a robin a penguin,0
a seal,777,a robin a salmon,0
a seal,777,a robin a dolphin,0
a seal,777,a robin a whale,0
a seal,777,a chicken an eagle,0
a seal,777,a chicken an ostrich,0
a seal,777,a chicken a penguin,0
a seal,777,a chicken a salmon,1
a seal,777,a chicken a dolphin,0
a seal,777,a chicken a whale,0
a seal,777,an eagle an ostrich,0
a seal,777,an eagle a penguin,0
a seal,777,an eagle a salmon,0
a seal,777,an eagle a dolphin,0
a seal,777,an eagle a whale,0
a seal,777,an ostrich a penguin,0
a seal,777,an ostrich a salmon,0
a seal,777,an ostrich a dolphin,0
a seal,777,an ostrich a whale,1
a seal,777,a penguin a salmon,0
a seal,777,a penguin a dolphin,0
a seal,777,a penguin a whale,0
a seal,777,a salmon a dolphin,0
a seal,777,a salmon a whale,0
a seal,777,a dolphin a whale,0
a penguin,778,a finch a robin,0
a penguin,778,a finch a chicken,1
a penguin,778,a finch an eagle,0
a penguin,778,a finch an ostrich,0
a penguin,778,a finch a salmon,0
a penguin,778,a finch a seal,1
a penguin,778,a finch a dolphin,0
a penguin,778,a finch a whale,0
a penguin,778,a robin a chicken,0
a penguin,778,a robin an eagle,0
a penguin,778,a robin an ostrich,0
a penguin,778,a robin a salmon,0
a penguin,778,a robin a seal,1
a penguin,778,a robin a dolphin,0
a penguin,778,a robin a whale,0
a penguin,778,a chicken an eagle,0
a penguin,778,a chicken an ostrich,0
a penguin,778,a chicken a salmon,0
a penguin,778,a chicken a seal,0
a penguin,778,a chicken a dolphin,0
a penguin,778,a chicken a whale,0
a penguin,778,an eagle an ostrich,0
a penguin,778,an eagle a salmon,1
a penguin,778,an eagle a seal,0
a penguin,778,an eagle a dolphin,0
a penguin,778,an eagle a whale,1
a penguin,778,an ostrich a salmon,0
a penguin,778,an ostrich a seal,0
a penguin,778,an ostrich a dolphin,0
a penguin,778,an ostrich a whale,0
a penguin,778,a salmon a seal,1
a penguin,778,a salmon a dolphin,0
a penguin,778,a salmon a whale,0
a penguin,778,a seal a dolphin,0
a penguin,778,a seal a whale,0
a penguin,778,a dolphin a whale,0
a whale,779,a finch a robin,0
a whale,779,a finch a chicken,0
a whale,779,a finch an eagle,0
a whale,779,a finch an ostrich,0
a whale,779,a finch a penguin,0
a whale,779,a finch a salmon,0
a whale,779,a finch a seal,0
a whale,779,a finch a dolphin,0
a whale,779,a robin a chicken,0
a whale,779,a robin an eagle,0
a whale,779,a robin an ostrich,0
a whale,779,a robin a penguin,0
a whale,779,a robin a salmon,0
a whale,779,a robin a seal,0
a whale,779,a robin a dolphin,0
a whale,779,a chicken an eagle,0
a whale,779,a chicken an ostrich,0
a whale,779,a chicken a penguin,0
a whale,779,a chicken a salmon,0
a whale,779,a chicken a seal,1
a whale,779,a chicken a dolphin,0
a whale,779,an eagle an ostrich,0
a whale,779,an eagle a penguin,0
a whale,779,an eagle a salmon,0
a whale,779,an eagle a seal,1
a whale,779,an eagle a dolphin,0
a whale,779,an ostrich a penguin,0
a whale,779,an ostrich a salmon,0
a whale,779,an ostrich a seal,1
a whale,779,a penguin a salmon,0
a whale,779,a penguin a seal,0
a whale,779,a penguin a dolphin,1
a whale,779,a salmon a seal,1
a whale,779,a salmon a dolphin,0
a whale,779,a seal a dolphin,0
a salmon,780,a finch a robin,0
a salmon,780,a finch a chicken,0
a salmon,780,a finch an eagle,0
a salmon,780,a finch an ostrich,0
a salmon,780,a finch a penguin,0
a salmon,780,a finch a seal,0
a salmon,780,a finch a dolphin,0
a salmon,780,a finch a whale,0
a salmon,780,a robin a chicken,1
a salmon,780,a robin an eagle,0
a salmon,780,a robin an ostrich,0
a salmon,780,a robin a penguin,0
a salmon,780,a robin a seal,0
a salmon,780,a robin a dolphin,0
a salmon,780,a robin a whale,1
a salmon,780,a chicken an eagle,0
a salmon,780,a chicken an ostrich,0
a salmon,780,a chicken a penguin,0
a salmon,780,a chicken a seal,0
a salmon,780,a chicken a dolphin,0
a salmon,780,a chicken a whale,0
a salmon,780,an eagle an ostrich,0
a salmon,780,an eagle a penguin,0
a salmon,780,an eagle a seal,1
a salmon,780,an eagle a dolphin,0
a salmon,780,an eagle a whale,0
a salmon,780,an ostrich a penguin,0
a salmon,780,an ostrich a seal,1
a salmon,780,an ostrich a dolphin,0
a salmon,780,a penguin a seal,1
a salmon,780,a penguin a dolphin,0
a salmon,780,a penguin a whale,0
a salmon,780,a seal a dolphin,0
a salmon,780,a seal a whale,0
a seal,781,a finch a robin,0
a seal,781,a finch a chicken,0
a seal,781,a finch an eagle,0
a seal,781,a finch an ostrich,0
a seal,781,a finch a penguin,0
a seal,781,a finch a salmon,0
a seal,781,a finch a dolphin,0
a seal,781,a finch a whale,0
a seal,781,a robin a chicken,0
a seal,781,a robin an eagle,0
a seal,781,a robin an ostrich,0
a seal,781,a robin a penguin,0
a seal,781,a robin a salmon,0
a seal,781,a robin a dolphin,0
a seal,781,a robin a whale,1
a seal,781,a chicken an eagle,0
a seal,781,a chicken an ostrich,0
a seal,781,a chicken a penguin,0
a seal,781,a chicken a dolphin,0
a seal,781,a chicken a whale,0
a seal,781,an eagle an ostrich,0
a seal,781,an eagle a penguin,0
a seal,781,an eagle a salmon,0
a seal,781,an eagle a dolphin,0
a seal,781,an eagle a whale,0
a seal,781,an ostrich a penguin,0
a seal,781,an ostrich a salmon,0
a seal,781,an ostrich a dolphin,0
a seal,781,an ostrich a whale,1
a seal,781,a penguin a salmon,0
a seal,781,a penguin a dolphin,0
a seal,781,a penguin a whale,0
a seal,781,a salmon a dolphin,0
a seal,781,a salmon a whale,0
a seal,781,a dolphin a whale,0
a robin,782,a finch a chicken,0
a robin,782,a finch an eagle,0
a robin,782,a finch an ostrich,0
a robin,782,a finch a penguin,0
a robin,782,a finch a salmon,0
a robin,782,a finch a seal,0
a robin,782,a finch a dolphin,0
a robin,782,a finch a whale,0
a robin,782,a chicken an eagle,0
a robin,782,a chicken an ostrich,0
a robin,782,a chicken a penguin,0
a robin,782,a chicken a salmon,0
a robin,782,a chicken a seal,0
a robin,782,a chicken a dolphin,0
a robin,782,a chicken a whale,0
a robin,782,an eagle an ostrich,0
a robin,782,an eagle a penguin,0
a robin,782,an eagle a salmon,1
a robin,782,an eagle a seal,0
a robin,782,an eagle a dolphin,0
a robin,782,an eagle a whale,0
a robin,782,an ostrich a penguin,0
a robin,782,an ostrich a salmon,0
a robin,782,an ostrich a seal,0
a robin,782,an ostrich a dolphin,0
a robin,782,an ostrich a whale,0
a robin,782,a penguin a salmon,1
a robin,782,a penguin a seal,0
a robin,782,a penguin a dolphin,0
a robin,782,a penguin a whale,0
a robin,782,a salmon a seal,0
a robin,782,a salmon a dolphin,0
a robin,782,a salmon a whale,0
a robin,782,a seal a dolphin,0
a robin,782,a seal a whale,0
a robin,782,a dolphin a whale,0
a whale,783,a finch a robin,0
a whale,783,a finch a chicken,0
a whale,783,a finch an eagle,0
a whale,783,a finch an ostrich,0
a whale,783,a finch a penguin,0
a whale,783,a finch a salmon,1
a whale,783,a finch a seal,0
a whale,783,a finch a dolphin,0
a whale,783,a robin a chicken,1
a whale,783,a robin an eagle,0
a whale,783,a robin an ostrich,0
a whale,783,a robin a penguin,0
a whale,783,a robin a salmon,0
a whale,783,a robin a seal,0
a whale,783,a robin a dolphin,0
a whale,783,a chicken an eagle,0
a whale,783,a chicken an ostrich,0
a whale,783,a chicken a penguin,0
a whale,783,a chicken a salmon,0
a whale,783,a chicken a seal,0
a whale,783,a chicken a dolphin,0
a whale,783,an eagle a penguin,0
a whale,783,an eagle a salmon,0
a whale,783,an eagle a seal,1
a whale,783,an eagle a dolphin,0
a whale,783,an ostrich a salmon,0
a whale,783,an ostrich a seal,1
a whale,783,an ostrich a dolphin,0
a whale,783,a penguin a salmon,0
a whale,783,a penguin a seal,0
a whale,783,a penguin a dolphin,0
a whale,783,a salmon a seal,0
a whale,783,a salmon a dolphin,0
a whale,783,a seal a dolphin,0
a seal,784,a finch a robin,0
a seal,784,a finch a chicken,0
a seal,784,a finch an eagle,0
a seal,784,a finch an ostrich,0
a seal,784,a finch a penguin,0
a seal,784,a finch a dolphin,0
a seal,784,a finch a whale,0
a seal,784,a robin a chicken,0
a seal,784,a robin an eagle,0
a seal,784,a robin an ostrich,0
a seal,784,a robin a penguin,0
a seal,784,a robin a salmon,0
a seal,784,a robin a dolphin,0
a seal,784,a robin a whale,0
a seal,784,a chicken an eagle,0
a seal,784,a chicken an ostrich,0
a seal,784,a chicken a penguin,0
a seal,784,a chicken a salmon,0
a seal,784,a chicken a dolphin,0
a seal,784,a chicken a whale,0
a seal,784,an eagle an ostrich,0
a seal,784,an eagle a penguin,0
a seal,784,an eagle a salmon,0
a seal,784,an eagle a dolphin,0
a seal,784,an eagle a whale,0
a seal,784,an ostrich a penguin,0
a seal,784,an ostrich a salmon,0
a seal,784,an ostrich a dolphin,0
a seal,784,an ostrich a whale,0
a seal,784,a penguin a salmon,0
a seal,784,a penguin a dolphin,0
a seal,784,a penguin a whale,0
a seal,784,a salmon a dolphin,0
a seal,784,a salmon a whale,0
a seal,784,a dolphin a whale,0
a chicken,785,a finch a robin,0
a chicken,785,a finch an eagle,0
a chicken,785,a finch an ostrich,0
a chicken,785,a finch a penguin,0
a chicken,785,a finch a salmon,0
a chicken,785,a finch a seal,0
a chicken,785,a finch a dolphin,0
a chicken,785,a finch a whale,0
a chicken,785,a robin an eagle,1
a chicken,785,a robin an ostrich,0
a chicken,785,a robin a penguin,0
a chicken,785,a robin a salmon,0
a chicken,785,a robin a seal,0
a chicken,785,a robin a dolphin,0
a chicken,785,a robin a whale,0
a chicken,785,an eagle an ostrich,0
a chicken,785,an eagle a penguin,0
a chicken,785,an eagle a salmon,0
a chicken,785,an eagle a seal,0
a chicken,785,an eagle a dolphin,0
a chicken,785,an eagle a whale,0
a chicken,785,an ostrich a penguin,0
a chicken,785,an ostrich a salmon,0
a chicken,785,an ostrich a seal,0
a chicken,785,an ostrich a dolphin,0
a chicken,785,an ostrich a whale,0
a chicken,785,a penguin a salmon,0
a chicken,785,a penguin a seal,0
a chicken,785,a penguin a dolphin,0
a chicken,785,a penguin a whale,0
a chicken,785,a salmon a seal,0
a chicken,785,a salmon a dolphin,0
a chicken,785,a salmon a whale,0
a chicken,785,a seal a dolphin,0
a chicken,785,a seal a whale,0
a chicken,785,a dolphin a whale,0
a salmon,786,a finch a robin,0
a salmon,786,a finch a chicken,0
a salmon,786,a finch an eagle,0
a salmon,786,a finch an ostrich,0
a salmon,786,a finch a penguin,0
a salmon,786,a finch a seal,1
a salmon,786,a finch a dolphin,0
a salmon,786,a finch a whale,0
a salmon,786,a robin a chicken,1
a salmon,786,a robin an eagle,0
a salmon,786,a robin an ostrich,0
a salmon,786,a robin a penguin,0
a salmon,786,a robin a seal,1
a salmon,786,a robin a dolphin,0
a salmon,786,a robin a whale,0
a salmon,786,a chicken an eagle,0
a salmon,786,a chicken an ostrich,0
a salmon,786,a chicken a penguin,0
a salmon,786,a chicken a seal,1
a salmon,786,a chicken a dolphin,0
a salmon,786,a chicken a whale,0
a salmon,786,an eagle an ostrich,0
a salmon,786,an eagle a penguin,0
a salmon,786,an eagle a seal,1
a salmon,786,an eagle a dolphin,0
a salmon,786,an eagle a whale,1
a salmon,786,an ostrich a penguin,0
a salmon,786,an ostrich a seal,1
a salmon,786,an ostrich a dolphin,1
a salmon,786,an ostrich a whale,0
a salmon,786,a penguin a seal,0
a salmon,786,a penguin a dolphin,0
a salmon,786,a penguin a whale,1
a salmon,786,a seal a whale,0
a salmon,786,a dolphin a whale,0
a chicken,787,a finch a robin,0
a chicken,787,a finch an eagle,0
a chicken,787,a finch an ostrich,0
a chicken,787,a finch a penguin,0
a chicken,787,a finch a salmon,0
a chicken,787,a finch a seal,0
a chicken,787,a finch a dolphin,0
a chicken,787,a finch a whale,0
a chicken,787,a robin an eagle,0
a chicken,787,a robin an ostrich,0
a chicken,787,a robin a penguin,0
a chicken,787,a robin a salmon,0
a chicken,787,a robin a seal,0
a chicken,787,a robin a dolphin,0
a chicken,787,a robin a whale,0
a chicken,787,an eagle an ostrich,0
a chicken,787,an eagle a penguin,0
a chicken,787,an eagle a salmon,0
a chicken,787,an eagle a seal,0
a chicken,787,an eagle a dolphin,0
a chicken,787,an eagle a whale,0
a chicken,787,an ostrich a penguin,0
a chicken,787,an ostrich a salmon,0
a chicken,787,an ostrich a seal,0
a chicken,787,an ostrich a dolphin,0
a chicken,787,an ostrich a whale,0
a chicken,787,a penguin a salmon,0
a chicken,787,a penguin a dolphin,0
a chicken,787,a penguin a whale,0
a chicken,787,a salmon a dolphin,0
a chicken,787,a salmon a whale,0
a chicken,787,a seal a dolphin,0
a chicken,787,a seal a whale,0
a chicken,787,a dolphin a whale,0
a salmon,788,a finch a robin,0
a salmon,788,a finch a chicken,1
a salmon,788,a finch an eagle,0
a salmon,788,a finch an ostrich,0
a salmon,788,a finch a penguin,0
a salmon,788,a finch a seal,1
a salmon,788,a finch a dolphin,0
a salmon,788,a finch a whale,0
a salmon,788,a robin a chicken,0
a salmon,788,a robin an eagle,0
a salmon,788,a robin an ostrich,0
a salmon,788,a robin a penguin,0
a salmon,788,a robin a seal,0
a salmon,788,a robin a dolphin,1
a salmon,788,a robin a whale,0
a salmon,788,a chicken an eagle,0
a salmon,788,a chicken an ostrich,0
a salmon,788,a chicken a penguin,0
a salmon,788,a chicken a seal,1
a salmon,788,a chicken a dolphin,0
a salmon,788,a chicken a whale,0
a salmon,788,an eagle an ostrich,0
a salmon,788,an eagle a penguin,0
a salmon,788,an eagle a seal,0
a salmon,788,an eagle a dolphin,0
a salmon,788,an eagle a whale,1
a salmon,788,an ostrich a dolphin,0
a salmon,788,an ostrich a whale,0
a salmon,788,a penguin a seal,1
a salmon,788,a penguin a dolphin,1
a salmon,788,a penguin a whale,1
a salmon,788,a seal a dolphin,0
a salmon,788,a seal a whale,0
a salmon,788,a dolphin a whale,0
a robin,789,a finch a chicken,0
a robin,789,a finch an eagle,0
a robin,789,a finch an ostrich,0
a robin,789,a finch a penguin,0
a robin,789,a finch a salmon,0
a robin,789,a finch a seal,0
a robin,789,a finch a dolphin,0
a robin,789,a finch a whale,0
a robin,789,a chicken an eagle,0
a robin,789,a chicken an ostrich,0
a robin,789,a chicken a penguin,0
a robin,789,a chicken a salmon,0
a robin,789,a chicken a seal,0
a robin,789,a chicken a dolphin,0
a robin,789,a chicken a whale,0
a robin,789,an eagle an ostrich,0
a robin,789,an eagle a penguin,0
a robin,789,an eagle a salmon,0
a robin,789,an eagle a seal,0
a robin,789,an eagle a dolphin,0
a robin,789,an eagle a whale,1
a robin,789,an ostrich a penguin,0
a robin,789,an ostrich a salmon,0
a robin,789,an ostrich a seal,0
a robin,789,an ostrich a dolphin,0
a robin,789,an ostrich a whale,0
a robin,789,a penguin a salmon,0
a robin,789,a penguin a seal,0
a robin,789,a penguin a dolphin,0
a robin,789,a penguin a whale,0
a robin,789,a salmon a seal,0
a robin,789,a salmon a dolphin,0
a robin,789,a salmon a whale,0
a robin,789,a seal a dolphin,0
a robin,789,a seal a whale,0
a robin,789,a dolphin a whale,0
a whale,790,a finch a robin,0
a whale,790,a finch a chicken,0
a whale,790,a finch an eagle,0
a whale,790,a finch an ostrich,0
a whale,790,a finch a penguin,0
a whale,790,a finch a salmon,1
a whale,790,a finch a seal,1
a whale,790,a finch a dolphin,0
a whale,790,a robin a chicken,1
a whale,790,a robin an eagle,0
a whale,790,a robin an ostrich,0
a whale,790,a robin a penguin,0
a whale,790,a robin a salmon,1
a whale,790,a robin a seal,0
a whale,790,a robin a dolphin,0
a whale,790,a chicken an eagle,0
a whale,790,a chicken an ostrich,0
a whale,790,a chicken a penguin,0
a whale,790,a chicken a salmon,0
a whale,790,a chicken a seal,0
a whale,790,a chicken a dolphin,0
a whale,790,an eagle an ostrich,0
a whale,790,an eagle a penguin,0
a whale,790,an eagle a salmon,0
a whale,790,an eagle a seal,1
a whale,790,an eagle a dolphin,0
a whale,790,an ostrich a penguin,0
a whale,790,an ostrich a salmon,0
a whale,790,an ostrich a seal,0
a whale,790,an ostrich a dolphin,0
a whale,790,a penguin a salmon,0
a whale,790,a penguin a seal,1
a whale,790,a penguin a dolphin,1
a whale,790,a salmon a seal,1
a whale,790,a salmon a dolphin,0
a whale,790,a seal a dolphin,0
a penguin,791,a finch a robin,0
a penguin,791,a finch a chicken,0
a penguin,791,a finch an eagle,0
a penguin,791,a finch an ostrich,0
a penguin,791,a finch a salmon,0
a penguin,791,a finch a seal,0
a penguin,791,a finch a dolphin,0
a penguin,791,a finch a whale,0
a penguin,791,a robin a chicken,1
a penguin,791,a robin an eagle,0
a penguin,791,a robin an ostrich,0
a penguin,791,a robin a salmon,0
a penguin,791,a robin a seal,1
a penguin,791,a robin a dolphin,0
a penguin,791,a robin a whale,0
a penguin,791,a chicken an eagle,0
a penguin,791,a chicken a salmon,0
a penguin,791,a chicken a seal,1
a penguin,791,a chicken a dolphin,0
a penguin,791,a chicken a whale,0
a penguin,791,an eagle an ostrich,0
a penguin,791,an eagle a salmon,0
a penguin,791,an eagle a seal,1
a penguin,791,an eagle a dolphin,0
a penguin,791,an eagle a whale,1
a penguin,791,an ostrich a salmon,0
a penguin,791,an ostrich a seal,1
a penguin,791,an ostrich a dolphin,0
a penguin,791,an ostrich a whale,1
a penguin,791,a salmon a seal,1
a penguin,791,a salmon a dolphin,0
a penguin,791,a salmon a whale,0
a penguin,791,a seal a dolphin,0
a penguin,791,a seal a whale,0
a penguin,791,a dolphin a whale,0
a chicken,792,a finch a robin,0
a chicken,792,a finch an eagle,0
a chicken,792,a finch an ostrich,0
a chicken,792,a finch a penguin,0
a chicken,792,a finch a salmon,0
a chicken,792,a finch a seal,0
a chicken,792,a finch a dolphin,0
a chicken,792,a finch a whale,0
a chicken,792,a robin an eagle,0
a chicken,792,a robin an ostrich,0
a chicken,792,a robin a penguin,0
a chicken,792,a robin a salmon,0
a chicken,792,a robin a seal,0
a chicken,792,a robin a dolphin,0
a chicken,792,a robin a whale,0
a chicken,792,an eagle an ostrich,0
a chicken,792,an eagle a penguin,0
a chicken,792,an eagle a salmon,0
a chicken,792,an eagle a seal,0
a chicken,792,an eagle a dolphin,0
a chicken,792,an eagle a whale,0
a chicken,792,an ostrich a penguin,0
a chicken,792,an ostrich a salmon,0
a chicken,792,an ostrich a seal,0
a chicken,792,an ostrich a dolphin,0
a chicken,792,an ostrich a whale,0
a chicken,792,a penguin a salmon,1
a chicken,792,a penguin a seal,0
a chicken,792,a penguin a dolphin,0
a chicken,792,a penguin a whale,0
a chicken,792,a salmon a seal,0
a chicken,792,a salmon a dolphin,0
a chicken,792,a salmon a whale,0
a chicken,792,a seal a dolphin,0
a chicken,792,a seal a whale,0
a chicken,792,a dolphin a whale,0
a chicken,793,a finch a robin,0
a chicken,793,a finch an eagle,0
a chicken,793,a finch an ostrich,0
a chicken,793,a finch a penguin,0
a chicken,793,a finch a salmon,0
a chicken,793,a finch a seal,0
a chicken,793,a finch a dolphin,0
a chicken,793,a finch a whale,0
a chicken,793,a robin an eagle,0
a chicken,793,a robin an ostrich,0
a chicken,793,a robin a penguin,0
a chicken,793,a robin a salmon,0
a chicken,793,a robin a dolphin,0
a chicken,793,a robin a whale,0
a chicken,793,an eagle an ostrich,0
a chicken,793,an eagle a penguin,0
a chicken,793,an eagle a salmon,0
a chicken,793,an eagle a seal,0
a chicken,793,an eagle a dolphin,0
a chicken,793,an eagle a whale,0
a chicken,793,an ostrich a penguin,0
a chicken,793,an ostrich a salmon,0
a chicken,793,an ostrich a seal,0
a chicken,793,an ostrich a dolphin,0
a chicken,793,an ostrich a whale,0
a chicken,793,a penguin a salmon,0
a chicken,793,a penguin a seal,0
a chicken,793,a penguin a dolphin,0
a chicken,793,a penguin a whale,0
a chicken,793,a salmon a seal,0
a chicken,793,a salmon a dolphin,0
a chicken,793,a salmon a whale,0
a chicken,793,a seal a dolphin,0
a chicken,793,a seal a whale,0
a chicken,793,a dolphin a whale,0
a dolphin,794,a finch a robin,0
a dolphin,794,a finch a chicken,0
a dolphin,794,a finch an eagle,0
a dolphin,794,a finch an ostrich,0
a dolphin,794,a finch a penguin,0
a dolphin,794,a finch a salmon,0
a dolphin,794,a finch a seal,1
a dolphin,794,a finch a whale,0
a dolphin,794,a robin an eagle,0
a dolphin,794,a robin an ostrich,0
a dolphin,794,a robin a penguin,0
a dolphin,794,a robin a salmon,1
a dolphin,794,a robin a seal,1
a dolphin,794,a robin a whale,0
a dolphin,794,a chicken an eagle,0
a dolphin,794,a chicken an ostrich,0
a dolphin,794,a chicken a penguin,0
a dolphin,794,a chicken a salmon,0
a dolphin,794,a chicken a seal,1
a dolphin,794,a chicken a whale,0
a dolphin,794,an eagle an ostrich,0
a dolphin,794,an eagle a penguin,0
a dolphin,794,an eagle a salmon,1
a dolphin,794,an eagle a seal,1
a dolphin,794,an eagle a whale,1
a dolphin,794,an ostrich a penguin,0
a dolphin,794,an ostrich a salmon,0
a dolphin,794,an ostrich a seal,0
a dolphin,794,an ostrich a whale,0
a dolphin,794,a penguin a salmon,0
a dolphin,794,a penguin a seal,1
a dolphin,794,a penguin a whale,0
a dolphin,794,a salmon a seal,0
a dolphin,794,a salmon a whale,1
a dolphin,794,a seal a whale,0
a salmon,795,a finch a robin,0
a salmon,795,a finch a chicken,0
a salmon,795,a finch an eagle,0
a salmon,795,a finch an ostrich,0
a salmon,795,a finch a penguin,0
a salmon,795,a finch a seal,0
a salmon,795,a finch a dolphin,0
a salmon,795,a finch a whale,0
a salmon,795,a robin a chicken,1
a salmon,795,a robin an eagle,1
a salmon,795,a robin an ostrich,0
a salmon,795,a robin a penguin,0
a salmon,795,a robin a seal,0
a salmon,795,a robin a dolphin,0
a salmon,795,a robin a whale,0
a salmon,795,a chicken an eagle,1
a salmon,795,a chicken an ostrich,0
a salmon,795,a chicken a penguin,0
a salmon,795,a chicken a seal,0
a salmon,795,a chicken a dolphin,0
a salmon,795,a chicken a whale,0
a salmon,795,an eagle an ostrich,0
a salmon,795,an eagle a penguin,0
a salmon,795,an eagle a seal,1
a salmon,795,an eagle a dolphin,0
a salmon,795,an eagle a whale,1
a salmon,795,an ostrich a penguin,0
a salmon,795,an ostrich a seal,0
a salmon,795,an ostrich a whale,0
a salmon,795,a penguin a seal,1
a salmon,795,a penguin a dolphin,1
a salmon,795,a penguin a whale,0
a salmon,795,a seal a dolphin,0
a salmon,795,a seal a whale,0
a salmon,795,a dolphin a whale,0
an ostrich,796,a finch a robin,0
an ostrich,796,a finch a chicken,0
an ostrich,796,a finch an eagle,0
an ostrich,796,a finch a penguin,0
an ostrich,796,a finch a salmon,0
an ostrich,796,a finch a seal,0
an ostrich,796,a finch a dolphin,0
an ostrich,796,a finch a whale,0
an ostrich,796,a robin a chicken,0
an ostrich,796,a robin an eagle,0
an ostrich,796,a robin a penguin,0
an ostrich,796,a robin a salmon,0
an ostrich,796,a robin a seal,1
an ostrich,796,a robin a dolphin,1
an ostrich,796,a robin a whale,0
an ostrich,796,a chicken an eagle,0
an ostrich,796,a chicken a penguin,0
an ostrich,796,a chicken a salmon,0
an ostrich,796,a chicken a seal,0
an ostrich,796,a chicken a dolphin,0
an ostrich,796,a chicken a whale,0
an ostrich,796,an eagle a penguin,0
an ostrich,796,an eagle a salmon,0
an ostrich,796,an eagle a seal,0
an ostrich,796,an eagle a dolphin,0
an ostrich,796,an eagle a whale,0
an ostrich,796,a penguin a salmon,0
an ostrich,796,a penguin a seal,0
an ostrich,796,a penguin a dolphin,0
an ostrich,796,a penguin a whale,0
an ostrich,796,a salmon a seal,0
an ostrich,796,a salmon a dolphin,0
an ostrich,796,a salmon a whale,0
an ostrich,796,a seal a whale,0
an ostrich,796,a dolphin a whale,0
a whale,797,a finch a robin,0
a whale,797,a finch a chicken,0
a whale,797,a finch an eagle,0
a whale,797,a finch an ostrich,0
a whale,797,a finch a penguin,0
a whale,797,a finch a salmon,0
a whale,797,a finch a dolphin,0
a whale,797,a robin a chicken,0
a whale,797,a robin an eagle,0
a whale,797,a robin an ostrich,0
a whale,797,a robin a penguin,0
a whale,797,a robin a salmon,0
a whale,797,a robin a seal,0
a whale,797,a robin a dolphin,0
a whale,797,a chicken an eagle,0
a whale,797,a chicken an ostrich,0
a whale,797,a chicken a penguin,0
a whale,797,a chicken a salmon,0
a whale,797,a chicken a seal,1
a whale,797,a chicken a dolphin,0
a whale,797,an eagle an ostrich,0
a whale,797,an eagle a penguin,0
a whale,797,an eagle a salmon,0
a whale,797,an eagle a seal,0
a whale,797,an eagle a dolphin,0
a whale,797,an ostrich a penguin,0
a whale,797,an ostrich a salmon,0
a whale,797,an ostrich a seal,1
a whale,797,an ostrich a dolphin,0
a whale,797,a penguin a salmon,0
a whale,797,a penguin a seal,1
a whale,797,a penguin a dolphin,0
a whale,797,a salmon a seal,0
a whale,797,a salmon a dolphin,0
a whale,797,a seal a dolphin,0
a salmon,798,a finch a chicken,1
a salmon,798,a finch an eagle,0
a salmon,798,a finch an ostrich,0
a salmon,798,a finch a penguin,0
a salmon,798,a finch a seal,0
a salmon,798,a finch a dolphin,0
a salmon,798,a finch a whale,0
a salmon,798,a robin a chicken,1
a salmon,798,a robin an eagle,0
a salmon,798,a robin an ostrich,0
a salmon,798,a robin a penguin,0
a salmon,798,a robin a seal,1
a salmon,798,a robin a dolphin,0
a salmon,798,a robin a whale,0
a salmon,798,a chicken an eagle,0
a salmon,798,a chicken an ostrich,0
a salmon,798,a chicken a penguin,0
a salmon,798,a chicken a seal,1
a salmon,798,a chicken a dolphin,0
a salmon,798,a chicken a whale,0
a salmon,798,an eagle a penguin,0
a salmon,798,an eagle a seal,1
a salmon,798,an eagle a dolphin,0
a salmon,798,an eagle a whale,0
a salmon,798,an ostrich a penguin,0
a salmon,798,an ostrich a seal,1
a salmon,798,an ostrich a dolphin,0
a salmon,798,an ostrich a whale,0
a salmon,798,a penguin a seal,0
a salmon,798,a penguin a dolphin,0
a salmon,798,a seal a dolphin,0
a salmon,798,a seal a whale,0
a salmon,798,a dolphin a whale,0
a dolphin,799,a finch a robin,0
a dolphin,799,a finch a chicken,0
a dolphin,799,a finch an eagle,0
a dolphin,799,a finch an ostrich,0
a dolphin,799,a finch a penguin,0
a dolphin,799,a finch a salmon,0
a dolphin,799,a finch a seal,1
a dolphin,799,a finch a whale,0
a dolphin,799,a robin a chicken,0
a dolphin,799,a robin an eagle,0
a dolphin,799,a robin an ostrich,0
a dolphin,799,a robin a penguin,0
a dolphin,799,a robin a salmon,0
a dolphin,799,a robin a seal,1
a dolphin,799,a robin a whale,0
a dolphin,799,a chicken an eagle,0
a dolphin,799,a chicken an ostrich,0
a dolphin,799,a chicken a penguin,0
a dolphin,799,a chicken a salmon,0
a dolphin,799,a chicken a seal,0
a dolphin,799,a chicken a whale,0
a dolphin,799,an eagle an ostrich,0
a dolphin,799,an eagle a penguin,0
a dolphin,799,an eagle a salmon,0
a dolphin,799,an eagle a seal,1
a dolphin,799,an eagle a whale,1
a dolphin,799,an ostrich a penguin,0
a dolphin,799,an ostrich a salmon,0
a dolphin,799,an ostrich a seal,1
a dolphin,799,an ostrich a whale,0
a dolphin,799,a penguin a salmon,1
a dolphin,799,a penguin a seal,1
a dolphin,799,a penguin a whale,1
a dolphin,799,a salmon a seal,1
a dolphin,799,a salmon a whale,1
a dolphin,799,a seal a whale,0
a finch,800,a robin a chicken,0
a finch,800,a robin an eagle,0
a finch,800,a robin an ostrich,0
a finch,800,a robin a penguin,0
a finch,800,a robin a salmon,0
a finch,800,a robin a seal,0
a finch,800,a robin a dolphin,0
a finch,800,a robin a whale,0
a finch,800,a chicken an eagle,0
a finch,800,a chicken an ostrich,0
a finch,800,a chicken a penguin,0
a finch,800,a chicken a salmon,0
a finch,800,a chicken a seal,0
a finch,800,a chicken a dolphin,0
a finch,800,a chicken a whale,0
a finch,800,an eagle an ostrich,0
a finch,800,an eagle a penguin,0
a finch,800,an eagle a salmon,0
a finch,800,an eagle a seal,0
a finch,800,an eagle a dolphin,0
a finch,800,an eagle a whale,0
a finch,800,an ostrich a penguin,0
a finch,800,an ostrich a salmon,0
a finch,800,an ostrich a dolphin,0
a finch,800,an ostrich a whale,0
a finch,800,a penguin a salmon,0
a finch,800,a penguin a seal,0
a finch,800,a penguin a whale,0
a finch,800,a salmon a seal,0
a finch,800,a salmon a dolphin,0
a finch,800,a salmon a whale,0
a finch,800,a seal a dolphin,0
a finch,800,a seal a whale,0
a finch,800,a dolphin a whale,0
a salmon,801,a finch a robin,0
a salmon,801,a finch a chicken,0
a salmon,801,a finch an eagle,1
a salmon,801,a finch an ostrich,0
a salmon,801,a finch a penguin,0
a salmon,801,a finch a dolphin,0
a salmon,801,a finch a whale,0
a salmon,801,a robin a chicken,0
a salmon,801,a robin an eagle,0
a salmon,801,a robin an ostrich,0
a salmon,801,a robin a penguin,0
a salmon,801,a robin a seal,0
a salmon,801,a robin a dolphin,1
a salmon,801,a robin a whale,0
a salmon,801,a chicken an eagle,0
a salmon,801,a chicken an ostrich,0
a salmon,801,a chicken a penguin,0
a salmon,801,a chicken a seal,1
a salmon,801,a chicken a dolphin,0
a salmon,801,a chicken a whale,0
a salmon,801,an eagle a penguin,0
a salmon,801,an eagle a seal,1
a salmon,801,an eagle a dolphin,0
a salmon,801,an eagle a whale,0
a salmon,801,an ostrich a penguin,0
a salmon,801,an ostrich a seal,1
a salmon,801,an ostrich a dolphin,0
a salmon,801,an ostrich a whale,0
a salmon,801,a penguin a seal,0
a salmon,801,a penguin a dolphin,0
a salmon,801,a penguin a whale,0
a salmon,801,a seal a dolphin,0
a salmon,801,a seal a whale,0
a salmon,801,a dolphin a whale,0
a penguin,802,a finch a robin,0
a penguin,802,a finch a chicken,1
a penguin,802,a finch an eagle,0
a penguin,802,a finch an ostrich,0
a penguin,802,a finch a salmon,0
a penguin,802,a finch a seal,1
a penguin,802,a finch a dolphin,0
a penguin,802,a finch a whale,0
a penguin,802,a robin a chicken,0
a penguin,802,a robin an eagle,0
a penguin,802,a robin an ostrich,0
a penguin,802,a robin a salmon,0
a penguin,802,a robin a seal,0
a penguin,802,a robin a dolphin,0
a penguin,802,a robin a whale,0
a penguin,802,a chicken an eagle,0
a penguin,802,a chicken an ostrich,0
a penguin,802,a chicken a salmon,0
a penguin,802,a chicken a seal,1
a penguin,802,a chicken a dolphin,0
a penguin,802,a chicken a whale,0
a penguin,802,an eagle an ostrich,0
a penguin,802,an eagle a salmon,0
a penguin,802,an eagle a seal,1
a penguin,802,an eagle a dolphin,0
a penguin,802,an eagle a whale,1
a penguin,802,an ostrich a salmon,0
a penguin,802,an ostrich a seal,0
a penguin,802,an ostrich a dolphin,0
a penguin,802,an ostrich a whale,0
a penguin,802,a salmon a seal,0
a penguin,802,a salmon a dolphin,1
a penguin,802,a salmon a whale,0
a penguin,802,a seal a dolphin,0
a penguin,802,a seal a whale,0
a penguin,802,a dolphin a whale,0
a whale,803,a finch a robin,0
a whale,803,a finch a chicken,0
a whale,803,a finch an eagle,0
a whale,803,a finch an ostrich,0
a whale,803,a finch a penguin,0
a whale,803,a finch a salmon,0
a whale,803,a finch a seal,1
a whale,803,a finch a dolphin,0
a whale,803,a robin a chicken,0
a whale,803,a robin an eagle,0
a whale,803,a robin an ostrich,0
a whale,803,a robin a penguin,0
a whale,803,a robin a salmon,0
a whale,803,a robin a seal,1
a whale,803,a robin a dolphin,0
a whale,803,a chicken an eagle,0
a whale,803,a chicken an ostrich,0
a whale,803,a chicken a penguin,0
a whale,803,a chicken a salmon,0
a whale,803,a chicken a seal,1
a whale,803,a chicken a dolphin,0
a whale,803,an eagle an ostrich,0
a whale,803,an eagle a penguin,0
a whale,803,an eagle a salmon,0
a whale,803,an eagle a seal,0
a whale,803,an eagle a dolphin,0
a whale,803,an ostrich a penguin,0
a whale,803,an ostrich a salmon,0
a whale,803,an ostrich a seal,0
a whale,803,an ostrich a dolphin,1
a whale,803,a penguin a salmon,0
a whale,803,a penguin a seal,1
a whale,803,a penguin a dolphin,1
a whale,803,a salmon a seal,1
a whale,803,a salmon a dolphin,0
a whale,803,a seal a dolphin,0
a dolphin,804,a finch a robin,0
a dolphin,804,a finch a chicken,0
a dolphin,804,a finch an eagle,0
a dolphin,804,a finch an ostrich,0
a dolphin,804,a finch a penguin,0
a dolphin,804,a finch a salmon,0
a dolphin,804,a finch a seal,0
a dolphin,804,a finch a whale,0
a dolphin,804,a robin a chicken,0
a dolphin,804,a robin an eagle,1
a dolphin,804,a robin an ostrich,0
a dolphin,804,a robin a penguin,0
a dolphin,804,a robin a salmon,0
a dolphin,804,a robin a seal,0
a dolphin,804,a robin a whale,0
a dolphin,804,a chicken an eagle,0
a dolphin,804,a chicken an ostrich,0
a dolphin,804,a chicken a penguin,0
a dolphin,804,a chicken a salmon,0
a dolphin,804,a chicken a seal,0
a dolphin,804,a chicken a whale,0
a dolphin,804,an eagle an ostrich,0
a dolphin,804,an eagle a penguin,0
a dolphin,804,an eagle a salmon,1
a dolphin,804,an eagle a seal,0
a dolphin,804,an eagle a whale,0
a dolphin,804,an ostrich a penguin,0
a dolphin,804,an ostrich a salmon,0
a dolphin,804,an ostrich a seal,1
a dolphin,804,an ostrich a whale,0
a dolphin,804,a penguin a salmon,0
a dolphin,804,a penguin a seal,0
a dolphin,804,a penguin a whale,0
a dolphin,804,a salmon a seal,1
a dolphin,804,a salmon a whale,0
a dolphin,804,a seal a whale,0
a finch,805,a robin a chicken,0
a finch,805,a robin an eagle,0
a finch,805,a robin an ostrich,0
a finch,805,a robin a penguin,0
a finch,805,a robin a salmon,0
a finch,805,a robin a seal,0
a finch,805,a robin a dolphin,0
a finch,805,a robin a whale,0
a finch,805,a chicken an eagle,0
a finch,805,a chicken an ostrich,0
a finch,805,a chicken a penguin,0
a finch,805,a chicken a salmon,0
a finch,805,a chicken a seal,0
a finch,805,a chicken a dolphin,0
a finch,805,a chicken a whale,0
a finch,805,an eagle an ostrich,0
a finch,805,an eagle a penguin,0
a finch,805,an eagle a salmon,0
a finch,805,an eagle a seal,0
a finch,805,an eagle a dolphin,0
a finch,805,an ostrich a penguin,0
a finch,805,an ostrich a salmon,0
a finch,805,an ostrich a seal,0
a finch,805,an ostrich a dolphin,0
a finch,805,an ostrich a whale,0
a finch,805,a penguin a salmon,0
a finch,805,a penguin a seal,0
a finch,805,a penguin a dolphin,0
a finch,805,a penguin a whale,0
a finch,805,a salmon a seal,0
a finch,805,a salmon a dolphin,0
a finch,805,a salmon a whale,0
a finch,805,a seal a dolphin,0
a finch,805,a seal a whale,0
a finch,805,a dolphin a whale,0
an eagle,806,a finch a robin,0
an eagle,806,a finch a chicken,0
an eagle,806,a finch an ostrich,0
an eagle,806,a finch a penguin,0
an eagle,806,a finch a salmon,0
an eagle,806,a finch a seal,0
an eagle,806,a finch a dolphin,0
an eagle,806,a finch a whale,0
an eagle,806,a robin a chicken,0
an eagle,806,a robin an ostrich,0
an eagle,806,a robin a penguin,0
an eagle,806,a robin a salmon,0
an eagle,806,a robin a seal,0
an eagle,806,a robin a dolphin,0
an eagle,806,a robin a whale,0
an eagle,806,a chicken an ostrich,0
an eagle,806,a chicken a penguin,0
an eagle,806,a chicken a salmon,0
an eagle,806,a chicken a seal,0
an eagle,806,a chicken a dolphin,0
an eagle,806,a chicken a whale,0
an eagle,806,an ostrich a penguin,0
an eagle,806,an ostrich a salmon,0
an eagle,806,an ostrich a seal,0
an eagle,806,an ostrich a dolphin,0
an eagle,806,an ostrich a whale,0
an eagle,806,a penguin a salmon,0
an eagle,806,a penguin a seal,0
an eagle,806,a penguin a dolphin,0
an eagle,806,a penguin a whale,0
an eagle,806,a salmon a seal,0
an eagle,806,a salmon a whale,0
an eagle,806,a seal a dolphin,0
an eagle,806,a seal a whale,0
an eagle,806,a dolphin a whale,0
a dolphin,807,a finch a chicken,0
a dolphin,807,a finch an eagle,0
a dolphin,807,a finch an ostrich,0
a dolphin,807,a finch a penguin,0
a dolphin,807,a finch a salmon,0
a dolphin,807,a finch a seal,1
a dolphin,807,a finch a whale,0
a dolphin,807,a robin a chicken,0
a dolphin,807,a robin an eagle,0
a dolphin,807,a robin an ostrich,0
a dolphin,807,a robin a penguin,0
a dolphin,807,a robin a salmon,1
a dolphin,807,a robin a seal,1
a dolphin,807,a robin a whale,0
a dolphin,807,a chicken an eagle,0
a dolphin,807,a chicken an ostrich,0
a dolphin,807,a chicken a penguin,0
a dolphin,807,a chicken a salmon,0
a dolphin,807,a chicken a seal,0
a dolphin,807,a chicken a whale,0
a dolphin,807,an eagle an ostrich,0
a dolphin,807,an eagle a penguin,0
a dolphin,807,an eagle a salmon,0
a dolphin,807,an eagle a seal,1
a dolphin,807,an eagle a whale,0
a dolphin,807,an ostrich a penguin,0
a dolphin,807,an ostrich a salmon,0
a dolphin,807,an ostrich a seal,0
a dolphin,807,an ostrich a whale,0
a dolphin,807,a penguin a salmon,0
a dolphin,807,a penguin a seal,1
a dolphin,807,a penguin a whale,1
a dolphin,807,a salmon a seal,0
a dolphin,807,a salmon a whale,1
a dolphin,807,a seal a whale,0
an eagle,808,a finch a robin,0
an eagle,808,a finch a chicken,0
an eagle,808,a finch an ostrich,0
an eagle,808,a finch a penguin,0
an eagle,808,a finch a salmon,0
an eagle,808,a finch a seal,0
an eagle,808,a finch a dolphin,0
an eagle,808,a finch a whale,0
an eagle,808,a robin a chicken,0
an eagle,808,a robin an ostrich,1
an eagle,808,a robin a penguin,0
an eagle,808,a robin a salmon,0
an eagle,808,a robin a seal,0
an eagle,808,a robin a dolphin,0
an eagle,808,a robin a whale,0
an eagle,808,a chicken an ostrich,1
an eagle,808,a chicken a penguin,0
an eagle,808,a chicken a salmon,0
an eagle,808,a chicken a seal,0
an eagle,808,a chicken a dolphin,0
an eagle,808,a chicken a whale,0
an eagle,808,an ostrich a penguin,0
an eagle,808,an ostrich a salmon,0
an eagle,808,an ostrich a dolphin,0
an eagle,808,an ostrich a whale,0
an eagle,808,a penguin a salmon,0
an eagle,808,a penguin a seal,0
an eagle,808,a penguin a dolphin,0
an eagle,808,a penguin a whale,0
an eagle,808,a salmon a seal,0
an eagle,808,a salmon a dolphin,0
an eagle,808,a salmon a whale,0
an eagle,808,a seal a whale,0
an eagle,808,a dolphin a whale,0
a whale,809,a finch a robin,0
a whale,809,a finch a chicken,0
a whale,809,a finch an eagle,0
a whale,809,a finch an ostrich,0
a whale,809,a finch a penguin,0
a whale,809,a finch a salmon,0
a whale,809,a finch a seal,1
a whale,809,a finch a dolphin,0
a whale,809,a robin a chicken,0
a whale,809,a robin an eagle,0
a whale,809,a robin an ostrich,0
a whale,809,a robin a penguin,0
a whale,809,a robin a salmon,0
a whale,809,a robin a seal,1
a whale,809,a robin a dolphin,0
a whale,809,a chicken an eagle,0
a whale,809,a chicken an ostrich,0
a whale,809,a chicken a penguin,0
a whale,809,a chicken a salmon,0
a whale,809,a chicken a seal,1
a whale,809,a chicken a dolphin,0
a whale,809,an eagle a penguin,0
a whale,809,an eagle a salmon,0
a whale,809,an eagle a seal,1
a whale,809,an eagle a dolphin,0
a whale,809,an ostrich a penguin,0
a whale,809,an ostrich a salmon,0
a whale,809,an ostrich a seal,0
a whale,809,an ostrich a dolphin,0
a whale,809,a penguin a salmon,0
a whale,809,a penguin a seal,0
a whale,809,a penguin a dolphin,1
a whale,809,a salmon a seal,1
a whale,809,a salmon a dolphin,0
a whale,809,a seal a dolphin,0
a chicken,810,a finch a robin,0
a chicken,810,a finch an eagle,0
a chicken,810,a finch an ostrich,0
a chicken,810,a finch a penguin,0
a chicken,810,a finch a salmon,0
a chicken,810,a finch a seal,0
a chicken,810,a finch a dolphin,0
a chicken,810,a finch a whale,0
a chicken,810,a robin an eagle,0
a chicken,810,a robin an ostrich,0
a chicken,810,a robin a penguin,0
a chicken,810,a robin a seal,0
a chicken,810,a robin a dolphin,0
a chicken,810,a robin a whale,0
a chicken,810,an eagle an ostrich,0
a chicken,810,an eagle a penguin,0
a chicken,810,an eagle a salmon,0
a chicken,810,an eagle a seal,0
a chicken,810,an eagle a dolphin,0
a chicken,810,an eagle a whale,0
a chicken,810,an ostrich a penguin,0
a chicken,810,an ostrich a salmon,0
a chicken,810,an ostrich a seal,0
a chicken,810,an ostrich a dolphin,0
a chicken,810,an ostrich a whale,0
a chicken,810,a penguin a salmon,0
a chicken,810,a penguin a seal,0
a chicken,810,a penguin a dolphin,0
a chicken,810,a penguin a whale,0
a chicken,810,a salmon a seal,0
a chicken,810,a salmon a dolphin,0
a chicken,810,a salmon a whale,0
a chicken,810,a seal a dolphin,0
a chicken,810,a seal a whale,0
a chicken,810,a dolphin a whale,0
a dolphin,811,a finch a chicken,0
a dolphin,811,a finch an eagle,0
a dolphin,811,a finch an ostrich,0
a dolphin,811,a finch a penguin,0
a dolphin,811,a finch a salmon,0
a dolphin,811,a finch a seal,0
a dolphin,811,a finch a whale,0
a dolphin,811,a robin a chicken,0
a dolphin,811,a robin an eagle,0
a dolphin,811,a robin an ostrich,0
a dolphin,811,a robin a penguin,0
a dolphin,811,a robin a salmon,1
a dolphin,811,a robin a seal,0
a dolphin,811,a robin a whale,0
a dolphin,811,a chicken an eagle,0
a dolphin,811,a chicken an ostrich,0
a dolphin,811,a chicken a penguin,0
a dolphin,811,a chicken a salmon,0
a dolphin,811,a chicken a seal,0
a dolphin,811,a chicken a whale,0
a dolphin,811,an eagle a penguin,0
a dolphin,811,an eagle a salmon,0
a dolphin,811,an eagle a seal,1
a dolphin,811,an eagle a whale,1
a dolphin,811,an ostrich a penguin,0
a dolphin,811,an ostrich a salmon,0
a dolphin,811,an ostrich a seal,0
a dolphin,811,an ostrich a whale,0
a dolphin,811,a penguin a salmon,0
a dolphin,811,a penguin a seal,0
a dolphin,811,a penguin a whale,1
a dolphin,811,a salmon a seal,0
a dolphin,811,a salmon a whale,0
a dolphin,811,a seal a whale,0
a robin,812,a finch a chicken,1
a robin,812,a finch an eagle,0
a robin,812,a finch an ostrich,0
a robin,812,a finch a penguin,0
a robin,812,a finch a salmon,0
a robin,812,a finch a seal,0
a robin,812,a finch a dolphin,0
a robin,812,a finch a whale,0
a robin,812,a chicken an eagle,0
a robin,812,a chicken an ostrich,0
a robin,812,a chicken a penguin,0
a robin,812,a chicken a salmon,0
a robin,812,a chicken a seal,0
a robin,812,a chicken a dolphin,0
a robin,812,a chicken a whale,0
a robin,812,an eagle an ostrich,0
a robin,812,an eagle a penguin,0
a robin,812,an eagle a salmon,0
a robin,812,an eagle a seal,0
a robin,812,an eagle a dolphin,0
a robin,812,an eagle a whale,0
a robin,812,an ostrich a penguin,0
a robin,812,an ostrich a salmon,0
a robin,812,an ostrich a seal,0
a robin,812,an ostrich a dolphin,0
a robin,812,an ostrich a whale,0
a robin,812,a penguin a salmon,0
a robin,812,a penguin a seal,0
a robin,812,a penguin a dolphin,0
a robin,812,a penguin a whale,0
a robin,812,a salmon a seal,0
a robin,812,a salmon a dolphin,0
a robin,812,a salmon a whale,0
a robin,812,a seal a dolphin,0
a robin,812,a seal a whale,0
a robin,812,a dolphin a whale,0
an eagle,813,a finch a robin,0
an eagle,813,a finch a chicken,0
an eagle,813,a finch an ostrich,0
an eagle,813,a finch a penguin,0
an eagle,813,a finch a salmon,0
an eagle,813,a finch a seal,0
an eagle,813,a finch a dolphin,0
an eagle,813,a finch a whale,0
an eagle,813,a robin a chicken,0
an eagle,813,a robin an ostrich,0
an eagle,813,a robin a penguin,0
an eagle,813,a robin a salmon,0
an eagle,813,a robin a seal,0
an eagle,813,a robin a dolphin,0
an eagle,813,a robin a whale,0
an eagle,813,a chicken an ostrich,0
an eagle,813,a chicken a penguin,0
an eagle,813,a chicken a salmon,0
an eagle,813,a chicken a seal,0
an eagle,813,a chicken a dolphin,0
an eagle,813,a chicken a whale,0
an eagle,813,an ostrich a penguin,0
an eagle,813,an ostrich a salmon,0
an eagle,813,an ostrich a seal,0
an eagle,813,an ostrich a dolphin,0
an eagle,813,an ostrich a whale,0
an eagle,813,a penguin a salmon,0
an eagle,813,a penguin a seal,0
an eagle,813,a penguin a dolphin,0
an eagle,813,a penguin a whale,0
an eagle,813,a salmon a seal,0
an eagle,813,a salmon a dolphin,0
an eagle,813,a salmon a whale,0
an eagle,813,a seal a dolphin,0
an eagle,813,a seal a whale,0
a penguin,814,a finch a robin,0
a penguin,814,a finch a chicken,0
a penguin,814,a finch an eagle,0
a penguin,814,a finch an ostrich,0
a penguin,814,a finch a salmon,0
a penguin,814,a finch a seal,1
a penguin,814,a finch a dolphin,0
a penguin,814,a finch a whale,0
a penguin,814,a robin a chicken,0
a penguin,814,a robin an eagle,0
a penguin,814,a robin an ostrich,0
a penguin,814,a robin a salmon,0
a penguin,814,a robin a seal,1
a penguin,814,a robin a dolphin,0
a penguin,814,a robin a whale,0
a penguin,814,a chicken an eagle,0
a penguin,814,a chicken an ostrich,0
a penguin,814,a chicken a salmon,0
a penguin,814,a chicken a seal,1
a penguin,814,a chicken a dolphin,0
a penguin,814,a chicken a whale,0
a penguin,814,an eagle an ostrich,0
a penguin,814,an eagle a salmon,0
a penguin,814,an eagle a seal,1
a penguin,814,an eagle a dolphin,0
a penguin,814,an eagle a whale,1
a penguin,814,an ostrich a salmon,0
a penguin,814,an ostrich a seal,0
a penguin,814,an ostrich a dolphin,0
a penguin,814,an ostrich a whale,0
a penguin,814,a salmon a seal,0
a penguin,814,a salmon a dolphin,0
a penguin,814,a salmon a whale,0
a penguin,814,a seal a dolphin,0
a penguin,814,a seal a whale,0
a penguin,814,a dolphin a whale,0
a robin,815,a finch a chicken,0
a robin,815,a finch an eagle,0
a robin,815,a finch an ostrich,0
a robin,815,a finch a penguin,0
a robin,815,a finch a salmon,0
a robin,815,a finch a seal,0
a robin,815,a finch a dolphin,0
a robin,815,a finch a whale,0
a robin,815,a chicken an eagle,0
a robin,815,a chicken an ostrich,0
a robin,815,a chicken a penguin,0
a robin,815,a chicken a salmon,0
a robin,815,a chicken a seal,0
a robin,815,a chicken a dolphin,0
a robin,815,a chicken a whale,0
a robin,815,an eagle an ostrich,0
a robin,815,an eagle a penguin,0
a robin,815,an eagle a salmon,0
a robin,815,an eagle a seal,0
a robin,815,an eagle a dolphin,0
a robin,815,an eagle a whale,0
a robin,815,an ostrich a penguin,0
a robin,815,an ostrich a salmon,0
a robin,815,an ostrich a seal,0
a robin,815,an ostrich a dolphin,0
a robin,815,an ostrich a whale,0
a robin,815,a penguin a salmon,0
a robin,815,a penguin a seal,0
a robin,815,a penguin a dolphin,0
a robin,815,a penguin a whale,0
a robin,815,a salmon a seal,0
a robin,815,a salmon a dolphin,1
a robin,815,a salmon a whale,0
a robin,815,a seal a dolphin,0
a robin,815,a seal a whale,0
a robin,815,a dolphin a whale,0
a seal,816,a finch a robin,0
a seal,816,a finch a chicken,0
a seal,816,a finch an eagle,0
a seal,816,a finch an ostrich,0
a seal,816,a finch a penguin,0
a seal,816,a finch a salmon,0
a seal,816,a finch a dolphin,0
a seal,816,a finch a whale,0
a seal,816,a robin a chicken,0
a seal,816,a robin an eagle,0
a seal,816,a robin an ostrich,0
a seal,816,a robin a penguin,0
a seal,816,a robin a salmon,0
a seal,816,a robin a dolphin,1
a seal,816,a robin a whale,1
a seal,816,a chicken an eagle,0
a seal,816,a chicken an ostrich,0
a seal,816,a chicken a penguin,0
a seal,816,a chicken a salmon,1
a seal,816,a chicken a dolphin,0
a seal,816,a chicken a whale,0
a seal,816,an eagle an ostrich,0
a seal,816,an eagle a penguin,0
a seal,816,an eagle a salmon,0
a seal,816,an eagle a dolphin,0
a seal,816,an eagle a whale,0
a seal,816,an ostrich a penguin,0
a seal,816,an ostrich a salmon,0
a seal,816,an ostrich a dolphin,0
a seal,816,an ostrich a whale,0
a seal,816,a penguin a salmon,0
a seal,816,a penguin a dolphin,0
a seal,816,a penguin a whale,0
a seal,816,a salmon a dolphin,0
a seal,816,a salmon a whale,0
a seal,816,a dolphin a whale,0
a seal,817,a finch a robin,0
a seal,817,a finch a chicken,0
a seal,817,a finch an eagle,0
a seal,817,a finch an ostrich,0
a seal,817,a finch a penguin,0
a seal,817,a finch a salmon,0
a seal,817,a finch a dolphin,0
a seal,817,a finch a whale,0
a seal,817,a robin a chicken,0
a seal,817,a robin an eagle,0
a seal,817,a robin an ostrich,0
a seal,817,a robin a penguin,0
a seal,817,a robin a salmon,0
a seal,817,a robin a whale,0
a seal,817,a chicken an eagle,0
a seal,817,a chicken an ostrich,0
a seal,817,a chicken a penguin,0
a seal,817,a chicken a salmon,0
a seal,817,a chicken a dolphin,0
a seal,817,a chicken a whale,0
a seal,817,an eagle an ostrich,0
a seal,817,an eagle a penguin,0
a seal,817,an eagle a salmon,0
a seal,817,an eagle a dolphin,0
a seal,817,an eagle a whale,0
a seal,817,an ostrich a penguin,0
a seal,817,an ostrich a salmon,0
a seal,817,an ostrich a dolphin,0
a seal,817,an ostrich a whale,1
a seal,817,a penguin a salmon,0
a seal,817,a penguin a dolphin,0
a seal,817,a penguin a whale,0
a seal,817,a salmon a dolphin,0
a seal,817,a salmon a whale,1
a seal,817,a dolphin a whale,0
a finch,818,a robin a chicken,0
a finch,818,a robin an eagle,0
a finch,818,a robin an ostrich,0
a finch,818,a robin a penguin,0
a finch,818,a robin a salmon,0
a finch,818,a robin a seal,0
a finch,818,a robin a dolphin,0
a finch,818,a robin a whale,0
a finch,818,a chicken an eagle,0
a finch,818,a chicken an ostrich,0
a finch,818,a chicken a penguin,0
a finch,818,a chicken a salmon,0
a finch,818,a chicken a seal,0
a finch,818,a chicken a dolphin,0
a finch,818,a chicken a whale,0
a finch,818,an eagle an ostrich,0
a finch,818,an eagle a penguin,0
a finch,818,an eagle a salmon,0
a finch,818,an eagle a seal,0
a finch,818,an eagle a dolphin,0
a finch,818,an eagle a whale,0
a finch,818,an ostrich a penguin,0
a finch,818,an ostrich a salmon,0
a finch,818,an ostrich a dolphin,0
a finch,818,an ostrich a whale,0
a finch,818,a penguin a salmon,0
a finch,818,a penguin a seal,0
a finch,818,a penguin a dolphin,0
a finch,818,a penguin a whale,0
a finch,818,a salmon a seal,0
a finch,818,a salmon a dolphin,0
a finch,818,a salmon a whale,0
a finch,818,a seal a dolphin,0
a finch,818,a seal a whale,0
a chicken,819,a finch a robin,0
a chicken,819,a finch an eagle,0
a chicken,819,a finch an ostrich,0
a chicken,819,a finch a penguin,0
a chicken,819,a finch a salmon,0
a chicken,819,a finch a seal,0
a chicken,819,a finch a dolphin,0
a chicken,819,a finch a whale,0
a chicken,819,a robin an eagle,0
a chicken,819,a robin an ostrich,0
a chicken,819,a robin a penguin,0
a chicken,819,a robin a salmon,0
a chicken,819,a robin a seal,0
a chicken,819,a robin a dolphin,0
a chicken,819,a robin a whale,0
a chicken,819,an eagle an ostrich,0
a chicken,819,an eagle a penguin,0
a chicken,819,an eagle a salmon,0
a chicken,819,an eagle a seal,0
a chicken,819,an eagle a dolphin,0
a chicken,819,an eagle a whale,0
a chicken,819,an ostrich a penguin,0
a chicken,819,an ostrich a salmon,0
a chicken,819,an ostrich a seal,0
a chicken,819,an ostrich a dolphin,0
a chicken,819,an ostrich a whale,1
a chicken,819,a penguin a salmon,0
a chicken,819,a penguin a seal,0
a chicken,819,a penguin a dolphin,0
a chicken,819,a penguin a whale,0
a chicken,819,a salmon a seal,0
a chicken,819,a salmon a dolphin,0
a chicken,819,a salmon a whale,0
a chicken,819,a seal a dolphin,0
a chicken,819,a seal a whale,0
a chicken,819,a dolphin a whale,0
a whale,820,a finch a robin,0
a whale,820,a finch a chicken,0
a whale,820,a finch an eagle,0
a whale,820,a finch an ostrich,0
a whale,820,a finch a penguin,0
a whale,820,a finch a salmon,0
a whale,820,a finch a seal,1
a whale,820,a finch a dolphin,0
a whale,820,a robin a chicken,0
a whale,820,a robin an eagle,0
a whale,820,a robin an ostrich,0
a whale,820,a robin a penguin,0
a whale,820,a robin a salmon,1
a whale,820,a robin a seal,0
a whale,820,a robin a dolphin,0
a whale,820,a chicken an eagle,0
a whale,820,a chicken an ostrich,0
a whale,820,a chicken a penguin,0
a whale,820,a chicken a salmon,0
a whale,820,a chicken a seal,0
a whale,820,a chicken a dolphin,0
a whale,820,an eagle a penguin,0
a whale,820,an eagle a salmon,0
a whale,820,an eagle a seal,1
a whale,820,an eagle a dolphin,0
a whale,820,an ostrich a penguin,0
a whale,820,an ostrich a salmon,0
a whale,820,an ostrich a seal,1
a whale,820,an ostrich a dolphin,0
a whale,820,a penguin a salmon,0
a whale,820,a penguin a seal,0
a whale,820,a penguin a dolphin,0
a whale,820,a salmon a seal,0
a whale,820,a salmon a dolphin,0
a whale,820,a seal a dolphin,0
a dolphin,821,a finch a robin,0
a dolphin,821,a finch a chicken,0
a dolphin,821,a finch an eagle,0
a dolphin,821,a finch an ostrich,0
a dolphin,821,a finch a penguin,0
a dolphin,821,a finch a salmon,0
a dolphin,821,a finch a seal,1
a dolphin,821,a finch a whale,0
a dolphin,821,a robin a chicken,0
a dolphin,821,a robin an eagle,0
a dolphin,821,a robin an ostrich,0
a dolphin,821,a robin a penguin,0
a dolphin,821,a robin a salmon,0
a dolphin,821,a robin a seal,0
a dolphin,821,a robin a whale,0
a dolphin,821,a chicken an ostrich,0
a dolphin,821,a chicken a penguin,0
a dolphin,821,a chicken a salmon,0
a dolphin,821,a chicken a seal,0
a dolphin,821,a chicken a whale,0
a dolphin,821,an eagle an ostrich,0
a dolphin,821,an eagle a seal,1
a dolphin,821,an eagle a whale,0
a dolphin,821,an ostrich a penguin,0
a dolphin,821,an ostrich a salmon,0
a dolphin,821,an ostrich a seal,1
a dolphin,821,an ostrich a whale,0
a dolphin,821,a penguin a salmon,0
a dolphin,821,a penguin a whale,1
a dolphin,821,a salmon a seal,0
a dolphin,821,a salmon a whale,0
a dolphin,821,a seal a whale,0
an ostrich,822,a finch a robin,0
an ostrich,822,a finch a chicken,0
an ostrich,822,a finch an eagle,0
an ostrich,822,a finch a penguin,0
an ostrich,822,a finch a salmon,0
an ostrich,822,a finch a seal,0
an ostrich,822,a finch a dolphin,0
an ostrich,822,a finch a whale,0
an ostrich,822,a robin a chicken,0
an ostrich,822,a robin an eagle,0
an ostrich,822,a robin a penguin,0
an ostrich,822,a robin a salmon,0
an ostrich,822,a robin a seal,1
an ostrich,822,a robin a dolphin,0
an ostrich,822,a robin a whale,0
an ostrich,822,a chicken an eagle,0
an ostrich,822,a chicken a penguin,0
an ostrich,822,a chicken a salmon,0
an ostrich,822,a chicken a seal,0
an ostrich,822,a chicken a dolphin,0
an ostrich,822,a chicken a whale,0
an ostrich,822,an eagle a penguin,0
an ostrich,822,an eagle a salmon,0
an ostrich,822,an eagle a seal,0
an ostrich,822,an eagle a dolphin,0
an ostrich,822,an eagle a whale,0
an ostrich,822,a penguin a salmon,0
an ostrich,822,a penguin a seal,0
an ostrich,822,a penguin a dolphin,0
an ostrich,822,a penguin a whale,0
an ostrich,822,a salmon a seal,0
an ostrich,822,a salmon a dolphin,0
an ostrich,822,a salmon a whale,0
an ostrich,822,a seal a dolphin,0
an ostrich,822,a seal a whale,1
an ostrich,822,a dolphin a whale,0
a penguin,823,a finch a robin,0
a penguin,823,a finch a chicken,0
a penguin,823,a finch an eagle,0
a penguin,823,a finch an ostrich,0
a penguin,823,a finch a salmon,0
a penguin,823,a finch a seal,1
a penguin,823,a finch a dolphin,0
a penguin,823,a finch a whale,0
a penguin,823,a robin a chicken,1
a penguin,823,a robin an eagle,0
a penguin,823,a robin an ostrich,0
a penguin,823,a robin a salmon,0
a penguin,823,a robin a seal,1
a penguin,823,a robin a dolphin,0
a penguin,823,a robin a whale,0
a penguin,823,a chicken an eagle,0
a penguin,823,a chicken an ostrich,0
a penguin,823,a chicken a salmon,0
a penguin,823,a chicken a seal,1
a penguin,823,a chicken a dolphin,0
a penguin,823,a chicken a whale,0
a penguin,823,an eagle an ostrich,0
a penguin,823,an eagle a salmon,0
a penguin,823,an eagle a seal,1
a penguin,823,an eagle a dolphin,0
a penguin,823,an eagle a whale,0
a penguin,823,an ostrich a salmon,0
a penguin,823,an ostrich a seal,0
a penguin,823,an ostrich a whale,0
a penguin,823,a salmon a seal,0
a penguin,823,a salmon a dolphin,0
a penguin,823,a salmon a whale,0
a penguin,823,a seal a dolphin,0
a penguin,823,a seal a whale,0
a penguin,823,a dolphin a whale,0
an eagle,824,a finch a robin,0
an eagle,824,a finch a chicken,0
an eagle,824,a finch an ostrich,0
an eagle,824,a finch a penguin,0
an eagle,824,a finch a salmon,0
an eagle,824,a finch a seal,0
an eagle,824,a finch a dolphin,0
an eagle,824,a finch a whale,0
an eagle,824,a robin a chicken,0
an eagle,824,a robin an ostrich,1
an eagle,824,a robin a penguin,0
an eagle,824,a robin a salmon,0
an eagle,824,a robin a seal,0
an eagle,824,a robin a dolphin,0
an eagle,824,a robin a whale,0
an eagle,824,a chicken an ostrich,0
an eagle,824,a chicken a penguin,0
an eagle,824,a chicken a salmon,0
an eagle,824,a chicken a seal,0
an eagle,824,a chicken a dolphin,0
an eagle,824,a chicken a whale,0
an eagle,824,an ostrich a penguin,0
an eagle,824,an ostrich a salmon,0
an eagle,824,an ostrich a seal,0
an eagle,824,an ostrich a dolphin,0
an eagle,824,an ostrich a whale,0
an eagle,824,a penguin a salmon,0
an eagle,824,a penguin a seal,0
an eagle,824,a penguin a dolphin,1
an eagle,824,a penguin a whale,0
an eagle,824,a salmon a seal,0
an eagle,824,a salmon a dolphin,0
an eagle,824,a salmon a whale,0
an eagle,824,a seal a dolphin,0
an eagle,824,a seal a whale,0
a whale,825,a finch a robin,0
a whale,825,a finch a chicken,0
a whale,825,a finch an eagle,0
a whale,825,a finch an ostrich,0
a whale,825,a finch a penguin,0
a whale,825,a finch a salmon,0
a whale,825,a finch a seal,0
a whale,825,a finch a dolphin,0
a whale,825,a robin a chicken,1
a whale,825,a robin an eagle,1
a whale,825,a robin an ostrich,0
a whale,825,a robin a penguin,0
a whale,825,a robin a salmon,0
a whale,825,a robin a seal,0
a whale,825,a robin a dolphin,0
a whale,825,a chicken an eagle,0
a whale,825,a chicken an ostrich,0
a whale,825,a chicken a penguin,0
a whale,825,a chicken a salmon,0
a whale,825,a chicken a seal,0
a whale,825,a chicken a dolphin,0
a whale,825,an eagle a penguin,0
a whale,825,an eagle a salmon,1
a whale,825,an eagle a seal,1
a whale,825,an eagle a dolphin,0
a whale,825,an ostrich a penguin,0
a whale,825,an ostrich a salmon,0
a whale,825,an ostrich a seal,1
a whale,825,an ostrich a dolphin,0
a whale,825,a penguin a salmon,0
a whale,825,a penguin a seal,1
a whale,825,a penguin a dolphin,1
a whale,825,a salmon a seal,1
a whale,825,a salmon a dolphin,0
a whale,825,a seal a dolphin,0
a robin,826,a finch a chicken,0
a robin,826,a finch an eagle,0
a robin,826,a finch an ostrich,0
a robin,826,a finch a penguin,0
a robin,826,a finch a salmon,0
a robin,826,a finch a seal,0
a robin,826,a finch a dolphin,0
a robin,826,a finch a whale,0
a robin,826,a chicken an eagle,0
a robin,826,a chicken an ostrich,0
a robin,826,a chicken a penguin,0
a robin,826,a chicken a salmon,0
a robin,826,a chicken a seal,0
a robin,826,a chicken a dolphin,0
a robin,826,a chicken a whale,0
a robin,826,an eagle an ostrich,0
a robin,826,an eagle a penguin,0
a robin,826,an eagle a salmon,0
a robin,826,an eagle a seal,0
a robin,826,an eagle a dolphin,0
a robin,826,an eagle a whale,0
a robin,826,an ostrich a penguin,0
a robin,826,an ostrich a salmon,0
a robin,826,an ostrich a seal,0
a robin,826,an ostrich a dolphin,0
a robin,826,an ostrich a whale,0
a robin,826,a penguin a salmon,0
a robin,826,a penguin a seal,0
a robin,826,a penguin a dolphin,0
a robin,826,a penguin a whale,0
a robin,826,a salmon a seal,0
a robin,826,a salmon a dolphin,0
a robin,826,a salmon a whale,0
a robin,826,a seal a dolphin,0
a robin,826,a seal a whale,0
a robin,826,a dolphin a whale,0
a seal,827,a finch a robin,0
a seal,827,a finch a chicken,0
a seal,827,a finch an ostrich,0
a seal,827,a finch a penguin,0
a seal,827,a finch a salmon,0
a seal,827,a finch a dolphin,0
a seal,827,a finch a whale,0
a seal,827,a robin a chicken,0
a seal,827,a robin an eagle,0
a seal,827,a robin an ostrich,0
a seal,827,a robin a penguin,0
a seal,827,a robin a salmon,0
a seal,827,a robin a dolphin,0
a seal,827,a robin a whale,1
a seal,827,a chicken an eagle,0
a seal,827,a chicken an ostrich,0
a seal,827,a chicken a penguin,0
a seal,827,a chicken a salmon,0
a seal,827,a chicken a dolphin,0
a seal,827,a chicken a whale,0
a seal,827,an eagle an ostrich,0
a seal,827,an eagle a penguin,0
a seal,827,an eagle a salmon,0
a seal,827,an eagle a dolphin,0
a seal,827,an eagle a whale,0
a seal,827,an ostrich a penguin,0
a seal,827,an ostrich a salmon,0
a seal,827,an ostrich a dolphin,0
a seal,827,an ostrich a whale,0
a seal,827,a penguin a salmon,0
a seal,827,a penguin a dolphin,0
a seal,827,a penguin a whale,0
a seal,827,a salmon a dolphin,0
a seal,827,a salmon a whale,0
a seal,827,a dolphin a whale,0
a penguin,828,a finch a robin,0
a penguin,828,a finch a chicken,0
a penguin,828,a finch an eagle,0
a penguin,828,a finch an ostrich,0
a penguin,828,a finch a salmon,0
a penguin,828,a finch a seal,1
a penguin,828,a finch a dolphin,0
a penguin,828,a finch a whale,0
a penguin,828,a robin a chicken,1
a penguin,828,a robin an eagle,0
a penguin,828,a robin an ostrich,0
a penguin,828,a robin a salmon,0
a penguin,828,a robin a seal,0
a penguin,828,a robin a dolphin,0
a penguin,828,a robin a whale,0
a penguin,828,a chicken an eagle,0
a penguin,828,a chicken an ostrich,0
a penguin,828,a chicken a salmon,0
a penguin,828,a chicken a seal,0
a penguin,828,a chicken a dolphin,0
a penguin,828,a chicken a whale,0
a penguin,828,an eagle an ostrich,0
a penguin,828,an eagle a salmon,1
a penguin,828,an eagle a seal,0
a penguin,828,an eagle a dolphin,0
a penguin,828,an eagle a whale,0
a penguin,828,an ostrich a salmon,0
a penguin,828,an ostrich a seal,1
a penguin,828,an ostrich a dolphin,0
a penguin,828,an ostrich a whale,0
a penguin,828,a salmon a seal,1
a penguin,828,a salmon a dolphin,0
a penguin,828,a salmon a whale,0
a penguin,828,a seal a dolphin,0
a penguin,828,a seal a whale,0
a penguin,828,a dolphin a whale,0
an ostrich,829,a finch a robin,0
an ostrich,829,a finch a chicken,0
an ostrich,829,a finch an eagle,0
an ostrich,829,a finch a penguin,0
an ostrich,829,a finch a salmon,0
an ostrich,829,a finch a seal,0
an ostrich,829,a finch a dolphin,0
an ostrich,829,a finch a whale,0
an ostrich,829,a robin a chicken,0
an ostrich,829,a robin an eagle,0
an ostrich,829,a robin a penguin,0
an ostrich,829,a robin a salmon,0
an ostrich,829,a robin a seal,0
an ostrich,829,a robin a dolphin,0
an ostrich,829,a robin a whale,0
an ostrich,829,a chicken an eagle,0
an ostrich,829,a chicken a penguin,0
an ostrich,829,a chicken a salmon,0
an ostrich,829,a chicken a seal,0
an ostrich,829,a chicken a dolphin,0
an ostrich,829,a chicken a whale,0
an ostrich,829,an eagle a penguin,0
an ostrich,829,an eagle a salmon,0
an ostrich,829,an eagle a seal,0
an ostrich,829,an eagle a dolphin,0
an ostrich,829,an eagle a whale,0
an ostrich,829,a penguin a salmon,0
an ostrich,829,a penguin a seal,0
an ostrich,829,a penguin a whale,0
an ostrich,829,a salmon a seal,0
an ostrich,829,a salmon a dolphin,0
an ostrich,829,a salmon a whale,0
an ostrich,829,a seal a dolphin,0
an ostrich,829,a seal a whale,0
an ostrich,829,a dolphin a whale,0
a dolphin,830,a finch a robin,0
a dolphin,830,a finch a chicken,0
a dolphin,830,a finch an eagle,0
a dolphin,830,a finch an ostrich,0
a dolphin,830,a finch a penguin,0
a dolphin,830,a finch a salmon,0
a dolphin,830,a finch a seal,1
a dolphin,830,a finch a whale,0
a dolphin,830,a robin a chicken,0
a dolphin,830,a robin an eagle,0
a dolphin,830,a robin an ostrich,0
a dolphin,830,a robin a penguin,0
a dolphin,830,a robin a salmon,0
a dolphin,830,a robin a seal,0
a dolphin,830,a robin a whale,0
a dolphin,830,a chicken an eagle,0
a dolphin,830,a chicken an ostrich,0
a dolphin,830,a chicken a penguin,0
a dolphin,830,a chicken a salmon,0
a dolphin,830,a chicken a seal,0
a dolphin,830,a chicken a whale,0
a dolphin,830,an eagle an ostrich,0
a dolphin,830,an eagle a penguin,0
a dolphin,830,an eagle a salmon,0
a dolphin,830,an eagle a seal,0
a dolphin,830,an eagle a whale,1
a dolphin,830,an ostrich a penguin,0
a dolphin,830,an ostrich a salmon,0
a dolphin,830,an ostrich a seal,1
a dolphin,830,an ostrich a whale,0
a dolphin,830,a penguin a salmon,0
a dolphin,830,a penguin a seal,1
a dolphin,830,a penguin a whale,0
a dolphin,830,a salmon a seal,1
a dolphin,830,a salmon a whale,1
a dolphin,830,a seal a whale,0
a finch,831,a robin a chicken,0
a finch,831,a robin an eagle,0
a finch,831,a robin an ostrich,0
a finch,831,a robin a penguin,0
a finch,831,a robin a salmon,0
a finch,831,a robin a seal,0
a finch,831,a robin a dolphin,0
a finch,831,a robin a whale,0
a finch,831,a chicken an eagle,0
a finch,831,a chicken an ostrich,0
a finch,831,a chicken a penguin,0
a finch,831,a chicken a salmon,0
a finch,831,a chicken a seal,0
a finch,831,a chicken a dolphin,0
a finch,831,a chicken a whale,0
a finch,831,an eagle an ostrich,0
a finch,831,an eagle a penguin,0
a finch,831,an eagle a salmon,0
a finch,831,an eagle a seal,0
a finch,831,an eagle a dolphin,0
a finch,831,an eagle a whale,0
a finch,831,an ostrich a penguin,0
a finch,831,an ostrich a salmon,0
a finch,831,an ostrich a seal,0
a finch,831,an ostrich a dolphin,0
a finch,831,an ostrich a whale,0
a finch,831,a penguin a salmon,0
a finch,831,a penguin a seal,0
a finch,831,a penguin a dolphin,0
a finch,831,a penguin a whale,0
a finch,831,a salmon a seal,0
a finch,831,a salmon a dolphin,0
a finch,831,a salmon a whale,0
a finch,831,a seal a dolphin,0
a finch,831,a seal a whale,0
an ostrich,832,a finch a robin,0
an ostrich,832,a finch a chicken,0
an ostrich,832,a finch an eagle,0
an ostrich,832,a finch a penguin,0
an ostrich,832,a finch a salmon,0
an ostrich,832,a finch a seal,0
an ostrich,832,a finch a dolphin,0
an ostrich,832,a finch a whale,0
an ostrich,832,a robin a chicken,1
an ostrich,832,a robin an eagle,0
an ostrich,832,a robin a penguin,0
an ostrich,832,a robin a salmon,0
an ostrich,832,a robin a seal,0
an ostrich,832,a robin a dolphin,0
an ostrich,832,a robin a whale,0
an ostrich,832,a chicken an eagle,0
an ostrich,832,a chicken a penguin,0
an ostrich,832,a chicken a salmon,0
an ostrich,832,a chicken a seal,0
an ostrich,832,a chicken a dolphin,0
an ostrich,832,a chicken a whale,0
an ostrich,832,an eagle a penguin,0
an ostrich,832,an eagle a salmon,0
an ostrich,832,an eagle a seal,0
an ostrich,832,an eagle a dolphin,0
an ostrich,832,an eagle a whale,0
an ostrich,832,a penguin a salmon,0
an ostrich,832,a penguin a seal,0
an ostrich,832,a penguin a dolphin,0
an ostrich,832,a penguin a whale,0
an ostrich,832,a salmon a seal,0
an ostrich,832,a salmon a whale,0
an ostrich,832,a seal a dolphin,0
an ostrich,832,a seal a whale,0
an ostrich,832,a dolphin a whale,0
a penguin,833,a finch a robin,0
a penguin,833,a finch a chicken,0
a penguin,833,a finch an eagle,0
a penguin,833,a finch an ostrich,0
a penguin,833,a finch a salmon,0
a penguin,833,a finch a seal,1
a penguin,833,a finch a dolphin,0
a penguin,833,a finch a whale,0
a penguin,833,a robin a chicken,0
a penguin,833,a robin an eagle,0
a penguin,833,a robin an ostrich,0
a penguin,833,a robin a salmon,0
a penguin,833,a robin a seal,1
a penguin,833,a robin a dolphin,0
a penguin,833,a robin a whale,0
a penguin,833,a chicken an eagle,0
a penguin,833,a chicken an ostrich,0
a penguin,833,a chicken a salmon,0
a penguin,833,a chicken a seal,1
a penguin,833,a chicken a dolphin,0
a penguin,833,a chicken a whale,0
a penguin,833,an eagle an ostrich,0
a penguin,833,an eagle a salmon,0
a penguin,833,an eagle a seal,1
a penguin,833,an eagle a dolphin,0
a penguin,833,an eagle a whale,0
a penguin,833,an ostrich a salmon,0
a penguin,833,an ostrich a seal,0
a penguin,833,an ostrich a dolphin,0
a penguin,833,an ostrich a whale,0
a penguin,833,a salmon a seal,1
a penguin,833,a salmon a dolphin,1
a penguin,833,a salmon a whale,1
a penguin,833,a seal a dolphin,0
a penguin,833,a seal a whale,0
a penguin,833,a dolphin a whale,0
an ostrich,834,a finch a robin,0
an ostrich,834,a finch a chicken,0
an ostrich,834,a finch an eagle,0
an ostrich,834,a finch a penguin,0
an ostrich,834,a finch a salmon,0
an ostrich,834,a finch a seal,0
an ostrich,834,a finch a dolphin,0
an ostrich,834,a finch a whale,0
an ostrich,834,a robin a chicken,0
an ostrich,834,a robin an eagle,0
an ostrich,834,a robin a penguin,0
an ostrich,834,a robin a salmon,0
an ostrich,834,a robin a seal,0
an ostrich,834,a robin a dolphin,0
an ostrich,834,a robin a whale,0
an ostrich,834,a chicken an eagle,0
an ostrich,834,a chicken a penguin,0
an ostrich,834,a chicken a salmon,0
an ostrich,834,a chicken a seal,0
an ostrich,834,a chicken a dolphin,0
an ostrich,834,a chicken a whale,0
an ostrich,834,an eagle a penguin,0
an ostrich,834,an eagle a salmon,0
an ostrich,834,an eagle a seal,0
an ostrich,834,an eagle a dolphin,0
an ostrich,834,an eagle a whale,0
an ostrich,834,a penguin a salmon,0
an ostrich,834,a penguin a seal,0
an ostrich,834,a penguin a dolphin,0
an ostrich,834,a penguin a whale,0
an ostrich,834,a salmon a seal,0
an ostrich,834,a salmon a dolphin,0
an ostrich,834,a salmon a whale,0
an ostrich,834,a seal a dolphin,0
an ostrich,834,a seal a whale,0
an ostrich,834,a dolphin a whale,0
a penguin,835,a finch a robin,0
a penguin,835,a finch a chicken,0
a penguin,835,a finch an eagle,0
a penguin,835,a finch an ostrich,0
a penguin,835,a finch a salmon,0
a penguin,835,a finch a seal,1
a penguin,835,a finch a dolphin,0
a penguin,835,a finch a whale,0
a penguin,835,a robin a chicken,0
a penguin,835,a robin an eagle,1
a penguin,835,a robin an ostrich,0
a penguin,835,a robin a salmon,0
a penguin,835,a robin a seal,1
a penguin,835,a robin a dolphin,0
a penguin,835,a robin a whale,0
a penguin,835,a chicken an eagle,0
a penguin,835,a chicken an ostrich,0
a penguin,835,a chicken a salmon,0
a penguin,835,a chicken a seal,1
a penguin,835,a chicken a dolphin,0
a penguin,835,a chicken a whale,0
a penguin,835,an eagle an ostrich,0
a penguin,835,an eagle a salmon,1
a penguin,835,an eagle a seal,1
a penguin,835,an eagle a dolphin,1
a penguin,835,an eagle a whale,1
a penguin,835,an ostrich a salmon,0
a penguin,835,an ostrich a seal,0
a penguin,835,an ostrich a dolphin,0
a penguin,835,an ostrich a whale,0
a penguin,835,a salmon a seal,1
a penguin,835,a salmon a dolphin,0
a penguin,835,a salmon a whale,0
a penguin,835,a seal a dolphin,0
a penguin,835,a seal a whale,0
a penguin,835,a dolphin a whale,0
a penguin,836,a finch a robin,0
a penguin,836,a finch a chicken,0
a penguin,836,a finch an eagle,0
a penguin,836,a finch an ostrich,0
a penguin,836,a finch a salmon,0
a penguin,836,a finch a seal,0
a penguin,836,a finch a dolphin,0
a penguin,836,a finch a whale,0
a penguin,836,a robin a chicken,1
a penguin,836,a robin an eagle,0
a penguin,836,a robin an ostrich,0
a penguin,836,a robin a salmon,0
a penguin,836,a robin a seal,1
a penguin,836,a robin a dolphin,0
a penguin,836,a robin a whale,0
a penguin,836,a chicken an eagle,0
a penguin,836,a chicken an ostrich,0
a penguin,836,a chicken a salmon,0
a penguin,836,a chicken a seal,1
a penguin,836,a chicken a dolphin,0
a penguin,836,a chicken a whale,0
a penguin,836,an eagle an ostrich,0
a penguin,836,an eagle a salmon,0
a penguin,836,an eagle a seal,1
a penguin,836,an eagle a dolphin,1
a penguin,836,an eagle a whale,0
a penguin,836,an ostrich a salmon,0
a penguin,836,an ostrich a seal,0
a penguin,836,an ostrich a dolphin,0
a penguin,836,an ostrich a whale,0
a penguin,836,a salmon a seal,0
a penguin,836,a salmon a dolphin,0
a penguin,836,a salmon a whale,0
a penguin,836,a seal a dolphin,0
a penguin,836,a seal a whale,0
a penguin,836,a dolphin a whale,0
a salmon,837,a finch a robin,0
a salmon,837,a finch a chicken,0
a salmon,837,a finch an eagle,0
a salmon,837,a finch an ostrich,0
a salmon,837,a finch a penguin,0
a salmon,837,a finch a seal,0
a salmon,837,a finch a dolphin,0
a salmon,837,a finch a whale,0
a salmon,837,a robin a chicken,1
a salmon,837,a robin an eagle,0
a salmon,837,a robin an ostrich,0
a salmon,837,a robin a penguin,0
a salmon,837,a robin a seal,0
a salmon,837,a robin a dolphin,0
a salmon,837,a robin a whale,0
a salmon,837,a chicken an eagle,0
a salmon,837,a chicken an ostrich,0
a salmon,837,a chicken a penguin,0
a salmon,837,a chicken a seal,0
a salmon,837,a chicken a dolphin,0
a salmon,837,a chicken a whale,0
a salmon,837,an eagle an ostrich,0
a salmon,837,an eagle a penguin,0
a salmon,837,an eagle a seal,1
a salmon,837,an eagle a dolphin,0
a salmon,837,an eagle a whale,1
a salmon,837,an ostrich a penguin,0
a salmon,837,an ostrich a seal,1
a salmon,837,an ostrich a dolphin,0
a salmon,837,an ostrich a whale,0
a salmon,837,a penguin a whale,1
a salmon,837,a seal a dolphin,0
a salmon,837,a seal a whale,0
a salmon,837,a dolphin a whale,0
an eagle,838,a finch a robin,0
an eagle,838,a finch a chicken,1
an eagle,838,a finch an ostrich,0
an eagle,838,a finch a penguin,0
an eagle,838,a finch a salmon,0
an eagle,838,a finch a seal,0
an eagle,838,a finch a dolphin,0
an eagle,838,a finch a whale,0
an eagle,838,a robin a chicken,0
an eagle,838,a robin an ostrich,0
an eagle,838,a robin a penguin,0
an eagle,838,a robin a salmon,0
an eagle,838,a robin a seal,0
an eagle,838,a robin a dolphin,0
an eagle,838,a robin a whale,0
an eagle,838,a chicken an ostrich,0
an eagle,838,a chicken a penguin,0
an eagle,838,a chicken a salmon,0
an eagle,838,a chicken a seal,0
an eagle,838,a chicken a dolphin,0
an eagle,838,a chicken a whale,0
an eagle,838,an ostrich a penguin,0
an eagle,838,an ostrich a salmon,0
an eagle,838,an ostrich a seal,0
an eagle,838,an ostrich a dolphin,0
an eagle,838,an ostrich a whale,0
an eagle,838,a penguin a salmon,0
an eagle,838,a penguin a seal,0
an eagle,838,a penguin a dolphin,0
an eagle,838,a penguin a whale,0
an eagle,838,a salmon a seal,0
an eagle,838,a salmon a dolphin,0
an eagle,838,a salmon a whale,0
an eagle,838,a seal a dolphin,0
an eagle,838,a dolphin a whale,0
a seal,839,a finch a robin,0
a seal,839,a finch a chicken,0
a seal,839,a finch an eagle,0
a seal,839,a finch an ostrich,0
a seal,839,a finch a penguin,0
a seal,839,a finch a salmon,0
a seal,839,a finch a dolphin,0
a seal,839,a finch a whale,0
a seal,839,a robin a chicken,0
a seal,839,a robin an eagle,0
a seal,839,a robin an ostrich,0
a seal,839,a robin a penguin,0
a seal,839,a robin a salmon,0
a seal,839,a robin a dolphin,0
a seal,839,a robin a whale,0
a seal,839,a chicken an eagle,0
a seal,839,a chicken an ostrich,0
a seal,839,a chicken a penguin,0
a seal,839,a chicken a salmon,1
a seal,839,a chicken a dolphin,0
a seal,839,a chicken a whale,0
a seal,839,an eagle an ostrich,0
a seal,839,an eagle a penguin,0
a seal,839,an eagle a salmon,1
a seal,839,an eagle a dolphin,0
a seal,839,an eagle a whale,1
a seal,839,an ostrich a penguin,0
a seal,839,an ostrich a salmon,0
a seal,839,an ostrich a dolphin,0
a seal,839,an ostrich a whale,0
a seal,839,a penguin a salmon,0
a seal,839,a penguin a dolphin,0
a seal,839,a penguin a whale,0
a seal,839,a salmon a dolphin,0
a seal,839,a salmon a whale,0
a seal,839,a dolphin a whale,0
a salmon,840,a finch a robin,0
a salmon,840,a finch a chicken,0
a salmon,840,a finch an eagle,0
a salmon,840,a finch an ostrich,0
a salmon,840,a finch a penguin,0
a salmon,840,a finch a seal,0
a salmon,840,a finch a dolphin,0
a salmon,840,a finch a whale,0
a salmon,840,a robin a chicken,1
a salmon,840,a robin an eagle,0
a salmon,840,a robin an ostrich,0
a salmon,840,a robin a penguin,0
a salmon,840,a robin a seal,1
a salmon,840,a robin a dolphin,0
a salmon,840,a robin a whale,0
a salmon,840,a chicken an eagle,0
a salmon,840,a chicken an ostrich,0
a salmon,840,a chicken a penguin,0
a salmon,840,a chicken a seal,1
a salmon,840,a chicken a dolphin,0
a salmon,840,a chicken a whale,0
a salmon,840,an eagle an ostrich,0
a salmon,840,an eagle a penguin,0
a salmon,840,an eagle a seal,1
a salmon,840,an eagle a dolphin,0
a salmon,840,an eagle a whale,0
a salmon,840,an ostrich a penguin,0
a salmon,840,an ostrich a seal,0
a salmon,840,an ostrich a dolphin,0
a salmon,840,an ostrich a whale,0
a salmon,840,a penguin a seal,0
a salmon,840,a penguin a dolphin,0
a salmon,840,a penguin a whale,1
a salmon,840,a seal a dolphin,0
a salmon,840,a seal a whale,0
a salmon,840,a dolphin a whale,0
a dolphin,841,a finch a chicken,0
a dolphin,841,a finch an eagle,0
a dolphin,841,a finch an ostrich,0
a dolphin,841,a finch a penguin,0
a dolphin,841,a finch a salmon,0
a dolphin,841,a finch a seal,0
a dolphin,841,a finch a whale,0
a dolphin,841,a robin a chicken,0
a dolphin,841,a robin an eagle,0
a dolphin,841,a robin an ostrich,0
a dolphin,841,a robin a penguin,0
a dolphin,841,a robin a salmon,0
a dolphin,841,a robin a seal,0
a dolphin,841,a robin a whale,0
a dolphin,841,a chicken an eagle,0
a dolphin,841,a chicken an ostrich,0
a dolphin,841,a chicken a penguin,0
a dolphin,841,a chicken a salmon,0
a dolphin,841,a chicken a seal,0
a dolphin,841,a chicken a whale,0
a dolphin,841,an eagle an ostrich,0
a dolphin,841,an eagle a penguin,0
a dolphin,841,an eagle a salmon,0
a dolphin,841,an eagle a seal,0
a dolphin,841,an eagle a whale,1
a dolphin,841,an ostrich a penguin,0
a dolphin,841,an ostrich a salmon,0
a dolphin,841,an ostrich a seal,0
a dolphin,841,an ostrich a whale,0
a dolphin,841,a penguin a salmon,0
a dolphin,841,a penguin a seal,1
a dolphin,841,a penguin a whale,1
a dolphin,841,a salmon a seal,0
a dolphin,841,a salmon a whale,0
a salmon,842,a finch a robin,0
a salmon,842,a finch a chicken,0
a salmon,842,a finch an eagle,0
a salmon,842,a finch an ostrich,0
a salmon,842,a finch a penguin,0
a salmon,842,a finch a seal,0
a salmon,842,a finch a dolphin,0
a salmon,842,a finch a whale,0
a salmon,842,a robin a chicken,0
a salmon,842,a robin an eagle,0
a salmon,842,a robin an ostrich,0
a salmon,842,a robin a penguin,0
a salmon,842,a robin a seal,0
a salmon,842,a robin a whale,0
a salmon,842,a chicken an eagle,0
a salmon,842,a chicken an ostrich,0
a salmon,842,a chicken a penguin,0
a salmon,842,a chicken a seal,0
a salmon,842,a chicken a dolphin,0
a salmon,842,a chicken a whale,0
a salmon,842,an eagle an ostrich,0
a salmon,842,an eagle a seal,1
a salmon,842,an eagle a dolphin,0
a salmon,842,an eagle a whale,1
a salmon,842,an ostrich a penguin,0
a salmon,842,an ostrich a seal,1
a salmon,842,an ostrich a dolphin,0
a salmon,842,an ostrich a whale,0
a salmon,842,a penguin a seal,1
a salmon,842,a penguin a dolphin,1
a salmon,842,a penguin a whale,1
a salmon,842,a seal a dolphin,0
a salmon,842,a seal a whale,0
a salmon,842,a dolphin a whale,0
a chicken,843,a finch a robin,0
a chicken,843,a finch an eagle,0
a chicken,843,a finch an ostrich,0
a chicken,843,a finch a penguin,0
a chicken,843,a finch a salmon,0
a chicken,843,a finch a seal,0
a chicken,843,a finch a dolphin,0
a chicken,843,a finch a whale,0
a chicken,843,a robin an eagle,0
a chicken,843,a robin an ostrich,0
a chicken,843,a robin a penguin,0
a chicken,843,a robin a salmon,0
a chicken,843,a robin a seal,0
a chicken,843,a robin a dolphin,0
a chicken,843,a robin a whale,0
a chicken,843,an eagle an ostrich,0
a chicken,843,an eagle a penguin,0
a chicken,843,an eagle a salmon,0
a chicken,843,an eagle a seal,0
a chicken,843,an eagle a dolphin,0
a chicken,843,an eagle a whale,0
a chicken,843,an ostrich a penguin,0
a chicken,843,an ostrich a salmon,0
a chicken,843,an ostrich a seal,0
a chicken,843,an ostrich a dolphin,0
a chicken,843,an ostrich a whale,0
a chicken,843,a penguin a salmon,0
a chicken,843,a penguin a seal,0
a chicken,843,a penguin a dolphin,0
a chicken,843,a penguin a whale,0
a chicken,843,a salmon a seal,0
a chicken,843,a salmon a dolphin,0
a chicken,843,a salmon a whale,0
a chicken,843,a seal a whale,0
a chicken,843,a dolphin a whale,0
a chicken,844,a finch a robin,0
a chicken,844,a finch an eagle,0
a chicken,844,a finch an ostrich,0
a chicken,844,a finch a penguin,0
a chicken,844,a finch a salmon,0
a chicken,844,a finch a seal,0
a chicken,844,a finch a dolphin,0
a chicken,844,a finch a whale,0
a chicken,844,a robin an eagle,0
a chicken,844,a robin an ostrich,0
a chicken,844,a robin a penguin,0
a chicken,844,a robin a salmon,0
a chicken,844,a robin a seal,0
a chicken,844,a robin a dolphin,0
a chicken,844,a robin a whale,0
a chicken,844,an eagle an ostrich,0
a chicken,844,an eagle a penguin,0
a chicken,844,an eagle a salmon,0
a chicken,844,an eagle a seal,0
a chicken,844,an eagle a dolphin,0
a chicken,844,an eagle a whale,0
a chicken,844,an ostrich a penguin,0
a chicken,844,an ostrich a salmon,0
a chicken,844,an ostrich a seal,0
a chicken,844,an ostrich a dolphin,0
a chicken,844,an ostrich a whale,0
a chicken,844,a penguin a salmon,0
a chicken,844,a penguin a seal,0
a chicken,844,a penguin a dolphin,0
a chicken,844,a penguin a whale,0
a chicken,844,a salmon a seal,0
a chicken,844,a salmon a dolphin,0
a chicken,844,a salmon a whale,0
a chicken,844,a seal a dolphin,0
a chicken,844,a seal a whale,0
a chicken,844,a dolphin a whale,0
a seal,845,a finch a robin,0
a seal,845,a finch a chicken,0
a seal,845,a finch an eagle,0
a seal,845,a finch an ostrich,0
a seal,845,a finch a penguin,0
a seal,845,a finch a salmon,0
a seal,845,a finch a dolphin,0
a seal,845,a finch a whale,0
a seal,845,a robin a chicken,0
a seal,845,a robin an eagle,0
a seal,845,a robin an ostrich,0
a seal,845,a robin a penguin,0
a seal,845,a robin a salmon,1
a seal,845,a robin a dolphin,0
a seal,845,a robin a whale,0
a seal,845,a chicken an ostrich,0
a seal,845,a chicken a penguin,0
a seal,845,a chicken a salmon,0
a seal,845,a chicken a dolphin,0
a seal,845,a chicken a whale,0
a seal,845,an eagle an ostrich,0
a seal,845,an eagle a penguin,0
a seal,845,an eagle a salmon,0
a seal,845,an eagle a dolphin,0
a seal,845,an eagle a whale,1
a seal,845,an ostrich a penguin,0
a seal,845,an ostrich a salmon,0
a seal,845,an ostrich a dolphin,0
a seal,845,an ostrich a whale,0
a seal,845,a penguin a dolphin,0
a seal,845,a penguin a whale,0
a seal,845,a salmon a dolphin,0
a seal,845,a salmon a whale,0
a seal,845,a dolphin a whale,0
an ostrich,846,a finch a robin,0
an ostrich,846,a finch a chicken,0
an ostrich,846,a finch an eagle,0
an ostrich,846,a finch a penguin,0
an ostrich,846,a finch a salmon,0
an ostrich,846,a finch a seal,0
an ostrich,846,a finch a dolphin,0
an ostrich,846,a finch a whale,0
an ostrich,846,a robin a chicken,0
an ostrich,846,a robin an eagle,0
an ostrich,846,a robin a penguin,0
an ostrich,846,a robin a salmon,0
an ostrich,846,a robin a seal,0
an ostrich,846,a robin a dolphin,0
an ostrich,846,a robin a whale,0
an ostrich,846,a chicken an eagle,0
an ostrich,846,a chicken a penguin,0
an ostrich,846,a chicken a salmon,0
an ostrich,846,a chicken a seal,0
an ostrich,846,a chicken a dolphin,0
an ostrich,846,a chicken a whale,0
an ostrich,846,an eagle a penguin,0
an ostrich,846,an eagle a salmon,0
an ostrich,846,an eagle a seal,0
an ostrich,846,a penguin a salmon,0
an ostrich,846,a penguin a seal,0
an ostrich,846,a penguin a dolphin,0
an ostrich,846,a penguin a whale,0
an ostrich,846,a salmon a seal,0
an ostrich,846,a salmon a dolphin,0
an ostrich,846,a salmon a whale,1
an ostrich,846,a seal a dolphin,0
an ostrich,846,a seal a whale,0
an ostrich,846,a dolphin a whale,0
an eagle,847,a finch a robin,0
an eagle,847,a finch a chicken,0
an eagle,847,a finch an ostrich,0
an eagle,847,a finch a penguin,0
an eagle,847,a finch a salmon,0
an eagle,847,a finch a seal,0
an eagle,847,a finch a dolphin,0
an eagle,847,a finch a whale,0
an eagle,847,a robin a chicken,0
an eagle,847,a robin an ostrich,0
an eagle,847,a robin a penguin,0
an eagle,847,a robin a salmon,0
an eagle,847,a robin a seal,0
an eagle,847,a robin a dolphin,0
an eagle,847,a robin a whale,0
an eagle,847,a chicken an ostrich,0
an eagle,847,a chicken a penguin,0
an eagle,847,a chicken a salmon,0
an eagle,847,a chicken a seal,0
an eagle,847,a chicken a dolphin,0
an eagle,847,a chicken a whale,0
an eagle,847,an ostrich a penguin,0
an eagle,847,an ostrich a salmon,0
an eagle,847,an ostrich a seal,0
an eagle,847,an ostrich a dolphin,0
an eagle,847,an ostrich a whale,0
an eagle,847,a penguin a salmon,0
an eagle,847,a penguin a seal,0
an eagle,847,a penguin a dolphin,1
an eagle,847,a penguin a whale,0
an eagle,847,a salmon a seal,0
an eagle,847,a salmon a dolphin,0
an eagle,847,a salmon a whale,0
an eagle,847,a seal a dolphin,0
an eagle,847,a seal a whale,0
an eagle,847,a dolphin a whale,0
a seal,848,a finch a robin,0
a seal,848,a finch a chicken,0
a seal,848,a finch an eagle,0
a seal,848,a finch an ostrich,0
a seal,848,a finch a penguin,0
a seal,848,a finch a salmon,0
a seal,848,a finch a dolphin,0
a seal,848,a finch a whale,0
a seal,848,a robin a chicken,0
a seal,848,a robin an eagle,0
a seal,848,a robin an ostrich,0
a seal,848,a robin a penguin,0
a seal,848,a robin a salmon,0
a seal,848,a robin a dolphin,0
a seal,848,a robin a whale,0
a seal,848,a chicken an eagle,0
a seal,848,a chicken an ostrich,0
a seal,848,a chicken a penguin,0
a seal,848,a chicken a salmon,1
a seal,848,a chicken a dolphin,0
a seal,848,a chicken a whale,0
a seal,848,an eagle an ostrich,0
a seal,848,an eagle a penguin,0
a seal,848,an eagle a salmon,0
a seal,848,an eagle a dolphin,0
a seal,848,an eagle a whale,0
a seal,848,an ostrich a penguin,0
a seal,848,an ostrich a salmon,0
a seal,848,an ostrich a whale,0
a seal,848,a penguin a salmon,0
a seal,848,a penguin a dolphin,0
a seal,848,a penguin a whale,0
a seal,848,a salmon a dolphin,0
a seal,848,a salmon a whale,0
a seal,848,a dolphin a whale,0
a penguin,849,a finch a robin,0
a penguin,849,a finch a chicken,0
a penguin,849,a finch an eagle,0
a penguin,849,a finch an ostrich,0
a penguin,849,a finch a salmon,0
a penguin,849,a finch a seal,0
a penguin,849,a finch a dolphin,0
a penguin,849,a finch a whale,0
a penguin,849,a robin a chicken,1
a penguin,849,a robin an eagle,0
a penguin,849,a robin an ostrich,0
a penguin,849,a robin a salmon,0
a penguin,849,a robin a seal,1
a penguin,849,a robin a dolphin,0
a penguin,849,a robin a whale,0
a penguin,849,a chicken an eagle,0
a penguin,849,a chicken an ostrich,0
a penguin,849,a chicken a salmon,0
a penguin,849,a chicken a seal,1
a penguin,849,a chicken a dolphin,0
a penguin,849,a chicken a whale,0
a penguin,849,an eagle an ostrich,0
a penguin,849,an eagle a salmon,0
a penguin,849,an eagle a seal,1
a penguin,849,an eagle a dolphin,1
a penguin,849,an eagle a whale,0
a penguin,849,an ostrich a salmon,0
a penguin,849,an ostrich a seal,0
a penguin,849,an ostrich a dolphin,0
a penguin,849,an ostrich a whale,0
a penguin,849,a salmon a seal,1
a penguin,849,a salmon a dolphin,0
a penguin,849,a salmon a whale,0
a penguin,849,a seal a dolphin,0
a penguin,849,a seal a whale,0
a penguin,849,a dolphin a whale,0
a robin,850,a finch a chicken,0
a robin,850,a finch an eagle,0
a robin,850,a finch an ostrich,0
a robin,850,a finch a penguin,0
a robin,850,a finch a salmon,0
a robin,850,a finch a seal,0
a robin,850,a finch a dolphin,0
a robin,850,a finch a whale,0
a robin,850,a chicken an eagle,0
a robin,850,a chicken an ostrich,0
a robin,850,a chicken a penguin,0
a robin,850,a chicken a salmon,0
a robin,850,a chicken a seal,0
a robin,850,a chicken a dolphin,0
a robin,850,a chicken a whale,0
a robin,850,an eagle an ostrich,0
a robin,850,an eagle a penguin,0
a robin,850,an eagle a salmon,0
a robin,850,an eagle a seal,0
a robin,850,an eagle a dolphin,0
a robin,850,an eagle a whale,0
a robin,850,an ostrich a penguin,0
a robin,850,an ostrich a salmon,0
a robin,850,an ostrich a seal,0
a robin,850,an ostrich a dolphin,0
a robin,850,an ostrich a whale,0
a robin,850,a penguin a salmon,0
a robin,850,a penguin a seal,0
a robin,850,a penguin a dolphin,0
a robin,850,a penguin a whale,0
a robin,850,a salmon a seal,0
a robin,850,a salmon a dolphin,0
a robin,850,a salmon a whale,0
a robin,850,a seal a dolphin,0
a robin,850,a seal a whale,0
a robin,850,a dolphin a whale,0
an eagle,851,a finch a robin,0
an eagle,851,a finch a chicken,0
an eagle,851,a finch an ostrich,0
an eagle,851,a finch a penguin,0
an eagle,851,a finch a salmon,0
an eagle,851,a finch a seal,0
an eagle,851,a finch a dolphin,0
an eagle,851,a finch a whale,0
an eagle,851,a robin a chicken,0
an eagle,851,a robin an ostrich,0
an eagle,851,a robin a penguin,0
an eagle,851,a robin a salmon,0
an eagle,851,a robin a seal,0
an eagle,851,a robin a dolphin,0
an eagle,851,a robin a whale,0
an eagle,851,a chicken an ostrich,0
an eagle,851,a chicken a penguin,0
an eagle,851,a chicken a salmon,0
an eagle,851,a chicken a seal,0
an eagle,851,a chicken a dolphin,0
an eagle,851,a chicken a whale,0
an eagle,851,an ostrich a penguin,0
an eagle,851,an ostrich a salmon,0
an eagle,851,an ostrich a seal,0
an eagle,851,an ostrich a whale,0
an eagle,851,a penguin a salmon,0
an eagle,851,a penguin a seal,0
an eagle,851,a penguin a dolphin,0
an eagle,851,a penguin a whale,0
an eagle,851,a salmon a seal,0
an eagle,851,a salmon a whale,0
an eagle,851,a seal a dolphin,0
an eagle,851,a dolphin a whale,0
an eagle,852,a finch a robin,0
an eagle,852,a finch a chicken,0
an eagle,852,a finch an ostrich,0
an eagle,852,a finch a penguin,0
an eagle,852,a finch a salmon,0
an eagle,852,a finch a seal,0
an eagle,852,a finch a dolphin,0
an eagle,852,a finch a whale,0
an eagle,852,a robin a chicken,0
an eagle,852,a robin an ostrich,0
an eagle,852,a robin a penguin,0
an eagle,852,a robin a salmon,0
an eagle,852,a robin a seal,0
an eagle,852,a robin a dolphin,0
an eagle,852,a robin a whale,0
an eagle,852,a chicken an ostrich,0
an eagle,852,a chicken a penguin,0
an eagle,852,a chicken a salmon,0
an eagle,852,a chicken a seal,0
an eagle,852,a chicken a dolphin,0
an eagle,852,a chicken a whale,0
an eagle,852,an ostrich a penguin,0
an eagle,852,an ostrich a salmon,0
an eagle,852,an ostrich a seal,0
an eagle,852,an ostrich a dolphin,0
an eagle,852,a penguin a salmon,0
an eagle,852,a penguin a seal,0
an eagle,852,a penguin a dolphin,0
an eagle,852,a penguin a whale,0
an eagle,852,a salmon a seal,0
an eagle,852,a salmon a dolphin,0
an eagle,852,a salmon a whale,0
an eagle,852,a seal a dolphin,0
an eagle,852,a seal a whale,0
an eagle,852,a dolphin a whale,0
a penguin,853,a finch a robin,0
a penguin,853,a finch a chicken,0
a penguin,853,a finch an eagle,0
a penguin,853,a finch an ostrich,0
a penguin,853,a finch a salmon,0
a penguin,853,a finch a seal,1
a penguin,853,a finch a dolphin,0
a penguin,853,a finch a whale,0
a penguin,853,a robin a chicken,1
a penguin,853,a robin an eagle,0
a penguin,853,a robin an ostrich,0
a penguin,853,a robin a salmon,0
a penguin,853,a robin a seal,0
a penguin,853,a robin a dolphin,0
a penguin,853,a robin a whale,0
a penguin,853,a chicken an eagle,0
a penguin,853,a chicken an ostrich,0
a penguin,853,a chicken a salmon,0
a penguin,853,a chicken a seal,0
a penguin,853,a chicken a dolphin,0
a penguin,853,a chicken a whale,0
a penguin,853,an eagle an ostrich,0
a penguin,853,an eagle a salmon,1
a penguin,853,an eagle a seal,1
a penguin,853,an eagle a dolphin,0
a penguin,853,an eagle a whale,1
a penguin,853,an ostrich a salmon,0
a penguin,853,an ostrich a seal,1
a penguin,853,an ostrich a dolphin,0
a penguin,853,a salmon a seal,1
a penguin,853,a salmon a dolphin,0
a penguin,853,a salmon a whale,0
a penguin,853,a seal a dolphin,0
a penguin,853,a seal a whale,0
a penguin,853,a dolphin a whale,0
a penguin,854,a finch a robin,0
a penguin,854,a finch a chicken,0
a penguin,854,a finch an eagle,0
a penguin,854,a finch an ostrich,0
a penguin,854,a finch a salmon,0
a penguin,854,a finch a seal,1
a penguin,854,a finch a dolphin,0
a penguin,854,a finch a whale,0
a penguin,854,a robin a chicken,1
a penguin,854,a robin an eagle,0
a penguin,854,a robin an ostrich,0
a penguin,854,a robin a salmon,0
a penguin,854,a robin a seal,0
a penguin,854,a robin a dolphin,0
a penguin,854,a robin a whale,0
a penguin,854,a chicken an eagle,0
a penguin,854,a chicken an ostrich,0
a penguin,854,a chicken a salmon,0
a penguin,854,a chicken a seal,0
a penguin,854,a chicken a dolphin,0
a penguin,854,a chicken a whale,0
a penguin,854,an eagle an ostrich,1
a penguin,854,an eagle a salmon,1
a penguin,854,an eagle a seal,1
a penguin,854,an eagle a dolphin,1
a penguin,854,an eagle a whale,1
a penguin,854,an ostrich a salmon,0
a penguin,854,an ostrich a seal,0
a penguin,854,an ostrich a dolphin,0
a penguin,854,an ostrich a whale,0
a penguin,854,a salmon a seal,0
a penguin,854,a salmon a dolphin,0
a penguin,854,a salmon a whale,1
a penguin,854,a seal a dolphin,0
a penguin,854,a seal a whale,0
a penguin,854,a dolphin a whale,0
a finch,855,a robin a chicken,0
a finch,855,a robin an eagle,0
a finch,855,a robin an ostrich,0
a finch,855,a robin a penguin,0
a finch,855,a robin a salmon,0
a finch,855,a robin a seal,0
a finch,855,a robin a dolphin,0
a finch,855,a robin a whale,0
a finch,855,a chicken an eagle,0
a finch,855,a chicken an ostrich,0
a finch,855,a chicken a penguin,0
a finch,855,a chicken a salmon,0
a finch,855,a chicken a seal,0
a finch,855,a chicken a dolphin,0
a finch,855,a chicken a whale,0
a finch,855,an eagle an ostrich,0
a finch,855,an eagle a penguin,0
a finch,855,an eagle a salmon,0
a finch,855,an eagle a seal,0
a finch,855,an eagle a dolphin,0
a finch,855,an eagle a whale,0
a finch,855,an ostrich a penguin,0
a finch,855,an ostrich a salmon,0
a finch,855,an ostrich a seal,0
a finch,855,an ostrich a dolphin,0
a finch,855,an ostrich a whale,0
a finch,855,a penguin a salmon,0
a finch,855,a penguin a seal,0
a finch,855,a penguin a dolphin,0
a finch,855,a penguin a whale,0
a finch,855,a salmon a seal,0
a finch,855,a salmon a dolphin,0
a finch,855,a salmon a whale,0
a finch,855,a seal a dolphin,0
a finch,855,a seal a whale,0
a finch,855,a dolphin a whale,0
a seal,856,a finch a robin,0
a seal,856,a finch a chicken,0
a seal,856,a finch an eagle,0
a seal,856,a finch an ostrich,0
a seal,856,a finch a penguin,0
a seal,856,a finch a salmon,0
a seal,856,a finch a dolphin,0
a seal,856,a finch a whale,0
a seal,856,a robin a chicken,0
a seal,856,a robin an eagle,0
a seal,856,a robin an ostrich,0
a seal,856,a robin a penguin,0
a seal,856,a robin a salmon,0
a seal,856,a robin a dolphin,0
a seal,856,a robin a whale,0
a seal,856,a chicken an eagle,0
a seal,856,a chicken an ostrich,0
a seal,856,a chicken a penguin,0
a seal,856,a chicken a salmon,0
a seal,856,a chicken a dolphin,0
a seal,856,a chicken a whale,0
a seal,856,an eagle an ostrich,0
a seal,856,an eagle a penguin,0
a seal,856,an eagle a salmon,1
a seal,856,an eagle a dolphin,0
a seal,856,an eagle a whale,0
a seal,856,an ostrich a penguin,0
a seal,856,an ostrich a dolphin,0
a seal,856,an ostrich a whale,0
a seal,856,a penguin a salmon,0
a seal,856,a penguin a dolphin,0
a seal,856,a penguin a whale,0
a seal,856,a salmon a dolphin,0
a seal,856,a salmon a whale,0
a seal,856,a dolphin a whale,0
a penguin,857,a finch a robin,0
a penguin,857,a finch a chicken,1
a penguin,857,a finch an eagle,0
a penguin,857,a finch an ostrich,0
a penguin,857,a finch a salmon,0
a penguin,857,a finch a seal,1
a penguin,857,a finch a dolphin,0
a penguin,857,a finch a whale,0
a penguin,857,a robin a chicken,1
a penguin,857,a robin an eagle,0
a penguin,857,a robin an ostrich,0
a penguin,857,a robin a salmon,0
a penguin,857,a robin a seal,0
a penguin,857,a robin a dolphin,0
a penguin,857,a robin a whale,0
a penguin,857,a chicken an eagle,0
a penguin,857,a chicken an ostrich,0
a penguin,857,a chicken a salmon,0
a penguin,857,a chicken a seal,0
a penguin,857,a chicken a dolphin,0
a penguin,857,a chicken a whale,0
a penguin,857,an eagle an ostrich,0
a penguin,857,an eagle a salmon,1
a penguin,857,an eagle a seal,1
a penguin,857,an eagle a dolphin,0
a penguin,857,an eagle a whale,0
a penguin,857,an ostrich a salmon,0
a penguin,857,an ostrich a seal,0
a penguin,857,an ostrich a dolphin,0
a penguin,857,an ostrich a whale,0
a penguin,857,a salmon a seal,0
a penguin,857,a salmon a dolphin,0
a penguin,857,a salmon a whale,0
a penguin,857,a seal a dolphin,0
a penguin,857,a seal a whale,0
a penguin,857,a dolphin a whale,0
a chicken,858,a finch a robin,0
a chicken,858,a finch an eagle,0
a chicken,858,a finch an ostrich,0
a chicken,858,a finch a penguin,0
a chicken,858,a finch a salmon,0
a chicken,858,a finch a seal,0
a chicken,858,a finch a dolphin,0
a chicken,858,a finch a whale,0
a chicken,858,a robin an eagle,0
a chicken,858,a robin an ostrich,0
a chicken,858,a robin a penguin,0
a chicken,858,a robin a salmon,0
a chicken,858,a robin a seal,0
a chicken,858,a robin a whale,0
a chicken,858,an eagle an ostrich,0
a chicken,858,an eagle a penguin,0
a chicken,858,an eagle a salmon,0
a chicken,858,an eagle a seal,0
a chicken,858,an eagle a dolphin,0
a chicken,858,an eagle a whale,0
a chicken,858,an ostrich a penguin,0
a chicken,858,an ostrich a salmon,0
a chicken,858,an ostrich a seal,0
a chicken,858,an ostrich a dolphin,0
a chicken,858,an ostrich a whale,0
a chicken,858,a penguin a salmon,0
a chicken,858,a penguin a seal,0
a chicken,858,a penguin a dolphin,0
a chicken,858,a penguin a whale,0
a chicken,858,a salmon a seal,0
a chicken,858,a salmon a dolphin,0
a chicken,858,a salmon a whale,0
a chicken,858,a seal a dolphin,0
a chicken,858,a seal a whale,0
a chicken,858,a dolphin a whale,0
a dolphin,859,a finch a robin,0
a dolphin,859,a finch a chicken,0
a dolphin,859,a finch an eagle,0
a dolphin,859,a finch an ostrich,0
a dolphin,859,a finch a penguin,0
a dolphin,859,a finch a salmon,0
a dolphin,859,a finch a seal,1
a dolphin,859,a finch a whale,0
a dolphin,859,a robin a chicken,1
a dolphin,859,a robin an eagle,0
a dolphin,859,a robin an ostrich,0
a dolphin,859,a robin a penguin,0
a dolphin,859,a robin a salmon,1
a dolphin,859,a robin a seal,0
a dolphin,859,a robin a whale,0
a dolphin,859,a chicken an eagle,0
a dolphin,859,a chicken an ostrich,0
a dolphin,859,a chicken a penguin,0
a dolphin,859,a chicken a salmon,0
a dolphin,859,a chicken a seal,1
a dolphin,859,a chicken a whale,0
a dolphin,859,an eagle an ostrich,0
a dolphin,859,an eagle a penguin,0
a dolphin,859,an eagle a salmon,1
a dolphin,859,an eagle a seal,1
a dolphin,859,an eagle a whale,0
a dolphin,859,an ostrich a penguin,0
a dolphin,859,an ostrich a salmon,0
a dolphin,859,an ostrich a seal,0
a dolphin,859,an ostrich a whale,0
a dolphin,859,a penguin a salmon,0
a dolphin,859,a penguin a seal,0
a dolphin,859,a penguin a whale,1
a dolphin,859,a salmon a seal,1
a dolphin,859,a salmon a whale,0
a dolphin,859,a seal a whale,0
a robin,860,a finch a chicken,0
a robin,860,a finch an eagle,0
a robin,860,a finch an ostrich,0
a robin,860,a finch a penguin,0
a robin,860,a finch a salmon,0
a robin,860,a finch a seal,0
a robin,860,a finch a dolphin,0
a robin,860,a finch a whale,0
a robin,860,a chicken an eagle,0
a robin,860,a chicken an ostrich,0
a robin,860,a chicken a penguin,0
a robin,860,a chicken a salmon,0
a robin,860,a chicken a seal,0
a robin,860,a chicken a dolphin,0
a robin,860,a chicken a whale,0
a robin,860,an eagle an ostrich,0
a robin,860,an eagle a penguin,0
a robin,860,an eagle a salmon,0
a robin,860,an eagle a seal,0
a robin,860,an eagle a dolphin,0
a robin,860,an eagle a whale,0
a robin,860,an ostrich a penguin,0
a robin,860,an ostrich a salmon,0
a robin,860,an ostrich a seal,0
a robin,860,an ostrich a dolphin,0
a robin,860,an ostrich a whale,0
a robin,860,a penguin a salmon,0
a robin,860,a penguin a seal,0
a robin,860,a penguin a dolphin,0
a robin,860,a penguin a whale,0
a robin,860,a salmon a seal,0
a robin,860,a salmon a dolphin,0
a robin,860,a salmon a whale,0
a robin,860,a seal a dolphin,0
a robin,860,a seal a whale,0
a robin,860,a dolphin a whale,0
a seal,861,a finch a robin,0
a seal,861,a finch a chicken,0
a seal,861,a finch an eagle,0
a seal,861,a finch an ostrich,0
a seal,861,a finch a penguin,0
a seal,861,a finch a salmon,0
a seal,861,a finch a dolphin,0
a seal,861,a finch a whale,0
a seal,861,a robin a chicken,0
a seal,861,a robin an eagle,0
a seal,861,a robin an ostrich,0
a seal,861,a robin a penguin,0
a seal,861,a robin a salmon,1
a seal,861,a robin a dolphin,0
a seal,861,a robin a whale,0
a seal,861,a chicken an eagle,0
a seal,861,a chicken an ostrich,0
a seal,861,a chicken a penguin,0
a seal,861,a chicken a salmon,0
a seal,861,a chicken a dolphin,0
a seal,861,a chicken a whale,0
a seal,861,an eagle an ostrich,0
a seal,861,an eagle a penguin,0
a seal,861,an eagle a salmon,0
a seal,861,an eagle a dolphin,0
a seal,861,an eagle a whale,0
a seal,861,an ostrich a penguin,0
a seal,861,an ostrich a salmon,0
a seal,861,an ostrich a dolphin,0
a seal,861,an ostrich a whale,0
a seal,861,a penguin a salmon,0
a seal,861,a penguin a dolphin,0
a seal,861,a penguin a whale,0
a seal,861,a salmon a dolphin,0
a seal,861,a salmon a whale,0
a seal,861,a dolphin a whale,0
a whale,862,a finch a robin,0
a whale,862,a finch a chicken,0
a whale,862,a finch an eagle,0
a whale,862,a finch an ostrich,0
a whale,862,a finch a penguin,0
a whale,862,a finch a salmon,0
a whale,862,a finch a seal,0
a whale,862,a finch a dolphin,0
a whale,862,a robin a chicken,1
a whale,862,a robin an eagle,0
a whale,862,a robin an ostrich,0
a whale,862,a robin a penguin,0
a whale,862,a robin a salmon,0
a whale,862,a robin a seal,1
a whale,862,a robin a dolphin,0
a whale,862,a chicken an ostrich,0
a whale,862,a chicken a penguin,0
a whale,862,a chicken a salmon,0
a whale,862,a chicken a seal,0
a whale,862,a chicken a dolphin,0
a whale,862,an eagle an ostrich,0
a whale,862,an eagle a penguin,0
a whale,862,an eagle a salmon,0
a whale,862,an eagle a seal,1
a whale,862,an eagle a dolphin,0
a whale,862,an ostrich a penguin,0
a whale,862,an ostrich a salmon,0
a whale,862,an ostrich a seal,1
a whale,862,an ostrich a dolphin,0
a whale,862,a penguin a salmon,1
a whale,862,a penguin a seal,0
a whale,862,a penguin a dolphin,0
a whale,862,a salmon a seal,0
a whale,862,a salmon a dolphin,0
a whale,862,a seal a dolphin,0
a chicken,863,a finch a robin,0
a chicken,863,a finch an eagle,0
a chicken,863,a finch an ostrich,0
a chicken,863,a finch a penguin,0
a chicken,863,a finch a seal,0
a chicken,863,a finch a dolphin,0
a chicken,863,a finch a whale,0
a chicken,863,a robin an eagle,0
a chicken,863,a robin an ostrich,0
a chicken,863,a robin a penguin,0
a chicken,863,a robin a salmon,0
a chicken,863,a robin a seal,0
a chicken,863,a robin a dolphin,0
a chicken,863,a robin a whale,0
a chicken,863,an eagle an ostrich,0
a chicken,863,an eagle a penguin,0
a chicken,863,an eagle a salmon,0
a chicken,863,an eagle a seal,0
a chicken,863,an eagle a dolphin,0
a chicken,863,an eagle a whale,0
a chicken,863,an ostrich a penguin,0
a chicken,863,an ostrich a salmon,0
a chicken,863,an ostrich a seal,0
a chicken,863,an ostrich a dolphin,0
a chicken,863,an ostrich a whale,0
a chicken,863,a penguin a salmon,0
a chicken,863,a penguin a seal,0
a chicken,863,a penguin a dolphin,0
a chicken,863,a penguin a whale,0
a chicken,863,a salmon a seal,0
a chicken,863,a salmon a dolphin,0
a chicken,863,a salmon a whale,0
a chicken,863,a seal a dolphin,0
a chicken,863,a seal a whale,0
a chicken,863,a dolphin a whale,0
an ostrich,864,a finch a robin,0
an ostrich,864,a finch a chicken,0
an ostrich,864,a finch an eagle,0
an ostrich,864,a finch a penguin,0
an ostrich,864,a finch a salmon,0
an ostrich,864,a finch a seal,0
an ostrich,864,a finch a dolphin,0
an ostrich,864,a finch a whale,0
an ostrich,864,a robin a chicken,1
an ostrich,864,a robin an eagle,1
an ostrich,864,a robin a penguin,0
an ostrich,864,a robin a salmon,0
an ostrich,864,a robin a seal,0
an ostrich,864,a robin a dolphin,0
an ostrich,864,a robin a whale,0
an ostrich,864,a chicken an eagle,0
an ostrich,864,a chicken a penguin,0
an ostrich,864,a chicken a salmon,0
an ostrich,864,a chicken a seal,0
an ostrich,864,a chicken a dolphin,0
an ostrich,864,a chicken a whale,0
an ostrich,864,an eagle a penguin,0
an ostrich,864,an eagle a salmon,0
an ostrich,864,an eagle a seal,0
an ostrich,864,an eagle a dolphin,0
an ostrich,864,an eagle a whale,0
an ostrich,864,a penguin a salmon,0
an ostrich,864,a penguin a seal,0
an ostrich,864,a penguin a dolphin,0
an ostrich,864,a penguin a whale,0
an ostrich,864,a salmon a seal,0
an ostrich,864,a seal a dolphin,0
an ostrich,864,a dolphin a whale,0
a penguin,865,a finch a robin,0
a penguin,865,a finch a chicken,0
a penguin,865,a finch an eagle,0
a penguin,865,a finch an ostrich,0
a penguin,865,a finch a salmon,0
a penguin,865,a finch a seal,1
a penguin,865,a finch a dolphin,0
a penguin,865,a finch a whale,0
a penguin,865,a robin a chicken,0
a penguin,865,a robin an eagle,0
a penguin,865,a robin an ostrich,0
a penguin,865,a robin a salmon,0
a penguin,865,a robin a seal,1
a penguin,865,a robin a dolphin,0
a penguin,865,a robin a whale,0
a penguin,865,a chicken an eagle,0
a penguin,865,a chicken an ostrich,0
a penguin,865,a chicken a salmon,0
a penguin,865,a chicken a seal,0
a penguin,865,a chicken a dolphin,0
a penguin,865,a chicken a whale,0
a penguin,865,an eagle an ostrich,1
a penguin,865,an eagle a salmon,1
a penguin,865,an eagle a seal,1
a penguin,865,an eagle a dolphin,0
a penguin,865,an eagle a whale,0
a penguin,865,an ostrich a salmon,0
a penguin,865,an ostrich a seal,0
a penguin,865,an ostrich a dolphin,0
a penguin,865,an ostrich a whale,0
a penguin,865,a salmon a seal,0
a penguin,865,a salmon a dolphin,0
a penguin,865,a salmon a whale,1
a penguin,865,a seal a dolphin,0
a penguin,865,a seal a whale,0
a penguin,865,a dolphin a whale,0
a whale,866,a finch a robin,0
a whale,866,a finch a chicken,0
a whale,866,a finch an eagle,0
a whale,866,a finch an ostrich,0
a whale,866,a finch a penguin,0
a whale,866,a finch a salmon,0
a whale,866,a finch a seal,0
a whale,866,a finch a dolphin,0
a whale,866,a robin a chicken,0
a whale,866,a robin an eagle,0
a whale,866,a robin an ostrich,0
a whale,866,a robin a penguin,0
a whale,866,a robin a salmon,0
a whale,866,a robin a seal,1
a whale,866,a robin a dolphin,0
a whale,866,a chicken an eagle,0
a whale,866,a chicken an ostrich,0
a whale,866,a chicken a penguin,0
a whale,866,a chicken a salmon,0
a whale,866,a chicken a seal,1
a whale,866,a chicken a dolphin,0
a whale,866,an eagle a penguin,0
a whale,866,an eagle a salmon,0
a whale,866,an eagle a seal,1
a whale,866,an eagle a dolphin,0
a whale,866,an ostrich a penguin,0
a whale,866,an ostrich a salmon,0
a whale,866,an ostrich a seal,0
a whale,866,an ostrich a dolphin,0
a whale,866,a penguin a salmon,0
a whale,866,a penguin a seal,1
a whale,866,a penguin a dolphin,1
a whale,866,a salmon a seal,0
a whale,866,a salmon a dolphin,0
a whale,866,a seal a dolphin,0
a penguin,867,a finch a robin,0
a penguin,867,a finch a chicken,1
a penguin,867,a finch an eagle,0
a penguin,867,a finch an ostrich,0
a penguin,867,a finch a salmon,0
a penguin,867,a finch a seal,1
a penguin,867,a finch a dolphin,0
a penguin,867,a finch a whale,0
a penguin,867,a robin a chicken,1
a penguin,867,a robin an eagle,0
a penguin,867,a robin an ostrich,0
a penguin,867,a robin a salmon,0
a penguin,867,a robin a seal,1
a penguin,867,a robin a dolphin,0
a penguin,867,a robin a whale,0
a penguin,867,a chicken an eagle,0
a penguin,867,a chicken an ostrich,0
a penguin,867,a chicken a salmon,0
a penguin,867,a chicken a seal,1
a penguin,867,a chicken a dolphin,0
a penguin,867,a chicken a whale,0
a penguin,867,an eagle an ostrich,0
a penguin,867,an eagle a salmon,0
a penguin,867,an eagle a seal,1
a penguin,867,an eagle a dolphin,0
a penguin,867,an eagle a whale,1
a penguin,867,an ostrich a salmon,0
a penguin,867,an ostrich a seal,1
a penguin,867,an ostrich a dolphin,0
a penguin,867,an ostrich a whale,0
a penguin,867,a salmon a seal,1
a penguin,867,a salmon a dolphin,0
a penguin,867,a salmon a whale,1
a penguin,867,a seal a dolphin,0
a penguin,867,a seal a whale,0
a penguin,867,a dolphin a whale,0
an eagle,868,a finch a robin,0
an eagle,868,a finch a chicken,0
an eagle,868,a finch an ostrich,0
an eagle,868,a finch a penguin,0
an eagle,868,a finch a salmon,0
an eagle,868,a finch a seal,0
an eagle,868,a finch a dolphin,0
an eagle,868,a finch a whale,0
an eagle,868,a robin a chicken,0
an eagle,868,a robin an ostrich,0
an eagle,868,a robin a penguin,0
an eagle,868,a robin a salmon,0
an eagle,868,a robin a seal,0
an eagle,868,a robin a dolphin,0
an eagle,868,a robin a whale,0
an eagle,868,a chicken an ostrich,0
an eagle,868,a chicken a penguin,0
an eagle,868,a chicken a salmon,0
an eagle,868,a chicken a seal,0
an eagle,868,a chicken a dolphin,0
an eagle,868,a chicken a whale,0
an eagle,868,an ostrich a penguin,0
an eagle,868,an ostrich a salmon,0
an eagle,868,an ostrich a seal,0
an eagle,868,an ostrich a dolphin,0
an eagle,868,an ostrich a whale,0
an eagle,868,a penguin a salmon,0
an eagle,868,a penguin a seal,0
an eagle,868,a penguin a dolphin,0
an eagle,868,a penguin a whale,0
an eagle,868,a salmon a seal,1
an eagle,868,a salmon a dolphin,0
an eagle,868,a seal a dolphin,0
an eagle,868,a dolphin a whale,0
a chicken,869,a finch a robin,0
a chicken,869,a finch an eagle,0
a chicken,869,a finch an ostrich,0
a chicken,869,a finch a penguin,0
a chicken,869,a finch a salmon,0
a chicken,869,a finch a seal,0
a chicken,869,a finch a dolphin,0
a chicken,869,a finch a whale,0
a chicken,869,a robin an eagle,0
a chicken,869,a robin an ostrich,0
a chicken,869,a robin a penguin,0
a chicken,869,a robin a salmon,0
a chicken,869,a robin a seal,0
a chicken,869,a robin a dolphin,0
a chicken,869,a robin a whale,0
a chicken,869,an eagle an ostrich,0
a chicken,869,an eagle a penguin,0
a chicken,869,an eagle a salmon,0
a chicken,869,an eagle a dolphin,0
a chicken,869,an eagle a whale,0
a chicken,869,an ostrich a penguin,0
a chicken,869,an ostrich a salmon,0
a chicken,869,an ostrich a seal,0
a chicken,869,an ostrich a dolphin,0
a chicken,869,an ostrich a whale,0
a chicken,869,a penguin a salmon,0
a chicken,869,a penguin a seal,0
a chicken,869,a penguin a dolphin,0
a chicken,869,a penguin a whale,0
a chicken,869,a salmon a seal,0
a chicken,869,a salmon a dolphin,0
a chicken,869,a salmon a whale,0
a chicken,869,a seal a dolphin,0
a chicken,869,a seal a whale,0
a chicken,869,a dolphin a whale,0
an eagle,870,a finch a robin,0
an eagle,870,a finch a chicken,0
an eagle,870,a finch an ostrich,0
an eagle,870,a finch a penguin,0
an eagle,870,a finch a salmon,0
an eagle,870,a finch a seal,0
an eagle,870,a finch a dolphin,0
an eagle,870,a finch a whale,0
an eagle,870,a robin a chicken,0
an eagle,870,a robin an ostrich,0
an eagle,870,a robin a penguin,0
an eagle,870,a robin a salmon,0
an eagle,870,a robin a seal,0
an eagle,870,a robin a dolphin,0
an eagle,870,a robin a whale,0
an eagle,870,a chicken an ostrich,0
an eagle,870,a chicken a penguin,0
an eagle,870,a chicken a salmon,0
an eagle,870,a chicken a seal,0
an eagle,870,a chicken a dolphin,0
an eagle,870,a chicken a whale,0
an eagle,870,an ostrich a penguin,0
an eagle,870,an ostrich a salmon,0
an eagle,870,an ostrich a dolphin,0
an eagle,870,an ostrich a whale,0
an eagle,870,a penguin a salmon,0
an eagle,870,a penguin a seal,0
an eagle,870,a penguin a whale,0
an eagle,870,a salmon a seal,0
an eagle,870,a salmon a dolphin,0
an eagle,870,a salmon a whale,0
an eagle,870,a dolphin a whale,0
a finch,871,a robin a chicken,0
a finch,871,a robin an eagle,0
a finch,871,a robin an ostrich,0
a finch,871,a robin a penguin,0
a finch,871,a robin a salmon,0
a finch,871,a robin a seal,0
a finch,871,a robin a dolphin,0
a finch,871,a robin a whale,0
a finch,871,a chicken an eagle,0
a finch,871,a chicken an ostrich,0
a finch,871,a chicken a penguin,0
a finch,871,a chicken a salmon,0
a finch,871,a chicken a seal,0
a finch,871,a chicken a dolphin,0
a finch,871,a chicken a whale,0
a finch,871,an eagle an ostrich,0
a finch,871,an eagle a penguin,0
a finch,871,an eagle a salmon,0
a finch,871,an eagle a seal,0
a finch,871,an eagle a dolphin,0
a finch,871,an eagle a whale,0
a finch,871,an ostrich a penguin,0
a finch,871,an ostrich a salmon,0
a finch,871,an ostrich a seal,0
a finch,871,an ostrich a dolphin,0
a finch,871,an ostrich a whale,0
a finch,871,a penguin a salmon,0
a finch,871,a penguin a dolphin,0
a finch,871,a penguin a whale,0
a finch,871,a salmon a seal,0
a finch,871,a salmon a dolphin,0
a finch,871,a salmon a whale,0
a finch,871,a seal a dolphin,0
a finch,871,a seal a whale,0
a finch,871,a dolphin a whale,0
an eagle,872,a finch a robin,0
an eagle,872,a finch a chicken,0
an eagle,872,a finch an ostrich,0
an eagle,872,a finch a penguin,0
an eagle,872,a finch a salmon,0
an eagle,872,a finch a seal,0
an eagle,872,a finch a dolphin,0
an eagle,872,a finch a whale,0
an eagle,872,a robin a chicken,0
an eagle,872,a robin an ostrich,0
an eagle,872,a robin a penguin,0
an eagle,872,a robin a salmon,0
an eagle,872,a robin a seal,0
an eagle,872,a robin a dolphin,0
an eagle,872,a robin a whale,0
an eagle,872,a chicken an ostrich,0
an eagle,872,a chicken a penguin,0
an eagle,872,a chicken a salmon,0
an eagle,872,a chicken a seal,0
an eagle,872,a chicken a dolphin,0
an eagle,872,a chicken a whale,0
an eagle,872,an ostrich a penguin,0
an eagle,872,an ostrich a seal,0
an eagle,872,an ostrich a dolphin,0
an eagle,872,an ostrich a whale,0
an eagle,872,a penguin a salmon,0
an eagle,872,a penguin a seal,0
an eagle,872,a penguin a dolphin,0
an eagle,872,a penguin a whale,0
an eagle,872,a salmon a seal,0
an eagle,872,a salmon a dolphin,0
an eagle,872,a salmon a whale,0
an eagle,872,a seal a whale,0
an eagle,872,a dolphin a whale,0
a finch,873,a robin a chicken,0
a finch,873,a robin an eagle,0
a finch,873,a robin an ostrich,0
a finch,873,a robin a penguin,0
a finch,873,a robin a salmon,0
a finch,873,a robin a seal,0
a finch,873,a robin a dolphin,0
a finch,873,a robin a whale,0
a finch,873,a chicken an eagle,0
a finch,873,a chicken an ostrich,0
a finch,873,a chicken a penguin,0
a finch,873,a chicken a salmon,0
a finch,873,a chicken a seal,0
a finch,873,a chicken a dolphin,0
a finch,873,a chicken a whale,0
a finch,873,an eagle an ostrich,0
a finch,873,an eagle a penguin,0
a finch,873,an eagle a salmon,0
a finch,873,an eagle a seal,0
a finch,873,an eagle a dolphin,0
a finch,873,an eagle a whale,0
a finch,873,an ostrich a penguin,0
a finch,873,an ostrich a salmon,0
a finch,873,an ostrich a seal,0
a finch,873,an ostrich a dolphin,0
a finch,873,an ostrich a whale,0
a finch,873,a penguin a salmon,0
a finch,873,a penguin a seal,0
a finch,873,a penguin a dolphin,0
a finch,873,a penguin a whale,0
a finch,873,a salmon a seal,0
a finch,873,a salmon a dolphin,0
a finch,873,a salmon a whale,0
a finch,873,a seal a dolphin,0
a finch,873,a seal a whale,0
a finch,873,a dolphin a whale,0
a finch,874,a robin a chicken,0
a finch,874,a robin an eagle,0
a finch,874,a robin an ostrich,0
a finch,874,a robin a penguin,0
a finch,874,a robin a salmon,0
a finch,874,a robin a seal,0
a finch,874,a robin a dolphin,0
a finch,874,a robin a whale,0
a finch,874,a chicken an eagle,0
a finch,874,a chicken an ostrich,0
a finch,874,a chicken a penguin,0
a finch,874,a chicken a salmon,0
a finch,874,a chicken a seal,0
a finch,874,a chicken a dolphin,0
a finch,874,a chicken a whale,0
a finch,874,an eagle an ostrich,0
a finch,874,an eagle a penguin,0
a finch,874,an eagle a seal,0
a finch,874,an eagle a dolphin,0
a finch,874,an eagle a whale,0
a finch,874,an ostrich a penguin,0
a finch,874,an ostrich a salmon,0
a finch,874,an ostrich a seal,0
a finch,874,an ostrich a dolphin,0
a finch,874,an ostrich a whale,0
a finch,874,a penguin a salmon,0
a finch,874,a penguin a seal,0
a finch,874,a penguin a dolphin,0
a finch,874,a penguin a whale,0
a finch,874,a salmon a seal,0
a finch,874,a salmon a whale,0
a finch,874,a seal a dolphin,0
a finch,874,a seal a whale,0
a finch,874,a dolphin a whale,0
a whale,875,a finch a robin,0
a whale,875,a finch a chicken,0
a whale,875,a finch an eagle,0
a whale,875,a finch an ostrich,0
a whale,875,a finch a penguin,0
a whale,875,a finch a salmon,0
a whale,875,a finch a seal,0
a whale,875,a finch a dolphin,0
a whale,875,a robin a chicken,0
a whale,875,a robin an eagle,0
a whale,875,a robin an ostrich,0
a whale,875,a robin a penguin,0
a whale,875,a robin a salmon,0
a whale,875,a robin a seal,1
a whale,875,a robin a dolphin,0
a whale,875,a chicken an eagle,0
a whale,875,a chicken an ostrich,0
a whale,875,a chicken a penguin,0
a whale,875,a chicken a salmon,0
a whale,875,a chicken a seal,0
a whale,875,a chicken a dolphin,0
a whale,875,an eagle an ostrich,0
a whale,875,an eagle a penguin,0
a whale,875,an eagle a salmon,1
a whale,875,an eagle a seal,0
a whale,875,an eagle a dolphin,0
a whale,875,an ostrich a penguin,0
a whale,875,an ostrich a salmon,0
a whale,875,an ostrich a seal,1
a whale,875,an ostrich a dolphin,0
a whale,875,a penguin a salmon,0
a whale,875,a penguin a seal,0
a whale,875,a penguin a dolphin,1
a whale,875,a salmon a seal,0
a whale,875,a seal a dolphin,0
a penguin,876,a finch a robin,0
a penguin,876,a finch a chicken,0
a penguin,876,a finch an eagle,0
a penguin,876,a finch an ostrich,0
a penguin,876,a finch a salmon,0
a penguin,876,a finch a seal,0
a penguin,876,a finch a dolphin,0
a penguin,876,a finch a whale,0
a penguin,876,a robin a chicken,0
a penguin,876,a robin an eagle,0
a penguin,876,a robin an ostrich,0
a penguin,876,a robin a salmon,0
a penguin,876,a robin a seal,0
a penguin,876,a robin a dolphin,0
a penguin,876,a robin a whale,0
a penguin,876,a chicken an eagle,0
a penguin,876,a chicken an ostrich,0
a penguin,876,a chicken a salmon,0
a penguin,876,a chicken a seal,0
a penguin,876,a chicken a dolphin,0
a penguin,876,a chicken a whale,0
a penguin,876,an eagle an ostrich,0
a penguin,876,an eagle a salmon,0
a penguin,876,an eagle a seal,1
a penguin,876,an eagle a dolphin,0
a penguin,876,an eagle a whale,0
a penguin,876,an ostrich a salmon,0
a penguin,876,an ostrich a seal,0
a penguin,876,an ostrich a dolphin,0
a penguin,876,an ostrich a whale,1
a penguin,876,a salmon a seal,0
a penguin,876,a salmon a dolphin,0
a penguin,876,a salmon a whale,0
a penguin,876,a seal a dolphin,0
a penguin,876,a seal a whale,0
a penguin,876,a dolphin a whale,0
an ostrich,877,a finch a robin,0
an ostrich,877,a finch a chicken,0
an ostrich,877,a finch an eagle,0
an ostrich,877,a finch a penguin,0
an ostrich,877,a finch a salmon,0
an ostrich,877,a finch a seal,0
an ostrich,877,a finch a dolphin,0
an ostrich,877,a finch a whale,0
an ostrich,877,a robin a chicken,0
an ostrich,877,a robin an eagle,0
an ostrich,877,a robin a penguin,0
an ostrich,877,a robin a salmon,0
an ostrich,877,a robin a seal,0
an ostrich,877,a robin a dolphin,0
an ostrich,877,a robin a whale,0
an ostrich,877,a chicken an eagle,0
an ostrich,877,a chicken a penguin,0
an ostrich,877,a chicken a salmon,0
an ostrich,877,a chicken a seal,0
an ostrich,877,a chicken a dolphin,0
an ostrich,877,a chicken a whale,0
an ostrich,877,an eagle a penguin,0
an ostrich,877,an eagle a salmon,0
an ostrich,877,an eagle a seal,0
an ostrich,877,an eagle a dolphin,0
an ostrich,877,an eagle a whale,0
an ostrich,877,a penguin a salmon,0
an ostrich,877,a penguin a seal,0
an ostrich,877,a penguin a dolphin,0
an ostrich,877,a penguin a whale,1
an ostrich,877,a salmon a seal,0
an ostrich,877,a salmon a dolphin,0
an ostrich,877,a salmon a whale,0
an ostrich,877,a seal a dolphin,0
an ostrich,877,a seal a whale,0
an ostrich,877,a dolphin a whale,0
an eagle,878,a finch a robin,0
an eagle,878,a finch a chicken,0
an eagle,878,a finch an ostrich,0
an eagle,878,a finch a penguin,0
an eagle,878,a finch a salmon,0
an eagle,878,a finch a seal,0
an eagle,878,a finch a dolphin,0
an eagle,878,a finch a whale,0
an eagle,878,a robin a chicken,0
an eagle,878,a robin an ostrich,0
an eagle,878,a robin a penguin,0
an eagle,878,a robin a salmon,0
an eagle,878,a robin a seal,0
an eagle,878,a robin a dolphin,0
an eagle,878,a robin a whale,0
an eagle,878,a chicken an ostrich,0
an eagle,878,a chicken a penguin,0
an eagle,878,a chicken a salmon,0
an eagle,878,a chicken a seal,0
an eagle,878,a chicken a dolphin,0
an eagle,878,a chicken a whale,0
an eagle,878,an ostrich a salmon,0
an eagle,878,an ostrich a seal,0
an eagle,878,an ostrich a dolphin,0
an eagle,878,an ostrich a whale,0
an eagle,878,a penguin a salmon,0
an eagle,878,a penguin a seal,0
an eagle,878,a penguin a dolphin,0
an eagle,878,a penguin a whale,0
an eagle,878,a salmon a seal,0
an eagle,878,a salmon a whale,0
an eagle,878,a seal a dolphin,0
an eagle,878,a dolphin a whale,0
a chicken,879,a finch a robin,0
a chicken,879,a finch an eagle,0
a chicken,879,a finch an ostrich,0
a chicken,879,a finch a penguin,0
a chicken,879,a finch a salmon,0
a chicken,879,a finch a seal,0
a chicken,879,a finch a dolphin,0
a chicken,879,a finch a whale,0
a chicken,879,a robin an eagle,0
a chicken,879,a robin an ostrich,0
a chicken,879,a robin a penguin,0
a chicken,879,a robin a salmon,0
a chicken,879,a robin a seal,0
a chicken,879,a robin a dolphin,0
a chicken,879,a robin a whale,0
a chicken,879,an eagle an ostrich,0
a chicken,879,an eagle a penguin,0
a chicken,879,an eagle a salmon,0
a chicken,879,an eagle a seal,0
a chicken,879,an eagle a dolphin,0
a chicken,879,an eagle a whale,0
a chicken,879,an ostrich a penguin,0
a chicken,879,an ostrich a salmon,0
a chicken,879,an ostrich a seal,0
a chicken,879,an ostrich a dolphin,0
a chicken,879,an ostrich a whale,0
a chicken,879,a penguin a salmon,0
a chicken,879,a penguin a seal,0
a chicken,879,a penguin a dolphin,0
a chicken,879,a penguin a whale,0
a chicken,879,a salmon a seal,0
a chicken,879,a salmon a dolphin,0
a chicken,879,a salmon a whale,0
a chicken,879,a seal a dolphin,0
a chicken,879,a seal a whale,0
a chicken,879,a dolphin a whale,0
a finch,880,a robin a chicken,0
a finch,880,a robin an eagle,0
a finch,880,a robin an ostrich,0
a finch,880,a robin a penguin,0
a finch,880,a robin a salmon,0
a finch,880,a robin a seal,0
a finch,880,a robin a dolphin,0
a finch,880,a robin a whale,0
a finch,880,a chicken an eagle,0
a finch,880,a chicken an ostrich,0
a finch,880,a chicken a penguin,0
a finch,880,a chicken a salmon,0
a finch,880,a chicken a seal,0
a finch,880,a chicken a dolphin,0
a finch,880,a chicken a whale,0
a finch,880,an eagle an ostrich,0
a finch,880,an eagle a penguin,0
a finch,880,an eagle a salmon,0
a finch,880,an eagle a seal,0
a finch,880,an eagle a dolphin,0
a finch,880,an eagle a whale,0
a finch,880,an ostrich a penguin,0
a finch,880,an ostrich a salmon,0
a finch,880,an ostrich a seal,0
a finch,880,an ostrich a dolphin,0
a finch,880,an ostrich a whale,0
a finch,880,a penguin a salmon,0
a finch,880,a penguin a seal,0
a finch,880,a penguin a dolphin,0
a finch,880,a penguin a whale,0
a finch,880,a salmon a dolphin,0
a finch,880,a salmon a whale,0
a finch,880,a seal a dolphin,0
a finch,880,a seal a whale,0
a finch,880,a dolphin a whale,0
a penguin,881,a finch a robin,0
a penguin,881,a finch a chicken,0
a penguin,881,a finch an eagle,0
a penguin,881,a finch an ostrich,0
a penguin,881,a finch a salmon,0
a penguin,881,a finch a seal,0
a penguin,881,a finch a dolphin,0
a penguin,881,a finch a whale,0
a penguin,881,a robin a chicken,1
a penguin,881,a robin an eagle,1
a penguin,881,a robin an ostrich,0
a penguin,881,a robin a salmon,0
a penguin,881,a robin a seal,1
a penguin,881,a robin a dolphin,0
a penguin,881,a robin a whale,0
a penguin,881,a chicken an eagle,0
a penguin,881,a chicken an ostrich,0
a penguin,881,a chicken a salmon,0
a penguin,881,a chicken a seal,1
a penguin,881,a chicken a dolphin,0
a penguin,881,a chicken a whale,0
a penguin,881,an eagle a salmon,0
a penguin,881,an eagle a seal,1
a penguin,881,an eagle a dolphin,0
a penguin,881,an eagle a whale,0
a penguin,881,an ostrich a salmon,0
a penguin,881,an ostrich a dolphin,0
a penguin,881,an ostrich a whale,0
a penguin,881,a salmon a seal,1
a penguin,881,a salmon a dolphin,0
a penguin,881,a salmon a whale,0
a penguin,881,a seal a dolphin,0
a penguin,881,a seal a whale,0
a penguin,881,a dolphin a whale,0
a robin,882,a finch a chicken,1
a robin,882,a finch an eagle,0
a robin,882,a finch an ostrich,0
a robin,882,a finch a penguin,0
a robin,882,a finch a salmon,0
a robin,882,a finch a seal,0
a robin,882,a finch a dolphin,0
a robin,882,a finch a whale,0
a robin,882,a chicken an eagle,0
a robin,882,a chicken an ostrich,0
a robin,882,a chicken a penguin,0
a robin,882,a chicken a salmon,0
a robin,882,a chicken a seal,0
a robin,882,a chicken a dolphin,0
a robin,882,a chicken a whale,0
a robin,882,an eagle an ostrich,0
a robin,882,an eagle a penguin,0
a robin,882,an eagle a salmon,0
a robin,882,an eagle a seal,0
a robin,882,an eagle a dolphin,0
a robin,882,an eagle a whale,0
a robin,882,an ostrich a penguin,0
a robin,882,an ostrich a salmon,0
a robin,882,an ostrich a seal,0
a robin,882,an ostrich a dolphin,0
a robin,882,an ostrich a whale,0
a robin,882,a penguin a salmon,1
a robin,882,a penguin a seal,0
a robin,882,a penguin a dolphin,0
a robin,882,a penguin a whale,0
a robin,882,a salmon a seal,0
a robin,882,a salmon a dolphin,0
a robin,882,a salmon a whale,0
a robin,882,a seal a dolphin,0
a robin,882,a seal a whale,0
a robin,882,a dolphin a whale,0
a seal,883,a finch a robin,0
a seal,883,a finch a chicken,0
a seal,883,a finch an eagle,0
a seal,883,a finch an ostrich,0
a seal,883,a finch a penguin,0
a seal,883,a finch a salmon,0
a seal,883,a finch a dolphin,0
a seal,883,a finch a whale,0
a seal,883,a robin a chicken,0
a seal,883,a robin an eagle,0
a seal,883,a robin an ostrich,0
a seal,883,a robin a penguin,0
a seal,883,a robin a salmon,0
a seal,883,a robin a dolphin,0
a seal,883,a chicken an eagle,0
a seal,883,a chicken an ostrich,0
a seal,883,a chicken a penguin,0
a seal,883,a chicken a salmon,0
a seal,883,a chicken a dolphin,0
a seal,883,a chicken a whale,0
a seal,883,an eagle an ostrich,0
a seal,883,an eagle a penguin,0
a seal,883,an eagle a salmon,0
a seal,883,an eagle a dolphin,0
a seal,883,an eagle a whale,0
a seal,883,an ostrich a penguin,0
a seal,883,an ostrich a salmon,0
a seal,883,an ostrich a dolphin,0
a seal,883,an ostrich a whale,0
a seal,883,a penguin a salmon,0
a seal,883,a penguin a dolphin,0
a seal,883,a penguin a whale,0
a seal,883,a salmon a dolphin,0
a seal,883,a salmon a whale,0
a seal,883,a dolphin a whale,0
a whale,884,a finch a chicken,0
a whale,884,a finch an eagle,0
a whale,884,a finch a penguin,0
a whale,884,a finch a salmon,0
a whale,884,a finch a seal,1
a whale,884,a finch a dolphin,0
a whale,884,a robin a chicken,1
a whale,884,a robin an eagle,0
a whale,884,a robin an ostrich,0
a whale,884,a robin a penguin,0
a whale,884,a robin a salmon,0
a whale,884,a robin a seal,1
a whale,884,a robin a dolphin,0
a whale,884,a chicken an eagle,0
a whale,884,a chicken an ostrich,0
a whale,884,a chicken a penguin,0
a whale,884,a chicken a salmon,0
a whale,884,a chicken a seal,0
a whale,884,a chicken a dolphin,0
a whale,884,an eagle a penguin,0
a whale,884,an eagle a salmon,0
a whale,884,an eagle a seal,1
a whale,884,an eagle a dolphin,0
a whale,884,an ostrich a penguin,0
a whale,884,an ostrich a salmon,0
a whale,884,an ostrich a seal,0
a whale,884,an ostrich a dolphin,0
a whale,884,a penguin a salmon,0
a whale,884,a penguin a seal,1
a whale,884,a penguin a dolphin,0
a whale,884,a salmon a seal,1
a whale,884,a salmon a dolphin,1
a whale,884,a seal a dolphin,0
an ostrich,885,a finch a robin,0
an ostrich,885,a finch a chicken,0
an ostrich,885,a finch an eagle,0
an ostrich,885,a finch a penguin,0
an ostrich,885,a finch a salmon,0
an ostrich,885,a finch a seal,1
an ostrich,885,a finch a dolphin,0
an ostrich,885,a finch a whale,0
an ostrich,885,a robin a chicken,0
an ostrich,885,a robin an eagle,0
an ostrich,885,a robin a penguin,0
an ostrich,885,a robin a salmon,0
an ostrich,885,a robin a seal,0
an ostrich,885,a robin a dolphin,0
an ostrich,885,a robin a whale,0
an ostrich,885,a chicken an eagle,0
an ostrich,885,a chicken a penguin,0
an ostrich,885,a chicken a salmon,0
an ostrich,885,a chicken a seal,0
an ostrich,885,a chicken a dolphin,0
an ostrich,885,a chicken a whale,0
an ostrich,885,an eagle a penguin,0
an ostrich,885,an eagle a salmon,0
an ostrich,885,an eagle a seal,0
an ostrich,885,an eagle a whale,0
an ostrich,885,a penguin a salmon,0
an ostrich,885,a penguin a seal,0
an ostrich,885,a penguin a dolphin,0
an ostrich,885,a penguin a whale,0
an ostrich,885,a salmon a seal,0
an ostrich,885,a salmon a dolphin,0
an ostrich,885,a salmon a whale,0
an ostrich,885,a seal a dolphin,0
an ostrich,885,a seal a whale,0
an ostrich,885,a dolphin a whale,0
a salmon,886,a finch a robin,0
a salmon,886,a finch an eagle,1
a salmon,886,a finch an ostrich,0
a salmon,886,a finch a penguin,0
a salmon,886,a finch a seal,1
a salmon,886,a finch a dolphin,0
a salmon,886,a finch a whale,0
a salmon,886,a robin a chicken,1
a salmon,886,a robin an eagle,0
a salmon,886,a robin an ostrich,0
a salmon,886,a robin a penguin,0
a salmon,886,a robin a seal,0
a salmon,886,a robin a whale,1
a salmon,886,a chicken an eagle,0
a salmon,886,a chicken an ostrich,0
a salmon,886,a chicken a penguin,0
a salmon,886,a chicken a seal,0
a salmon,886,a chicken a dolphin,0
a salmon,886,a chicken a whale,0
a salmon,886,an eagle an ostrich,0
a salmon,886,an eagle a seal,1
a salmon,886,an eagle a dolphin,0
a salmon,886,an eagle a whale,1
a salmon,886,an ostrich a seal,0
a salmon,886,an ostrich a dolphin,0
a salmon,886,an ostrich a whale,0
a salmon,886,a penguin a seal,1
a salmon,886,a penguin a dolphin,0
a salmon,886,a penguin a whale,0
a salmon,886,a seal a dolphin,0
a salmon,886,a seal a whale,0
a salmon,886,a dolphin a whale,0
a whale,887,a finch a robin,0
a whale,887,a finch a chicken,0
a whale,887,a finch an eagle,0
a whale,887,a finch an ostrich,0
a whale,887,a finch a penguin,0
a whale,887,a finch a salmon,0
a whale,887,a finch a seal,0
a whale,887,a finch a dolphin,0
a whale,887,a robin a chicken,0
a whale,887,a robin an eagle,0
a whale,887,a robin an ostrich,1
a whale,887,a robin a penguin,0
a whale,887,a robin a salmon,0
a whale,887,a robin a seal,0
a whale,887,a robin a dolphin,0
a whale,887,a chicken an eagle,0
a whale,887,a chicken an ostrich,0
a whale,887,a chicken a penguin,0
a whale,887,a chicken a salmon,0
a whale,887,a chicken a seal,1
a whale,887,a chicken a dolphin,0
a whale,887,an eagle an ostrich,0
a whale,887,an eagle a penguin,0
a whale,887,an eagle a salmon,0
a whale,887,an eagle a seal,1
a whale,887,an eagle a dolphin,1
a whale,887,an ostrich a penguin,0
a whale,887,an ostrich a seal,0
a whale,887,an ostrich a dolphin,0
a whale,887,a penguin a salmon,0
a whale,887,a penguin a seal,0
a whale,887,a penguin a dolphin,1
a whale,887,a salmon a seal,0
a whale,887,a salmon a dolphin,0
a whale,887,a seal a dolphin,0
a robin,888,a finch a chicken,0
a robin,888,a finch an eagle,0
a robin,888,a finch an ostrich,0
a robin,888,a finch a penguin,0
a robin,888,a finch a salmon,0
a robin,888,a finch a seal,0
a robin,888,a finch a dolphin,0
a robin,888,a finch a whale,0
a robin,888,a chicken an eagle,0
a robin,888,a chicken an ostrich,0
a robin,888,a chicken a penguin,0
a robin,888,a chicken a salmon,0
a robin,888,a chicken a seal,0
a robin,888,a chicken a dolphin,0
a robin,888,a chicken a whale,0
a robin,888,an eagle an ostrich,0
a robin,888,an eagle a penguin,0
a robin,888,an eagle a salmon,0
a robin,888,an eagle a seal,0
a robin,888,an eagle a dolphin,0
a robin,888,an eagle a whale,0
a robin,888,an ostrich a penguin,0
a robin,888,an ostrich a salmon,0
a robin,888,an ostrich a seal,0
a robin,888,an ostrich a dolphin,0
a robin,888,an ostrich a whale,0
a robin,888,a penguin a salmon,0
a robin,888,a penguin a seal,0
a robin,888,a penguin a dolphin,0
a robin,888,a penguin a whale,0
a robin,888,a salmon a seal,0
a robin,888,a salmon a dolphin,0
a robin,888,a salmon a whale,0
a robin,888,a seal a dolphin,0
a robin,888,a seal a whale,0
a robin,888,a dolphin a whale,0
a seal,889,a finch a robin,0
a seal,889,a finch a chicken,0
a seal,889,a finch an eagle,0
a seal,889,a finch an ostrich,0
a seal,889,a finch a penguin,0
a seal,889,a finch a salmon,1
a seal,889,a finch a dolphin,1
a seal,889,a finch a whale,0
a seal,889,a robin a chicken,0
a seal,889,a robin an eagle,0
a seal,889,a robin an ostrich,0
a seal,889,a robin a penguin,0
a seal,889,a robin a salmon,0
a seal,889,a robin a dolphin,0
a seal,889,a robin a whale,0
a seal,889,a chicken an eagle,0
a seal,889,a chicken an ostrich,0
a seal,889,a chicken a penguin,0
a seal,889,a chicken a salmon,0
a seal,889,a chicken a dolphin,0
a seal,889,a chicken a whale,0
a seal,889,an eagle an ostrich,0
a seal,889,an eagle a penguin,0
a seal,889,an eagle a salmon,1
a seal,889,an eagle a dolphin,0
a seal,889,an eagle a whale,0
a seal,889,an ostrich a penguin,0
a seal,889,an ostrich a salmon,0
a seal,889,an ostrich a dolphin,0
a seal,889,an ostrich a whale,0
a seal,889,a penguin a salmon,0
a seal,889,a penguin a dolphin,0
a seal,889,a penguin a whale,0
a seal,889,a salmon a dolphin,0
a seal,889,a salmon a whale,0
a seal,889,a dolphin a whale,0
a robin,890,a finch a chicken,0
a robin,890,a finch an eagle,0
a robin,890,a finch an ostrich,0
a robin,890,a finch a penguin,0
a robin,890,a finch a salmon,0
a robin,890,a finch a seal,0
a robin,890,a finch a dolphin,0
a robin,890,a finch a whale,0
a robin,890,a chicken an eagle,0
a robin,890,a chicken an ostrich,0
a robin,890,a chicken a penguin,0
a robin,890,a chicken a salmon,0
a robin,890,a chicken a seal,0
a robin,890,a chicken a dolphin,0
a robin,890,a chicken a whale,0
a robin,890,an eagle an ostrich,0
a robin,890,an eagle a penguin,0
a robin,890,an eagle a salmon,0
a robin,890,an eagle a seal,0
a robin,890,an eagle a dolphin,0
a robin,890,an eagle a whale,0
a robin,890,an ostrich a penguin,0
a robin,890,an ostrich a salmon,1
a robin,890,an ostrich a seal,0
a robin,890,an ostrich a dolphin,0
a robin,890,an ostrich a whale,0
a robin,890,a penguin a seal,0
a robin,890,a penguin a dolphin,0
a robin,890,a penguin a whale,0
a robin,890,a salmon a seal,0
a robin,890,a salmon a dolphin,0
a robin,890,a salmon a whale,0
a robin,890,a seal a dolphin,0
a robin,890,a seal a whale,0
a robin,890,a dolphin a whale,0
an eagle,891,a finch a robin,0
an eagle,891,a finch a chicken,0
an eagle,891,a finch an ostrich,0
an eagle,891,a finch a penguin,0
an eagle,891,a finch a salmon,0
an eagle,891,a finch a seal,0
an eagle,891,a finch a dolphin,0
an eagle,891,a finch a whale,0
an eagle,891,a robin a chicken,0
an eagle,891,a robin an ostrich,0
an eagle,891,a robin a penguin,0
an eagle,891,a robin a salmon,0
an eagle,891,a robin a seal,0
an eagle,891,a robin a dolphin,0
an eagle,891,a robin a whale,0
an eagle,891,a chicken an ostrich,0
an eagle,891,a chicken a penguin,0
an eagle,891,a chicken a salmon,0
an eagle,891,a chicken a seal,0
an eagle,891,a chicken a dolphin,0
an eagle,891,a chicken a whale,0
an eagle,891,an ostrich a penguin,0
an eagle,891,an ostrich a salmon,0
an eagle,891,an ostrich a seal,0
an eagle,891,an ostrich a dolphin,0
an eagle,891,an ostrich a whale,0
an eagle,891,a penguin a salmon,0
an eagle,891,a penguin a seal,0
an eagle,891,a penguin a dolphin,0
an eagle,891,a penguin a whale,0
an eagle,891,a salmon a seal,0
an eagle,891,a salmon a dolphin,0
an eagle,891,a salmon a whale,0
an eagle,891,a seal a dolphin,0
an eagle,891,a seal a whale,0
an eagle,891,a dolphin a whale,0
a finch,892,a robin a chicken,0
a finch,892,a robin an eagle,0
a finch,892,a robin an ostrich,0
a finch,892,a robin a penguin,0
a finch,892,a robin a salmon,0
a finch,892,a robin a seal,0
a finch,892,a robin a dolphin,0
a finch,892,a robin a whale,0
a finch,892,a chicken an eagle,0
a finch,892,a chicken an ostrich,0
a finch,892,a chicken a penguin,0
a finch,892,a chicken a salmon,0
a finch,892,a chicken a seal,0
a finch,892,a chicken a dolphin,0
a finch,892,a chicken a whale,0
a finch,892,an eagle an ostrich,0
a finch,892,an eagle a penguin,0
a finch,892,an eagle a salmon,0
a finch,892,an eagle a seal,0
a finch,892,an eagle a dolphin,0
a finch,892,an eagle a whale,0
a finch,892,an ostrich a penguin,0
a finch,892,an ostrich a salmon,0
a finch,892,an ostrich a seal,0
a finch,892,an ostrich a dolphin,0
a finch,892,an ostrich a whale,0
a finch,892,a penguin a salmon,0
a finch,892,a penguin a seal,0
a finch,892,a penguin a dolphin,0
a finch,892,a penguin a whale,0
a finch,892,a salmon a seal,0
a finch,892,a salmon a dolphin,0
a finch,892,a salmon a whale,0
a finch,892,a seal a dolphin,0
a finch,892,a seal a whale,0
a finch,892,a dolphin a whale,0
an ostrich,893,a finch a robin,0
an ostrich,893,a finch a chicken,0
an ostrich,893,a finch an eagle,0
an ostrich,893,a finch a penguin,0
an ostrich,893,a finch a salmon,0
an ostrich,893,a finch a seal,0
an ostrich,893,a finch a dolphin,0
an ostrich,893,a finch a whale,0
an ostrich,893,a robin a chicken,0
an ostrich,893,a robin an eagle,0
an ostrich,893,a robin a penguin,0
an ostrich,893,a robin a salmon,0
an ostrich,893,a robin a seal,0
an ostrich,893,a robin a dolphin,0
an ostrich,893,a robin a whale,0
an ostrich,893,a chicken an eagle,0
an ostrich,893,a chicken a penguin,0
an ostrich,893,a chicken a salmon,0
an ostrich,893,a chicken a seal,0
an ostrich,893,a chicken a dolphin,0
an ostrich,893,a chicken a whale,0
an ostrich,893,an eagle a penguin,0
an ostrich,893,an eagle a salmon,0
an ostrich,893,an eagle a seal,0
an ostrich,893,an eagle a dolphin,0
an ostrich,893,an eagle a whale,0
an ostrich,893,a penguin a salmon,0
an ostrich,893,a penguin a seal,0
an ostrich,893,a penguin a dolphin,0
an ostrich,893,a penguin a whale,0
an ostrich,893,a salmon a seal,0
an ostrich,893,a salmon a dolphin,0
an ostrich,893,a salmon a whale,0
an ostrich,893,a seal a dolphin,0
an ostrich,893,a seal a whale,0
an ostrich,893,a dolphin a whale,0
a dolphin,894,a finch a robin,0
a dolphin,894,a finch a chicken,0
a dolphin,894,a finch an eagle,0
a dolphin,894,a finch an ostrich,0
a dolphin,894,a finch a penguin,0
a dolphin,894,a finch a salmon,0
a dolphin,894,a finch a seal,1
a dolphin,894,a finch a whale,0
a dolphin,894,a robin a chicken,0
a dolphin,894,a robin an eagle,0
a dolphin,894,a robin an ostrich,0
a dolphin,894,a robin a penguin,0
a dolphin,894,a robin a salmon,1
a dolphin,894,a robin a seal,1
a dolphin,894,a robin a whale,0
a dolphin,894,a chicken an eagle,0
a dolphin,894,a chicken an ostrich,0
a dolphin,894,a chicken a penguin,0
a dolphin,894,a chicken a salmon,0
a dolphin,894,a chicken a seal,1
a dolphin,894,a chicken a whale,0
a dolphin,894,an eagle an ostrich,0
a dolphin,894,an eagle a penguin,0
a dolphin,894,an eagle a salmon,1
a dolphin,894,an eagle a seal,1
a dolphin,894,an eagle a whale,1
a dolphin,894,an ostrich a penguin,0
a dolphin,894,an ostrich a salmon,0
a dolphin,894,an ostrich a seal,1
a dolphin,894,an ostrich a whale,0
a dolphin,894,a penguin a salmon,0
a dolphin,894,a penguin a seal,1
a dolphin,894,a penguin a whale,1
a dolphin,894,a salmon a seal,0
a dolphin,894,a salmon a whale,1
a dolphin,894,a seal a whale,0
a finch,895,a robin a chicken,0
a finch,895,a robin an eagle,0
a finch,895,a robin an ostrich,0
a finch,895,a robin a penguin,0
a finch,895,a robin a salmon,0
a finch,895,a robin a seal,0
a finch,895,a robin a dolphin,0
a finch,895,a robin a whale,0
a finch,895,a chicken an eagle,0
a finch,895,a chicken an ostrich,0
a finch,895,a chicken a penguin,0
a finch,895,a chicken a salmon,0
a finch,895,a chicken a seal,0
a finch,895,a chicken a dolphin,0
a finch,895,a chicken a whale,0
a finch,895,an eagle an ostrich,0
a finch,895,an eagle a penguin,0
a finch,895,an eagle a salmon,0
a finch,895,an eagle a seal,0
a finch,895,an eagle a dolphin,0
a finch,895,an eagle a whale,0
a finch,895,an ostrich a penguin,0
a finch,895,an ostrich a salmon,0
a finch,895,an ostrich a seal,0
a finch,895,an ostrich a dolphin,0
a finch,895,an ostrich a whale,0
a finch,895,a penguin a salmon,0
a finch,895,a penguin a seal,0
a finch,895,a penguin a dolphin,0
a finch,895,a penguin a whale,0
a finch,895,a salmon a seal,0
a finch,895,a salmon a dolphin,0
a finch,895,a salmon a whale,0
a finch,895,a seal a dolphin,0
a finch,895,a seal a whale,0
a finch,895,a dolphin a whale,0
a dolphin,896,a finch a robin,0
a dolphin,896,a finch a chicken,0
a dolphin,896,a finch an eagle,0
a dolphin,896,a finch an ostrich,0
a dolphin,896,a finch a penguin,0
a dolphin,896,a finch a salmon,0
a dolphin,896,a finch a seal,1
a dolphin,896,a finch a whale,0
a dolphin,896,a robin a chicken,0
a dolphin,896,a robin an eagle,0
a dolphin,896,a robin an ostrich,0
a dolphin,896,a robin a penguin,0
a dolphin,896,a robin a salmon,1
a dolphin,896,a robin a seal,0
a dolphin,896,a robin a whale,0
a dolphin,896,a chicken an eagle,0
a dolphin,896,a chicken an ostrich,0
a dolphin,896,a chicken a penguin,0
a dolphin,896,a chicken a salmon,0
a dolphin,896,a chicken a seal,0
a dolphin,896,a chicken a whale,0
a dolphin,896,an eagle a penguin,0
a dolphin,896,an eagle a salmon,1
a dolphin,896,an eagle a seal,0
a dolphin,896,an eagle a whale,1
a dolphin,896,an ostrich a penguin,0
a dolphin,896,an ostrich a salmon,0
a dolphin,896,an ostrich a seal,0
a dolphin,896,an ostrich a whale,1
a dolphin,896,a penguin a salmon,0
a dolphin,896,a penguin a seal,0
a dolphin,896,a penguin a whale,1
a dolphin,896,a salmon a seal,1
a dolphin,896,a salmon a whale,1
a dolphin,896,a seal a whale,0
a seal,897,a finch a robin,0
a seal,897,a finch a chicken,0
a seal,897,a finch an eagle,0
a seal,897,a finch an ostrich,0
a seal,897,a finch a penguin,0
a seal,897,a finch a salmon,0
a seal,897,a finch a dolphin,0
a seal,897,a finch a whale,0
a seal,897,a robin a chicken,0
a seal,897,a robin an eagle,0
a seal,897,a robin an ostrich,0
a seal,897,a robin a penguin,0
a seal,897,a robin a salmon,1
a seal,897,a robin a dolphin,0
a seal,897,a robin a whale,1
a seal,897,a chicken an eagle,0
a seal,897,a chicken an ostrich,0
a seal,897,a chicken a penguin,0
a seal,897,a chicken a salmon,1
a seal,897,a chicken a dolphin,0
a seal,897,a chicken a whale,0
a seal,897,an eagle a penguin,0
a seal,897,an eagle a salmon,0
a seal,897,an eagle a dolphin,0
a seal,897,an eagle a whale,0
a seal,897,an ostrich a penguin,0
a seal,897,an ostrich a dolphin,0
a seal,897,an ostrich a whale,0
a seal,897,a penguin a salmon,0
a seal,897,a penguin a dolphin,0
a seal,897,a penguin a whale,0
a seal,897,a salmon a dolphin,0
a seal,897,a salmon a whale,0
a seal,897,a dolphin a whale,0
a penguin,898,a finch a robin,0
a penguin,898,a finch a chicken,0
a penguin,898,a finch an eagle,0
a penguin,898,a finch an ostrich,0
a penguin,898,a finch a salmon,0
a penguin,898,a finch a seal,1
a penguin,898,a finch a dolphin,0
a penguin,898,a finch a whale,0
a penguin,898,a robin a chicken,0
a penguin,898,a robin an eagle,0
a penguin,898,a robin an ostrich,0
a penguin,898,a robin a salmon,0
a penguin,898,a robin a seal,0
a penguin,898,a robin a dolphin,0
a penguin,898,a robin a whale,0
a penguin,898,a chicken an eagle,0
a penguin,898,a chicken an ostrich,0
a penguin,898,a chicken a salmon,0
a penguin,898,a chicken a seal,1
a penguin,898,a chicken a dolphin,0
a penguin,898,a chicken a whale,0
a penguin,898,an eagle a salmon,0
a penguin,898,an eagle a seal,0
a penguin,898,an eagle a dolphin,1
a penguin,898,an eagle a whale,1
a penguin,898,an ostrich a salmon,0
a penguin,898,an ostrich a seal,0
a penguin,898,an ostrich a dolphin,0
a penguin,898,an ostrich a whale,0
a penguin,898,a salmon a seal,1
a penguin,898,a salmon a dolphin,0
a penguin,898,a salmon a whale,0
a penguin,898,a seal a dolphin,0
a penguin,898,a seal a whale,0
a penguin,898,a dolphin a whale,0
a salmon,899,a finch a robin,0
a salmon,899,a finch a chicken,0
a salmon,899,a finch an eagle,0
a salmon,899,a finch an ostrich,0
a salmon,899,a finch a penguin,0
a salmon,899,a finch a seal,0
a salmon,899,a finch a dolphin,0
a salmon,899,a finch a whale,0
a salmon,899,a robin a chicken,1
a salmon,899,a robin an eagle,1
a salmon,899,a robin an ostrich,0
a salmon,899,a robin a penguin,0
a salmon,899,a robin a seal,1
a salmon,899,a robin a dolphin,0
a salmon,899,a robin a whale,0
a salmon,899,a chicken an eagle,0
a salmon,899,a chicken an ostrich,0
a salmon,899,a chicken a penguin,0
a salmon,899,a chicken a seal,0
a salmon,899,a chicken a dolphin,0
a salmon,899,a chicken a whale,0
a salmon,899,an eagle an ostrich,0
a salmon,899,an eagle a penguin,0
a salmon,899,an eagle a seal,1
a salmon,899,an eagle a dolphin,0
a salmon,899,an eagle a whale,0
a salmon,899,an ostrich a penguin,0
a salmon,899,an ostrich a seal,0
a salmon,899,an ostrich a dolphin,0
a salmon,899,an ostrich a whale,1
a salmon,899,a penguin a seal,0
a salmon,899,a penguin a dolphin,0
a salmon,899,a penguin a whale,1
a salmon,899,a seal a dolphin,0
a salmon,899,a seal a whale,0
a salmon,899,a dolphin a whale,0
Hillary Clinton,0,Abraham Lincoln Barack Obama,0
Hillary Clinton,0,Abraham Lincoln Bernie Sanders,0
Hillary Clinton,0,Abraham Lincoln Donald Trump,0
Hillary Clinton,0,Abraham Lincoln Elizabeth Warren,0
Hillary Clinton,0,Abraham Lincoln George W. Bush,0
Hillary Clinton,0,Abraham Lincoln Joe Biden,0
Hillary Clinton,0,Abraham Lincoln Richard Nixon,0
Hillary Clinton,0,Abraham Lincoln Ronald Reagan,1
Hillary Clinton,0,Barack Obama Bernie Sanders,0
Hillary Clinton,0,Barack Obama Donald Trump,0
Hillary Clinton,0,Barack Obama Elizabeth Warren,0
Hillary Clinton,0,Barack Obama George W. Bush,0
Hillary Clinton,0,Barack Obama Joe Biden,0
Hillary Clinton,0,Barack Obama Richard Nixon,1
Hillary Clinton,0,Barack Obama Ronald Reagan,0
Hillary Clinton,0,Bernie Sanders Donald Trump,0
Hillary Clinton,0,Bernie Sanders Elizabeth Warren,0
Hillary Clinton,0,Bernie Sanders George W. Bush,0
Hillary Clinton,0,Bernie Sanders Joe Biden,0
Hillary Clinton,0,Bernie Sanders Richard Nixon,0
Hillary Clinton,0,Bernie Sanders Ronald Reagan,1
Hillary Clinton,0,Donald Trump Elizabeth Warren,1
Hillary Clinton,0,Donald Trump George W. Bush,0
Hillary Clinton,0,Donald Trump Joe Biden,0
Hillary Clinton,0,Donald Trump Richard Nixon,0
Hillary Clinton,0,Donald Trump Ronald Reagan,0
Hillary Clinton,0,Elizabeth Warren George W. Bush,0
Hillary Clinton,0,Elizabeth Warren Joe Biden,0
Hillary Clinton,0,Elizabeth Warren Richard Nixon,0
Hillary Clinton,0,Elizabeth Warren Ronald Reagan,0
Hillary Clinton,0,George W. Bush Joe Biden,0
Hillary Clinton,0,George W. Bush Richard Nixon,0
Hillary Clinton,0,George W. Bush Ronald Reagan,0
Hillary Clinton,0,Joe Biden Ronald Reagan,0
Hillary Clinton,0,Richard Nixon Ronald Reagan,0
Donald Trump,1,Abraham Lincoln Barack Obama,0
Donald Trump,1,Abraham Lincoln Bernie Sanders,0
Donald Trump,1,Abraham Lincoln Elizabeth Warren,0
Donald Trump,1,Abraham Lincoln George W. Bush,1
Donald Trump,1,Abraham Lincoln Hillary Clinton,0
Donald Trump,1,Abraham Lincoln Joe Biden,0
Donald Trump,1,Abraham Lincoln Richard Nixon,0
Donald Trump,1,Abraham Lincoln Ronald Reagan,0
Donald Trump,1,Barack Obama Bernie Sanders,0
Donald Trump,1,Barack Obama Elizabeth Warren,0
Donald Trump,1,Barack Obama George W. Bush,0
Donald Trump,1,Barack Obama Hillary Clinton,0
Donald Trump,1,Barack Obama Joe Biden,0
Donald Trump,1,Barack Obama Richard Nixon,0
Donald Trump,1,Barack Obama Ronald Reagan,0
Donald Trump,1,Bernie Sanders Elizabeth Warren,0
Donald Trump,1,Bernie Sanders George W. Bush,0
Donald Trump,1,Bernie Sanders Hillary Clinton,0
Donald Trump,1,Bernie Sanders Joe Biden,0
Donald Trump,1,Bernie Sanders Richard Nixon,1
Donald Trump,1,Bernie Sanders Ronald Reagan,0
Donald Trump,1,Elizabeth Warren George W. Bush,1
Donald Trump,1,Elizabeth Warren Hillary Clinton,0
Donald Trump,1,Elizabeth Warren Joe Biden,0
Donald Trump,1,Elizabeth Warren Richard Nixon,0
Donald Trump,1,Elizabeth Warren Ronald Reagan,0
Donald Trump,1,George W. Bush Hillary Clinton,0
Donald Trump,1,George W. Bush Joe Biden,0
Donald Trump,1,George W. Bush Richard Nixon,0
Donald Trump,1,George W. Bush Ronald Reagan,0
Donald Trump,1,Hillary Clinton Joe Biden,0
Donald Trump,1,Hillary Clinton Richard Nixon,0
Donald Trump,1,Hillary Clinton Ronald Reagan,1
Donald Trump,1,Joe Biden Richard Nixon,1
Donald Trump,1,Joe Biden Ronald Reagan,1
Joe Biden,2,Abraham Lincoln Barack Obama,0
Joe Biden,2,Abraham Lincoln Bernie Sanders,0
Joe Biden,2,Abraham Lincoln Donald Trump,0
Joe Biden,2,Abraham Lincoln George W. Bush,0
Joe Biden,2,Abraham Lincoln Hillary Clinton,0
Joe Biden,2,Abraham Lincoln Ronald Reagan,0
Joe Biden,2,Barack Obama Bernie Sanders,1
Joe Biden,2,Barack Obama Donald Trump,0
Joe Biden,2,Barack Obama Elizabeth Warren,0
Joe Biden,2,Barack Obama George W. Bush,0
Joe Biden,2,Barack Obama Hillary Clinton,0
Joe Biden,2,Barack Obama Richard Nixon,0
Joe Biden,2,Barack Obama Ronald Reagan,0
Joe Biden,2,Bernie Sanders Elizabeth Warren,0
Joe Biden,2,Bernie Sanders George W. Bush,0
Joe Biden,2,Bernie Sanders Richard Nixon,0
Joe Biden,2,Bernie Sanders Ronald Reagan,0
Joe Biden,2,Donald Trump Elizabeth Warren,0
Joe Biden,2,Donald Trump George W. Bush,0
Joe Biden,2,Donald Trump Hillary Clinton,0
Joe Biden,2,Donald Trump Richard Nixon,1
Joe Biden,2,Donald Trump Ronald Reagan,0
Joe Biden,2,Elizabeth Warren George W. Bush,0
Joe Biden,2,Elizabeth Warren Hillary Clinton,0
Joe Biden,2,Elizabeth Warren Ronald Reagan,0
Joe Biden,2,George W. Bush Hillary Clinton,0
Joe Biden,2,George W. Bush Richard Nixon,0
Joe Biden,2,Hillary Clinton Ronald Reagan,0
Joe Biden,2,Richard Nixon Ronald Reagan,0
Elizabeth Warren,3,Abraham Lincoln Barack Obama,0
Elizabeth Warren,3,Abraham Lincoln Bernie Sanders,0
Elizabeth Warren,3,Abraham Lincoln Donald Trump,0
Elizabeth Warren,3,Abraham Lincoln George W. Bush,0
Elizabeth Warren,3,Abraham Lincoln Hillary Clinton,0
Elizabeth Warren,3,Abraham Lincoln Joe Biden,0
Elizabeth Warren,3,Abraham Lincoln Richard Nixon,0
Elizabeth Warren,3,Abraham Lincoln Ronald Reagan,0
Elizabeth Warren,3,Barack Obama Bernie Sanders,1
Elizabeth Warren,3,Barack Obama George W. Bush,1
Elizabeth Warren,3,Barack Obama Hillary Clinton,0
Elizabeth Warren,3,Barack Obama Joe Biden,0
Elizabeth Warren,3,Barack Obama Ronald Reagan,0
Elizabeth Warren,3,Bernie Sanders Donald Trump,0
Elizabeth Warren,3,Bernie Sanders George W. Bush,0
Elizabeth Warren,3,Bernie Sanders Hillary Clinton,0
Elizabeth Warren,3,Bernie Sanders Joe Biden,0
Elizabeth Warren,3,Bernie Sanders Ronald Reagan,0
Elizabeth Warren,3,Donald Trump George W. Bush,0
Elizabeth Warren,3,Donald Trump Hillary Clinton,0
Elizabeth Warren,3,Donald Trump Joe Biden,0
Elizabeth Warren,3,Donald Trump Richard Nixon,0
Elizabeth Warren,3,Donald Trump Ronald Reagan,0
Elizabeth Warren,3,George W. Bush Hillary Clinton,0
Elizabeth Warren,3,George W. Bush Joe Biden,0
Elizabeth Warren,3,George W. Bush Richard Nixon,1
Elizabeth Warren,3,George W. Bush Ronald Reagan,0
Elizabeth Warren,3,Hillary Clinton Joe Biden,0
Elizabeth Warren,3,Hillary Clinton Richard Nixon,0
Elizabeth Warren,3,Hillary Clinton Ronald Reagan,0
Elizabeth Warren,3,Joe Biden Richard Nixon,0
Elizabeth Warren,3,Joe Biden Ronald Reagan,1
Elizabeth Warren,3,Richard Nixon Ronald Reagan,0
Hillary Clinton,4,Abraham Lincoln Barack Obama,1
Hillary Clinton,4,Abraham Lincoln Bernie Sanders,0
Hillary Clinton,4,Abraham Lincoln Donald Trump,0
Hillary Clinton,4,Abraham Lincoln Elizabeth Warren,0
Hillary Clinton,4,Abraham Lincoln George W. Bush,0
Hillary Clinton,4,Abraham Lincoln Joe Biden,0
Hillary Clinton,4,Abraham Lincoln Richard Nixon,0
Hillary Clinton,4,Abraham Lincoln Ronald Reagan,0
Hillary Clinton,4,Barack Obama Bernie Sanders,0
Hillary Clinton,4,Barack Obama Donald Trump,0
Hillary Clinton,4,Barack Obama Elizabeth Warren,0
Hillary Clinton,4,Barack Obama George W. Bush,0
Hillary Clinton,4,Barack Obama Joe Biden,0
Hillary Clinton,4,Barack Obama Richard Nixon,0
Hillary Clinton,4,Barack Obama Ronald Reagan,0
Hillary Clinton,4,Bernie Sanders Donald Trump,0
Hillary Clinton,4,Bernie Sanders Elizabeth Warren,0
Hillary Clinton,4,Bernie Sanders George W. Bush,0
Hillary Clinton,4,Bernie Sanders Joe Biden,0
Hillary Clinton,4,Bernie Sanders Richard Nixon,1
Hillary Clinton,4,Bernie Sanders Ronald Reagan,0
Hillary Clinton,4,Donald Trump Elizabeth Warren,0
Hillary Clinton,4,Donald Trump George W. Bush,0
Hillary Clinton,4,Donald Trump Joe Biden,0
Hillary Clinton,4,Donald Trump Richard Nixon,1
Hillary Clinton,4,Donald Trump Ronald Reagan,0
Hillary Clinton,4,Elizabeth Warren George W. Bush,0
Hillary Clinton,4,Elizabeth Warren Joe Biden,1
Hillary Clinton,4,Elizabeth Warren Richard Nixon,0
Hillary Clinton,4,Elizabeth Warren Ronald Reagan,0
Hillary Clinton,4,George W. Bush Joe Biden,0
Hillary Clinton,4,George W. Bush Richard Nixon,0
Hillary Clinton,4,George W. Bush Ronald Reagan,0
Hillary Clinton,4,Joe Biden Richard Nixon,0
Hillary Clinton,4,Joe Biden Ronald Reagan,0
Hillary Clinton,4,Richard Nixon Ronald Reagan,0
Ronald Reagan,5,Abraham Lincoln Barack Obama,0
Ronald Reagan,5,Abraham Lincoln Bernie Sanders,0
Ronald Reagan,5,Abraham Lincoln Donald Trump,0
Ronald Reagan,5,Abraham Lincoln Elizabeth Warren,0
Ronald Reagan,5,Abraham Lincoln Hillary Clinton,0
Ronald Reagan,5,Abraham Lincoln Joe Biden,0
Ronald Reagan,5,Abraham Lincoln Richard Nixon,0
Ronald Reagan,5,Barack Obama Bernie Sanders,0
Ronald Reagan,5,Barack Obama Donald Trump,0
Ronald Reagan,5,Barack Obama Elizabeth Warren,0
Ronald Reagan,5,Barack Obama George W. Bush,0
Ronald Reagan,5,Barack Obama Hillary Clinton,0
Ronald Reagan,5,Barack Obama Joe Biden,0
Ronald Reagan,5,Bernie Sanders Donald Trump,0
Ronald Reagan,5,Bernie Sanders Elizabeth Warren,0
Ronald Reagan,5,Bernie Sanders George W. Bush,0
Ronald Reagan,5,Bernie Sanders Hillary Clinton,0
Ronald Reagan,5,Bernie Sanders Joe Biden,0
Ronald Reagan,5,Bernie Sanders Richard Nixon,0
Ronald Reagan,5,Donald Trump Elizabeth Warren,0
Ronald Reagan,5,Donald Trump George W. Bush,0
Ronald Reagan,5,Donald Trump Hillary Clinton,0
Ronald Reagan,5,Donald Trump Joe Biden,0
Ronald Reagan,5,Donald Trump Richard Nixon,0
Ronald Reagan,5,Elizabeth Warren George W. Bush,0
Ronald Reagan,5,Elizabeth Warren Hillary Clinton,0
Ronald Reagan,5,Elizabeth Warren Joe Biden,0
Ronald Reagan,5,Elizabeth Warren Richard Nixon,0
Ronald Reagan,5,George W. Bush Hillary Clinton,0
Ronald Reagan,5,George W. Bush Joe Biden,1
Ronald Reagan,5,George W. Bush Richard Nixon,0
Ronald Reagan,5,Hillary Clinton Joe Biden,0
Ronald Reagan,5,Hillary Clinton Richard Nixon,0
Ronald Reagan,5,Joe Biden Richard Nixon,0
Bernie Sanders,6,Abraham Lincoln Barack Obama,0
Bernie Sanders,6,Abraham Lincoln Donald Trump,0
Bernie Sanders,6,Abraham Lincoln Elizabeth Warren,0
Bernie Sanders,6,Abraham Lincoln George W. Bush,0
Bernie Sanders,6,Abraham Lincoln Hillary Clinton,0
Bernie Sanders,6,Abraham Lincoln Joe Biden,0
Bernie Sanders,6,Abraham Lincoln Richard Nixon,0
Bernie Sanders,6,Abraham Lincoln Ronald Reagan,0
Bernie Sanders,6,Barack Obama Donald Trump,0
Bernie Sanders,6,Barack Obama Elizabeth Warren,0
Bernie Sanders,6,Barack Obama George W. Bush,0
Bernie Sanders,6,Barack Obama Hillary Clinton,0
Bernie Sanders,6,Barack Obama Richard Nixon,0
Bernie Sanders,6,Barack Obama Ronald Reagan,0
Bernie Sanders,6,Donald Trump George W. Bush,0
Bernie Sanders,6,Donald Trump Hillary Clinton,0
Bernie Sanders,6,Donald Trump Joe Biden,0
Bernie Sanders,6,Donald Trump Richard Nixon,0
Bernie Sanders,6,Donald Trump Ronald Reagan,0
Bernie Sanders,6,Elizabeth Warren George W. Bush,0
Bernie Sanders,6,Elizabeth Warren Hillary Clinton,0
Bernie Sanders,6,Elizabeth Warren Joe Biden,0
Bernie Sanders,6,Elizabeth Warren Richard Nixon,0
Bernie Sanders,6,Elizabeth Warren Ronald Reagan,0
Bernie Sanders,6,George W. Bush Joe Biden,0
Bernie Sanders,6,George W. Bush Richard Nixon,0
Bernie Sanders,6,George W. Bush Ronald Reagan,0
Bernie Sanders,6,Hillary Clinton Joe Biden,0
Bernie Sanders,6,Hillary Clinton Richard Nixon,0
Bernie Sanders,6,Hillary Clinton Ronald Reagan,0
Bernie Sanders,6,Joe Biden Richard Nixon,0
Bernie Sanders,6,Joe Biden Ronald Reagan,0
Bernie Sanders,6,Richard Nixon Ronald Reagan,0
Hillary Clinton,7,Abraham Lincoln Barack Obama,0
Hillary Clinton,7,Abraham Lincoln Bernie Sanders,1
Hillary Clinton,7,Abraham Lincoln Donald Trump,1
Hillary Clinton,7,Abraham Lincoln Elizabeth Warren,0
Hillary Clinton,7,Abraham Lincoln George W. Bush,1
Hillary Clinton,7,Abraham Lincoln Joe Biden,0
Hillary Clinton,7,Abraham Lincoln Richard Nixon,0
Hillary Clinton,7,Barack Obama Bernie Sanders,0
Hillary Clinton,7,Barack Obama Donald Trump,0
Hillary Clinton,7,Barack Obama Elizabeth Warren,0
Hillary Clinton,7,Barack Obama George W. Bush,0
Hillary Clinton,7,Barack Obama Joe Biden,0
Hillary Clinton,7,Barack Obama Richard Nixon,0
Hillary Clinton,7,Bernie Sanders Donald Trump,0
Hillary Clinton,7,Bernie Sanders Elizabeth Warren,0
Hillary Clinton,7,Bernie Sanders George W. Bush,0
Hillary Clinton,7,Bernie Sanders Joe Biden,0
Hillary Clinton,7,Bernie Sanders Richard Nixon,1
Hillary Clinton,7,Bernie Sanders Ronald Reagan,0
Hillary Clinton,7,Donald Trump Elizabeth Warren,0
Hillary Clinton,7,Donald Trump George W. Bush,0
Hillary Clinton,7,Donald Trump Joe Biden,0
Hillary Clinton,7,Donald Trump Richard Nixon,0
Hillary Clinton,7,Donald Trump Ronald Reagan,0
Hillary Clinton,7,Elizabeth Warren George W. Bush,0
Hillary Clinton,7,Elizabeth Warren Joe Biden,0
Hillary Clinton,7,Elizabeth Warren Richard Nixon,0
Hillary Clinton,7,Elizabeth Warren Ronald Reagan,0
Hillary Clinton,7,George W. Bush Joe Biden,0
Hillary Clinton,7,George W. Bush Richard Nixon,0
Hillary Clinton,7,George W. Bush Ronald Reagan,0
Hillary Clinton,7,Joe Biden Richard Nixon,0
Hillary Clinton,7,Joe Biden Ronald Reagan,0
Hillary Clinton,7,Richard Nixon Ronald Reagan,1
Joe Biden,8,Abraham Lincoln Barack Obama,0
Joe Biden,8,Abraham Lincoln Bernie Sanders,0
Joe Biden,8,Abraham Lincoln Donald Trump,0
Joe Biden,8,Abraham Lincoln Elizabeth Warren,0
Joe Biden,8,Abraham Lincoln George W. Bush,1
Joe Biden,8,Abraham Lincoln Hillary Clinton,0
Joe Biden,8,Abraham Lincoln Richard Nixon,0
Joe Biden,8,Abraham Lincoln Ronald Reagan,0
Joe Biden,8,Barack Obama Bernie Sanders,0
Joe Biden,8,Barack Obama Donald Trump,0
Joe Biden,8,Barack Obama Elizabeth Warren,0
Joe Biden,8,Barack Obama George W. Bush,0
Joe Biden,8,Barack Obama Hillary Clinton,0
Joe Biden,8,Barack Obama Richard Nixon,0
Joe Biden,8,Barack Obama Ronald Reagan,0
Joe Biden,8,Bernie Sanders Donald Trump,0
Joe Biden,8,Bernie Sanders Elizabeth Warren,0
Joe Biden,8,Bernie Sanders George W. Bush,0
Joe Biden,8,Bernie Sanders Hillary Clinton,0
Joe Biden,8,Bernie Sanders Richard Nixon,0
Joe Biden,8,Bernie Sanders Ronald Reagan,0
Joe Biden,8,Donald Trump Elizabeth Warren,0
Joe Biden,8,Donald Trump George W. Bush,0
Joe Biden,8,Donald Trump Hillary Clinton,0
Joe Biden,8,Donald Trump Richard Nixon,0
Joe Biden,8,Elizabeth Warren George W. Bush,0
Joe Biden,8,Elizabeth Warren Hillary Clinton,0
Joe Biden,8,Elizabeth Warren Richard Nixon,0
Joe Biden,8,Elizabeth Warren Ronald Reagan,0
Joe Biden,8,George W. Bush Hillary Clinton,0
Joe Biden,8,George W. Bush Richard Nixon,1
Joe Biden,8,George W. Bush Ronald Reagan,0
Joe Biden,8,Hillary Clinton Richard Nixon,0
Joe Biden,8,Hillary Clinton Ronald Reagan,0
Joe Biden,8,Richard Nixon Ronald Reagan,0
Elizabeth Warren,9,Abraham Lincoln Barack Obama,0
Elizabeth Warren,9,Abraham Lincoln Bernie Sanders,0
Elizabeth Warren,9,Abraham Lincoln Donald Trump,0
Elizabeth Warren,9,Abraham Lincoln George W. Bush,0
Elizabeth Warren,9,Abraham Lincoln Hillary Clinton,0
Elizabeth Warren,9,Abraham Lincoln Joe Biden,0
Elizabeth Warren,9,Abraham Lincoln Richard Nixon,1
Elizabeth Warren,9,Abraham Lincoln Ronald Reagan,0
Elizabeth Warren,9,Barack Obama Bernie Sanders,1
Elizabeth Warren,9,Barack Obama Donald Trump,0
Elizabeth Warren,9,Barack Obama George W. Bush,0
Elizabeth Warren,9,Barack Obama Hillary Clinton,0
Elizabeth Warren,9,Barack Obama Joe Biden,0
Elizabeth Warren,9,Barack Obama Richard Nixon,1
Elizabeth Warren,9,Barack Obama Ronald Reagan,0
Elizabeth Warren,9,Bernie Sanders Donald Trump,0
Elizabeth Warren,9,Bernie Sanders George W. Bush,0
Elizabeth Warren,9,Bernie Sanders Hillary Clinton,0
Elizabeth Warren,9,Bernie Sanders Joe Biden,0
Elizabeth Warren,9,Bernie Sanders Richard Nixon,0
Elizabeth Warren,9,Bernie Sanders Ronald Reagan,0
Elizabeth Warren,9,Donald Trump George W. Bush,0
Elizabeth Warren,9,Donald Trump Hillary Clinton,0
Elizabeth Warren,9,Donald Trump Joe Biden,1
Elizabeth Warren,9,Donald Trump Richard Nixon,0
Elizabeth Warren,9,Donald Trump Ronald Reagan,0
Elizabeth Warren,9,George W. Bush Joe Biden,0
Elizabeth Warren,9,George W. Bush Richard Nixon,0
Elizabeth Warren,9,George W. Bush Ronald Reagan,0
Elizabeth Warren,9,Hillary Clinton Joe Biden,0
Elizabeth Warren,9,Hillary Clinton Richard Nixon,0
Elizabeth Warren,9,Hillary Clinton Ronald Reagan,0
Elizabeth Warren,9,Joe Biden Richard Nixon,0
Elizabeth Warren,9,Joe Biden Ronald Reagan,0
Elizabeth Warren,9,Richard Nixon Ronald Reagan,0
Donald Trump,10,Abraham Lincoln Barack Obama,0
Donald Trump,10,Abraham Lincoln Bernie Sanders,0
Donald Trump,10,Abraham Lincoln Elizabeth Warren,0
Donald Trump,10,Abraham Lincoln George W. Bush,0
Donald Trump,10,Abraham Lincoln Hillary Clinton,0
Donald Trump,10,Abraham Lincoln Joe Biden,0
Donald Trump,10,Abraham Lincoln Richard Nixon,0
Donald Trump,10,Abraham Lincoln Ronald Reagan,0
Donald Trump,10,Barack Obama Bernie Sanders,0
Donald Trump,10,Barack Obama Elizabeth Warren,0
Donald Trump,10,Barack Obama George W. Bush,0
Donald Trump,10,Barack Obama Hillary Clinton,0
Donald Trump,10,Barack Obama Joe Biden,0
Donald Trump,10,Barack Obama Richard Nixon,0
Donald Trump,10,Barack Obama Ronald Reagan,0
Donald Trump,10,Bernie Sanders Elizabeth Warren,0
Donald Trump,10,Bernie Sanders George W. Bush,0
Donald Trump,10,Bernie Sanders Hillary Clinton,0
Donald Trump,10,Bernie Sanders Joe Biden,1
Donald Trump,10,Bernie Sanders Richard Nixon,0
Donald Trump,10,Bernie Sanders Ronald Reagan,1
Donald Trump,10,Elizabeth Warren George W. Bush,1
Donald Trump,10,Elizabeth Warren Hillary Clinton,0
Donald Trump,10,Elizabeth Warren Joe Biden,0
Donald Trump,10,Elizabeth Warren Richard Nixon,0
Donald Trump,10,Elizabeth Warren Ronald Reagan,0
Donald Trump,10,George W. Bush Hillary Clinton,0
Donald Trump,10,George W. Bush Joe Biden,1
Donald Trump,10,George W. Bush Richard Nixon,0
Donald Trump,10,George W. Bush Ronald Reagan,0
Donald Trump,10,Hillary Clinton Joe Biden,1
Donald Trump,10,Hillary Clinton Richard Nixon,0
Donald Trump,10,Hillary Clinton Ronald Reagan,0
Donald Trump,10,Joe Biden Richard Nixon,0
Donald Trump,10,Joe Biden Ronald Reagan,0
Donald Trump,10,Richard Nixon Ronald Reagan,0
Joe Biden,11,Abraham Lincoln Barack Obama,0
Joe Biden,11,Abraham Lincoln Bernie Sanders,0
Joe Biden,11,Abraham Lincoln Donald Trump,0
Joe Biden,11,Abraham Lincoln Elizabeth Warren,0
Joe Biden,11,Abraham Lincoln Hillary Clinton,0
Joe Biden,11,Abraham Lincoln Richard Nixon,0
Joe Biden,11,Abraham Lincoln Ronald Reagan,0
Joe Biden,11,Barack Obama Bernie Sanders,0
Joe Biden,11,Barack Obama Donald Trump,0
Joe Biden,11,Barack Obama Elizabeth Warren,0
Joe Biden,11,Barack Obama George W. Bush,0
Joe Biden,11,Barack Obama Hillary Clinton,0
Joe Biden,11,Barack Obama Richard Nixon,0
Joe Biden,11,Barack Obama Ronald Reagan,0
Joe Biden,11,Bernie Sanders Donald Trump,0
Joe Biden,11,Bernie Sanders Elizabeth Warren,0
Joe Biden,11,Bernie Sanders George W. Bush,0
Joe Biden,11,Bernie Sanders Hillary Clinton,0
Joe Biden,11,Bernie Sanders Ronald Reagan,0
Joe Biden,11,Donald Trump Elizabeth Warren,0
Joe Biden,11,Donald Trump George W. Bush,0
Joe Biden,11,Donald Trump Hillary Clinton,0
Joe Biden,11,Donald Trump Richard Nixon,0
Joe Biden,11,Donald Trump Ronald Reagan,0
Joe Biden,11,Elizabeth Warren George W. Bush,0
Joe Biden,11,Elizabeth Warren Hillary Clinton,0
Joe Biden,11,Elizabeth Warren Richard Nixon,0
Joe Biden,11,Elizabeth Warren Ronald Reagan,0
Joe Biden,11,George W. Bush Hillary Clinton,0
Joe Biden,11,George W. Bush Richard Nixon,0
Joe Biden,11,George W. Bush Ronald Reagan,1
Joe Biden,11,Hillary Clinton Richard Nixon,0
Joe Biden,11,Hillary Clinton Ronald Reagan,0
Joe Biden,11,Richard Nixon Ronald Reagan,0
Joe Biden,12,Abraham Lincoln Barack Obama,0
Joe Biden,12,Abraham Lincoln Bernie Sanders,0
Joe Biden,12,Abraham Lincoln Donald Trump,0
Joe Biden,12,Abraham Lincoln Elizabeth Warren,0
Joe Biden,12,Abraham Lincoln George W. Bush,0
Joe Biden,12,Abraham Lincoln Hillary Clinton,0
Joe Biden,12,Abraham Lincoln Richard Nixon,1
Joe Biden,12,Abraham Lincoln Ronald Reagan,0
Joe Biden,12,Barack Obama Bernie Sanders,0
Joe Biden,12,Barack Obama Donald Trump,0
Joe Biden,12,Barack Obama Elizabeth Warren,0
Joe Biden,12,Barack Obama George W. Bush,0
Joe Biden,12,Barack Obama Hillary Clinton,0
Joe Biden,12,Barack Obama Richard Nixon,0
Joe Biden,12,Barack Obama Ronald Reagan,0
Joe Biden,12,Bernie Sanders Donald Trump,0
Joe Biden,12,Bernie Sanders Elizabeth Warren,0
Joe Biden,12,Bernie Sanders George W. Bush,0
Joe Biden,12,Bernie Sanders Hillary Clinton,0
Joe Biden,12,Bernie Sanders Richard Nixon,0
Joe Biden,12,Bernie Sanders Ronald Reagan,0
Joe Biden,12,Donald Trump Elizabeth Warren,0
Joe Biden,12,Donald Trump George W. Bush,0
Joe Biden,12,Donald Trump Hillary Clinton,0
Joe Biden,12,Donald Trump Richard Nixon,0
Joe Biden,12,Donald Trump Ronald Reagan,0
Joe Biden,12,Elizabeth Warren George W. Bush,0
Joe Biden,12,Elizabeth Warren Hillary Clinton,0
Joe Biden,12,Elizabeth Warren Richard Nixon,0
Joe Biden,12,Elizabeth Warren Ronald Reagan,0
Joe Biden,12,George W. Bush Hillary Clinton,0
Joe Biden,12,George W. Bush Richard Nixon,0
Joe Biden,12,George W. Bush Ronald Reagan,0
Joe Biden,12,Hillary Clinton Ronald Reagan,0
Joe Biden,12,Richard Nixon Ronald Reagan,0
Bernie Sanders,13,Abraham Lincoln Barack Obama,0
Bernie Sanders,13,Abraham Lincoln Donald Trump,0
Bernie Sanders,13,Abraham Lincoln Elizabeth Warren,0
Bernie Sanders,13,Abraham Lincoln George W. Bush,0
Bernie Sanders,13,Abraham Lincoln Hillary Clinton,0
Bernie Sanders,13,Abraham Lincoln Joe Biden,0
Bernie Sanders,13,Abraham Lincoln Richard Nixon,0
Bernie Sanders,13,Abraham Lincoln Ronald Reagan,0
Bernie Sanders,13,Barack Obama Donald Trump,0
Bernie Sanders,13,Barack Obama Elizabeth Warren,0
Bernie Sanders,13,Barack Obama George W. Bush,0
Bernie Sanders,13,Barack Obama Hillary Clinton,0
Bernie Sanders,13,Barack Obama Joe Biden,1
Bernie Sanders,13,Barack Obama Richard Nixon,0
Bernie Sanders,13,Barack Obama Ronald Reagan,0
Bernie Sanders,13,Donald Trump Elizabeth Warren,0
Bernie Sanders,13,Donald Trump George W. Bush,0
Bernie Sanders,13,Donald Trump Hillary Clinton,0
Bernie Sanders,13,Donald Trump Joe Biden,0
Bernie Sanders,13,Donald Trump Richard Nixon,0
Bernie Sanders,13,Donald Trump Ronald Reagan,0
Bernie Sanders,13,Elizabeth Warren George W. Bush,0
Bernie Sanders,13,Elizabeth Warren Hillary Clinton,0
Bernie Sanders,13,Elizabeth Warren Joe Biden,0
Bernie Sanders,13,Elizabeth Warren Richard Nixon,0
Bernie Sanders,13,Elizabeth Warren Ronald Reagan,0
Bernie Sanders,13,George W. Bush Hillary Clinton,0
Bernie Sanders,13,George W. Bush Joe Biden,0
Bernie Sanders,13,George W. Bush Richard Nixon,0
Bernie Sanders,13,George W. Bush Ronald Reagan,0
Bernie Sanders,13,Hillary Clinton Joe Biden,0
Bernie Sanders,13,Hillary Clinton Richard Nixon,0
Bernie Sanders,13,Hillary Clinton Ronald Reagan,0
Bernie Sanders,13,Joe Biden Richard Nixon,0
Bernie Sanders,13,Joe Biden Ronald Reagan,0
Bernie Sanders,13,Richard Nixon Ronald Reagan,0
George W. Bush,14,Abraham Lincoln Barack Obama,0
George W. Bush,14,Abraham Lincoln Bernie Sanders,0
George W. Bush,14,Abraham Lincoln Donald Trump,0
George W. Bush,14,Abraham Lincoln Elizabeth Warren,0
George W. Bush,14,Abraham Lincoln Hillary Clinton,0
George W. Bush,14,Abraham Lincoln Joe Biden,0
George W. Bush,14,Abraham Lincoln Richard Nixon,0
George W. Bush,14,Abraham Lincoln Ronald Reagan,0
George W. Bush,14,Barack Obama Bernie Sanders,0
George W. Bush,14,Barack Obama Donald Trump,0
George W. Bush,14,Barack Obama Elizabeth Warren,0
George W. Bush,14,Barack Obama Hillary Clinton,0
George W. Bush,14,Barack Obama Joe Biden,0
George W. Bush,14,Barack Obama Ronald Reagan,1
George W. Bush,14,Bernie Sanders Elizabeth Warren,0
George W. Bush,14,Bernie Sanders Hillary Clinton,0
George W. Bush,14,Bernie Sanders Joe Biden,0
George W. Bush,14,Bernie Sanders Richard Nixon,0
George W. Bush,14,Bernie Sanders Ronald Reagan,0
George W. Bush,14,Donald Trump Elizabeth Warren,0
George W. Bush,14,Donald Trump Hillary Clinton,0
George W. Bush,14,Donald Trump Joe Biden,1
George W. Bush,14,Donald Trump Richard Nixon,0
George W. Bush,14,Donald Trump Ronald Reagan,0
George W. Bush,14,Elizabeth Warren Hillary Clinton,0
George W. Bush,14,Elizabeth Warren Joe Biden,0
George W. Bush,14,Elizabeth Warren Richard Nixon,0
George W. Bush,14,Elizabeth Warren Ronald Reagan,0
George W. Bush,14,Hillary Clinton Richard Nixon,0
George W. Bush,14,Hillary Clinton Ronald Reagan,0
George W. Bush,14,Joe Biden Richard Nixon,0
George W. Bush,14,Joe Biden Ronald Reagan,0
Elizabeth Warren,15,Abraham Lincoln Barack Obama,0
Elizabeth Warren,15,Abraham Lincoln Bernie Sanders,0
Elizabeth Warren,15,Abraham Lincoln Donald Trump,0
Elizabeth Warren,15,Abraham Lincoln George W. Bush,0
Elizabeth Warren,15,Abraham Lincoln Hillary Clinton,0
Elizabeth Warren,15,Abraham Lincoln Joe Biden,0
Elizabeth Warren,15,Abraham Lincoln Richard Nixon,1
Elizabeth Warren,15,Abraham Lincoln Ronald Reagan,0
Elizabeth Warren,15,Barack Obama Donald Trump,0
Elizabeth Warren,15,Barack Obama George W. Bush,0
Elizabeth Warren,15,Barack Obama Hillary Clinton,0
Elizabeth Warren,15,Barack Obama Joe Biden,0
Elizabeth Warren,15,Barack Obama Richard Nixon,0
Elizabeth Warren,15,Bernie Sanders Donald Trump,0
Elizabeth Warren,15,Bernie Sanders George W. Bush,0
Elizabeth Warren,15,Bernie Sanders Hillary Clinton,0
Elizabeth Warren,15,Bernie Sanders Joe Biden,0
Elizabeth Warren,15,Bernie Sanders Richard Nixon,0
Elizabeth Warren,15,Bernie Sanders Ronald Reagan,0
Elizabeth Warren,15,Donald Trump George W. Bush,0
Elizabeth Warren,15,Donald Trump Hillary Clinton,0
Elizabeth Warren,15,Donald Trump Joe Biden,0
Elizabeth Warren,15,Donald Trump Richard Nixon,0
Elizabeth Warren,15,Donald Trump Ronald Reagan,0
Elizabeth Warren,15,George W. Bush Hillary Clinton,0
Elizabeth Warren,15,George W. Bush Joe Biden,0
Elizabeth Warren,15,George W. Bush Richard Nixon,0
Elizabeth Warren,15,George W. Bush Ronald Reagan,0
Elizabeth Warren,15,Hillary Clinton Joe Biden,0
Elizabeth Warren,15,Hillary Clinton Richard Nixon,0
Elizabeth Warren,15,Hillary Clinton Ronald Reagan,0
Elizabeth Warren,15,Joe Biden Richard Nixon,0
Elizabeth Warren,15,Joe Biden Ronald Reagan,0
Elizabeth Warren,15,Richard Nixon Ronald Reagan,0
Barack Obama,16,Abraham Lincoln Bernie Sanders,0
Barack Obama,16,Abraham Lincoln Donald Trump,0
Barack Obama,16,Abraham Lincoln Elizabeth Warren,0
Barack Obama,16,Abraham Lincoln George W. Bush,0
Barack Obama,16,Abraham Lincoln Hillary Clinton,0
Barack Obama,16,Abraham Lincoln Joe Biden,0
Barack Obama,16,Abraham Lincoln Ronald Reagan,0
Barack Obama,16,Bernie Sanders Donald Trump,0
Barack Obama,16,Bernie Sanders Elizabeth Warren,0
Barack Obama,16,Bernie Sanders George W. Bush,0
Barack Obama,16,Bernie Sanders Hillary Clinton,0
Barack Obama,16,Bernie Sanders Joe Biden,0
Barack Obama,16,Bernie Sanders Richard Nixon,0
Barack Obama,16,Bernie Sanders Ronald Reagan,0
Barack Obama,16,Donald Trump Elizabeth Warren,0
Barack Obama,16,Donald Trump George W. Bush,0
Barack Obama,16,Donald Trump Hillary Clinton,0
Barack Obama,16,Donald Trump Richard Nixon,0
Barack Obama,16,Donald Trump Ronald Reagan,0
Barack Obama,16,Elizabeth Warren George W. Bush,0
Barack Obama,16,Elizabeth Warren Hillary Clinton,0
Barack Obama,16,Elizabeth Warren Joe Biden,0
Barack Obama,16,Elizabeth Warren Richard Nixon,0
Barack Obama,16,Elizabeth Warren Ronald Reagan,0
Barack Obama,16,George W. Bush Hillary Clinton,0
Barack Obama,16,George W. Bush Joe Biden,0
Barack Obama,16,George W. Bush Richard Nixon,0
Barack Obama,16,George W. Bush Ronald Reagan,0
Barack Obama,16,Hillary Clinton Joe Biden,0
Barack Obama,16,Hillary Clinton Richard Nixon,0
Barack Obama,16,Hillary Clinton Ronald Reagan,0
Barack Obama,16,Joe Biden Richard Nixon,1
Barack Obama,16,Joe Biden Ronald Reagan,0
Barack Obama,16,Richard Nixon Ronald Reagan,0
Joe Biden,17,Abraham Lincoln Barack Obama,0
Joe Biden,17,Abraham Lincoln Bernie Sanders,0
Joe Biden,17,Abraham Lincoln Donald Trump,0
Joe Biden,17,Abraham Lincoln Elizabeth Warren,0
Joe Biden,17,Abraham Lincoln George W. Bush,0
Joe Biden,17,Abraham Lincoln Hillary Clinton,0
Joe Biden,17,Abraham Lincoln Richard Nixon,0
Joe Biden,17,Abraham Lincoln Ronald Reagan,0
Joe Biden,17,Barack Obama Bernie Sanders,0
Joe Biden,17,Barack Obama Donald Trump,0
Joe Biden,17,Barack Obama Elizabeth Warren,1
Joe Biden,17,Barack Obama George W. Bush,0
Joe Biden,17,Barack Obama Hillary Clinton,0
Joe Biden,17,Barack Obama Richard Nixon,1
Joe Biden,17,Barack Obama Ronald Reagan,0
Joe Biden,17,Bernie Sanders Donald Trump,0
Joe Biden,17,Bernie Sanders Elizabeth Warren,0
Joe Biden,17,Bernie Sanders George W. Bush,0
Joe Biden,17,Bernie Sanders Hillary Clinton,0
Joe Biden,17,Bernie Sanders Richard Nixon,0
Joe Biden,17,Bernie Sanders Ronald Reagan,0
Joe Biden,17,Donald Trump Elizabeth Warren,0
Joe Biden,17,Donald Trump George W. Bush,0
Joe Biden,17,Donald Trump Hillary Clinton,0
Joe Biden,17,Donald Trump Richard Nixon,0
Joe Biden,17,Donald Trump Ronald Reagan,0
Joe Biden,17,Elizabeth Warren George W. Bush,0
Joe Biden,17,Elizabeth Warren Hillary Clinton,0
Joe Biden,17,Elizabeth Warren Richard Nixon,0
Joe Biden,17,Elizabeth Warren Ronald Reagan,0
Joe Biden,17,George W. Bush Hillary Clinton,0
Joe Biden,17,George W. Bush Richard Nixon,0
Joe Biden,17,George W. Bush Ronald Reagan,0
Joe Biden,17,Hillary Clinton Richard Nixon,0
Joe Biden,17,Hillary Clinton Ronald Reagan,0
Joe Biden,17,Richard Nixon Ronald Reagan,0
George W. Bush,18,Abraham Lincoln Barack Obama,0
George W. Bush,18,Abraham Lincoln Bernie Sanders,0
George W. Bush,18,Abraham Lincoln Donald Trump,0
George W. Bush,18,Abraham Lincoln Elizabeth Warren,0
George W. Bush,18,Abraham Lincoln Hillary Clinton,0
George W. Bush,18,Abraham Lincoln Joe Biden,0
George W. Bush,18,Abraham Lincoln Richard Nixon,0
George W. Bush,18,Abraham Lincoln Ronald Reagan,0
George W. Bush,18,Barack Obama Bernie Sanders,0
George W. Bush,18,Barack Obama Elizabeth Warren,0
George W. Bush,18,Barack Obama Hillary Clinton,0
George W. Bush,18,Barack Obama Joe Biden,0
George W. Bush,18,Barack Obama Richard Nixon,0
George W. Bush,18,Barack Obama Ronald Reagan,0
George W. Bush,18,Bernie Sanders Donald Trump,0
George W. Bush,18,Bernie Sanders Elizabeth Warren,0
George W. Bush,18,Bernie Sanders Hillary Clinton,0
George W. Bush,18,Bernie Sanders Joe Biden,0
George W. Bush,18,Bernie Sanders Richard Nixon,0
George W. Bush,18,Bernie Sanders Ronald Reagan,0
George W. Bush,18,Donald Trump Elizabeth Warren,0
George W. Bush,18,Donald Trump Hillary Clinton,0
George W. Bush,18,Donald Trump Joe Biden,0
George W. Bush,18,Donald Trump Richard Nixon,1
George W. Bush,18,Donald Trump Ronald Reagan,0
George W. Bush,18,Elizabeth Warren Hillary Clinton,0
George W. Bush,18,Elizabeth Warren Joe Biden,0
George W. Bush,18,Elizabeth Warren Richard Nixon,0
George W. Bush,18,Elizabeth Warren Ronald Reagan,0
George W. Bush,18,Hillary Clinton Richard Nixon,0
George W. Bush,18,Hillary Clinton Ronald Reagan,0
George W. Bush,18,Joe Biden Richard Nixon,0
George W. Bush,18,Joe Biden Ronald Reagan,0
Barack Obama,19,Abraham Lincoln Bernie Sanders,0
Barack Obama,19,Abraham Lincoln Donald Trump,0
Barack Obama,19,Abraham Lincoln Elizabeth Warren,0
Barack Obama,19,Abraham Lincoln George W. Bush,1
Barack Obama,19,Abraham Lincoln Hillary Clinton,0
Barack Obama,19,Abraham Lincoln Joe Biden,0
Barack Obama,19,Abraham Lincoln Ronald Reagan,0
Barack Obama,19,Bernie Sanders Donald Trump,0
Barack Obama,19,Bernie Sanders Elizabeth Warren,0
Barack Obama,19,Bernie Sanders George W. Bush,0
Barack Obama,19,Bernie Sanders Hillary Clinton,0
Barack Obama,19,Bernie Sanders Joe Biden,0
Barack Obama,19,Bernie Sanders Richard Nixon,1
Barack Obama,19,Bernie Sanders Ronald Reagan,1
Barack Obama,19,Donald Trump Elizabeth Warren,0
Barack Obama,19,Donald Trump George W. Bush,0
Barack Obama,19,Donald Trump Hillary Clinton,0
Barack Obama,19,Donald Trump Joe Biden,0
Barack Obama,19,Donald Trump Richard Nixon,0
Barack Obama,19,Donald Trump Ronald Reagan,0
Barack Obama,19,Elizabeth Warren George W. Bush,0
Barack Obama,19,Elizabeth Warren Hillary Clinton,0
Barack Obama,19,Elizabeth Warren Richard Nixon,0
Barack Obama,19,Elizabeth Warren Ronald Reagan,0
Barack Obama,19,George W. Bush Hillary Clinton,0
Barack Obama,19,George W. Bush Joe Biden,0
Barack Obama,19,George W. Bush Richard Nixon,0
Barack Obama,19,George W. Bush Ronald Reagan,0
Barack Obama,19,Hillary Clinton Joe Biden,0
Barack Obama,19,Hillary Clinton Richard Nixon,0
Barack Obama,19,Hillary Clinton Ronald Reagan,0
Barack Obama,19,Joe Biden Richard Nixon,0
Barack Obama,19,Joe Biden Ronald Reagan,0
Barack Obama,19,Richard Nixon Ronald Reagan,0
Elizabeth Warren,20,Abraham Lincoln Barack Obama,0
Elizabeth Warren,20,Abraham Lincoln Bernie Sanders,0
Elizabeth Warren,20,Abraham Lincoln Donald Trump,0
Elizabeth Warren,20,Abraham Lincoln George W. Bush,0
Elizabeth Warren,20,Abraham Lincoln Hillary Clinton,0
Elizabeth Warren,20,Abraham Lincoln Joe Biden,0
Elizabeth Warren,20,Abraham Lincoln Richard Nixon,0
Elizabeth Warren,20,Abraham Lincoln Ronald Reagan,0
Elizabeth Warren,20,Barack Obama Bernie Sanders,1
Elizabeth Warren,20,Barack Obama Donald Trump,0
Elizabeth Warren,20,Barack Obama George W. Bush,0
Elizabeth Warren,20,Barack Obama Hillary Clinton,0
Elizabeth Warren,20,Barack Obama Richard Nixon,0
Elizabeth Warren,20,Barack Obama Ronald Reagan,0
Elizabeth Warren,20,Bernie Sanders Donald Trump,0
Elizabeth Warren,20,Bernie Sanders George W. Bush,1
Elizabeth Warren,20,Bernie Sanders Hillary Clinton,0
Elizabeth Warren,20,Bernie Sanders Joe Biden,0
Elizabeth Warren,20,Bernie Sanders Richard Nixon,0
Elizabeth Warren,20,Bernie Sanders Ronald Reagan,0
Elizabeth Warren,20,Donald Trump George W. Bush,0
Elizabeth Warren,20,Donald Trump Hillary Clinton,0
Elizabeth Warren,20,Donald Trump Joe Biden,0
Elizabeth Warren,20,Donald Trump Richard Nixon,0
Elizabeth Warren,20,Donald Trump Ronald Reagan,0
Elizabeth Warren,20,George W. Bush Hillary Clinton,0
Elizabeth Warren,20,George W. Bush Joe Biden,0
Elizabeth Warren,20,George W. Bush Richard Nixon,0
Elizabeth Warren,20,George W. Bush Ronald Reagan,0
Elizabeth Warren,20,Hillary Clinton Joe Biden,0
Elizabeth Warren,20,Hillary Clinton Richard Nixon,0
Elizabeth Warren,20,Hillary Clinton Ronald Reagan,0
Elizabeth Warren,20,Joe Biden Richard Nixon,0
Elizabeth Warren,20,Joe Biden Ronald Reagan,0
Elizabeth Warren,20,Richard Nixon Ronald Reagan,0
Abraham Lincoln,21,Barack Obama Bernie Sanders,0
Abraham Lincoln,21,Barack Obama Elizabeth Warren,0
Abraham Lincoln,21,Barack Obama Hillary Clinton,0
Abraham Lincoln,21,Barack Obama Joe Biden,0
Abraham Lincoln,21,Barack Obama Ronald Reagan,0
Abraham Lincoln,21,Bernie Sanders Donald Trump,0
Abraham Lincoln,21,Bernie Sanders Elizabeth Warren,0
Abraham Lincoln,21,Bernie Sanders George W. Bush,0
Abraham Lincoln,21,Bernie Sanders Joe Biden,0
Abraham Lincoln,21,Bernie Sanders Richard Nixon,0
Abraham Lincoln,21,Bernie Sanders Ronald Reagan,0
Abraham Lincoln,21,Donald Trump Elizabeth Warren,0
Abraham Lincoln,21,Donald Trump Hillary Clinton,0
Abraham Lincoln,21,Donald Trump Joe Biden,0
Abraham Lincoln,21,Donald Trump Richard Nixon,0
Abraham Lincoln,21,Donald Trump Ronald Reagan,0
Abraham Lincoln,21,Elizabeth Warren George W. Bush,0
Abraham Lincoln,21,Elizabeth Warren Hillary Clinton,0
Abraham Lincoln,21,Elizabeth Warren Joe Biden,0
Abraham Lincoln,21,Elizabeth Warren Richard Nixon,0
Abraham Lincoln,21,Elizabeth Warren Ronald Reagan,0
Abraham Lincoln,21,George W. Bush Hillary Clinton,0
Abraham Lincoln,21,George W. Bush Richard Nixon,0
Abraham Lincoln,21,George W. Bush Ronald Reagan,1
Abraham Lincoln,21,Hillary Clinton Joe Biden,0
Abraham Lincoln,21,Hillary Clinton Richard Nixon,0
Abraham Lincoln,21,Hillary Clinton Ronald Reagan,0
Abraham Lincoln,21,Joe Biden Richard Nixon,0
Abraham Lincoln,21,Joe Biden Ronald Reagan,0
Abraham Lincoln,21,Richard Nixon Ronald Reagan,0
Ronald Reagan,22,Abraham Lincoln Barack Obama,0
Ronald Reagan,22,Abraham Lincoln Bernie Sanders,0
Ronald Reagan,22,Abraham Lincoln Donald Trump,0
Ronald Reagan,22,Abraham Lincoln Elizabeth Warren,0
Ronald Reagan,22,Abraham Lincoln George W. Bush,0
Ronald Reagan,22,Abraham Lincoln Hillary Clinton,0
Ronald Reagan,22,Abraham Lincoln Joe Biden,0
Ronald Reagan,22,Abraham Lincoln Richard Nixon,1
Ronald Reagan,22,Barack Obama Bernie Sanders,0
Ronald Reagan,22,Barack Obama Donald Trump,1
Ronald Reagan,22,Barack Obama Elizabeth Warren,0
Ronald Reagan,22,Barack Obama Hillary Clinton,1
Ronald Reagan,22,Barack Obama Joe Biden,0
Ronald Reagan,22,Barack Obama Richard Nixon,0
Ronald Reagan,22,Bernie Sanders Donald Trump,0
Ronald Reagan,22,Bernie Sanders Elizabeth Warren,0
Ronald Reagan,22,Bernie Sanders George W. Bush,0
Ronald Reagan,22,Bernie Sanders Hillary Clinton,0
Ronald Reagan,22,Bernie Sanders Joe Biden,0
Ronald Reagan,22,Bernie Sanders Richard Nixon,0
Ronald Reagan,22,Donald Trump Elizabeth Warren,0
Ronald Reagan,22,Donald Trump George W. Bush,0
Ronald Reagan,22,Donald Trump Joe Biden,0
Ronald Reagan,22,Donald Trump Richard Nixon,0
Ronald Reagan,22,Elizabeth Warren George W. Bush,0
Ronald Reagan,22,Elizabeth Warren Hillary Clinton,1
Ronald Reagan,22,Elizabeth Warren Joe Biden,1
Ronald Reagan,22,Elizabeth Warren Richard Nixon,0
Ronald Reagan,22,George W. Bush Hillary Clinton,0
Ronald Reagan,22,George W. Bush Joe Biden,1
Ronald Reagan,22,George W. Bush Richard Nixon,0
Ronald Reagan,22,Hillary Clinton Joe Biden,0
Ronald Reagan,22,Hillary Clinton Richard Nixon,0
Ronald Reagan,22,Joe Biden Richard Nixon,0
George W. Bush,23,Abraham Lincoln Barack Obama,0
George W. Bush,23,Abraham Lincoln Bernie Sanders,0
George W. Bush,23,Abraham Lincoln Donald Trump,0
George W. Bush,23,Abraham Lincoln Elizabeth Warren,0
George W. Bush,23,Abraham Lincoln Hillary Clinton,0
George W. Bush,23,Abraham Lincoln Joe Biden,0
George W. Bush,23,Abraham Lincoln Richard Nixon,0
George W. Bush,23,Abraham Lincoln Ronald Reagan,0
George W. Bush,23,Barack Obama Bernie Sanders,0
George W. Bush,23,Barack Obama Donald Trump,0
George W. Bush,23,Barack Obama Elizabeth Warren,0
George W. Bush,23,Barack Obama Hillary Clinton,0
George W. Bush,23,Barack Obama Joe Biden,0
George W. Bush,23,Barack Obama Richard Nixon,0
George W. Bush,23,Barack Obama Ronald Reagan,0
George W. Bush,23,Bernie Sanders Donald Trump,0
George W. Bush,23,Bernie Sanders Elizabeth Warren,0
George W. Bush,23,Bernie Sanders Hillary Clinton,0
George W. Bush,23,Bernie Sanders Joe Biden,0
George W. Bush,23,Bernie Sanders Richard Nixon,0
George W. Bush,23,Bernie Sanders Ronald Reagan,0
George W. Bush,23,Donald Trump Elizabeth Warren,0
George W. Bush,23,Donald Trump Hillary Clinton,0
George W. Bush,23,Donald Trump Joe Biden,0
George W. Bush,23,Donald Trump Richard Nixon,0
George W. Bush,23,Donald Trump Ronald Reagan,0
George W. Bush,23,Elizabeth Warren Hillary Clinton,0
George W. Bush,23,Elizabeth Warren Joe Biden,0
George W. Bush,23,Elizabeth Warren Richard Nixon,0
George W. Bush,23,Elizabeth Warren Ronald Reagan,0
George W. Bush,23,Hillary Clinton Joe Biden,1
George W. Bush,23,Hillary Clinton Richard Nixon,0
George W. Bush,23,Hillary Clinton Ronald Reagan,0
George W. Bush,23,Joe Biden Richard Nixon,0
George W. Bush,23,Joe Biden Ronald Reagan,0
George W. Bush,23,Richard Nixon Ronald Reagan,0
Richard Nixon,24,Abraham Lincoln Barack Obama,0
Richard Nixon,24,Abraham Lincoln Bernie Sanders,1
Richard Nixon,24,Abraham Lincoln Donald Trump,0
Richard Nixon,24,Abraham Lincoln Elizabeth Warren,0
Richard Nixon,24,Abraham Lincoln George W. Bush,0
Richard Nixon,24,Abraham Lincoln Hillary Clinton,0
Richard Nixon,24,Abraham Lincoln Joe Biden,0
Richard Nixon,24,Abraham Lincoln Ronald Reagan,0
Richard Nixon,24,Barack Obama Bernie Sanders,0
Richard Nixon,24,Barack Obama Elizabeth Warren,0
Richard Nixon,24,Barack Obama George W. Bush,0
Richard Nixon,24,Barack Obama Hillary Clinton,0
Richard Nixon,24,Barack Obama Joe Biden,1
Richard Nixon,24,Barack Obama Ronald Reagan,0
Richard Nixon,24,Bernie Sanders Donald Trump,0
Richard Nixon,24,Bernie Sanders Elizabeth Warren,0
Richard Nixon,24,Bernie Sanders George W. Bush,1
Richard Nixon,24,Bernie Sanders Hillary Clinton,0
Richard Nixon,24,Bernie Sanders Joe Biden,0
Richard Nixon,24,Bernie Sanders Ronald Reagan,0
Richard Nixon,24,Donald Trump Elizabeth Warren,0
Richard Nixon,24,Donald Trump George W. Bush,1
Richard Nixon,24,Donald Trump Hillary Clinton,0
Richard Nixon,24,Donald Trump Joe Biden,0
Richard Nixon,24,Donald Trump Ronald Reagan,0
Richard Nixon,24,Elizabeth Warren George W. Bush,0
Richard Nixon,24,Elizabeth Warren Hillary Clinton,0
Richard Nixon,24,Elizabeth Warren Joe Biden,0
Richard Nixon,24,Elizabeth Warren Ronald Reagan,0
Richard Nixon,24,George W. Bush Hillary Clinton,0
Richard Nixon,24,George W. Bush Joe Biden,0
Richard Nixon,24,Hillary Clinton Joe Biden,0
Richard Nixon,24,Hillary Clinton Ronald Reagan,0
Richard Nixon,24,Joe Biden Ronald Reagan,1
Abraham Lincoln,25,Barack Obama Bernie Sanders,1
Abraham Lincoln,25,Barack Obama Donald Trump,0
Abraham Lincoln,25,Barack Obama Elizabeth Warren,0
Abraham Lincoln,25,Barack Obama George W. Bush,0
Abraham Lincoln,25,Barack Obama Hillary Clinton,0
Abraham Lincoln,25,Barack Obama Joe Biden,1
Abraham Lincoln,25,Barack Obama Richard Nixon,0
Abraham Lincoln,25,Barack Obama Ronald Reagan,0
Abraham Lincoln,25,Bernie Sanders Donald Trump,0
Abraham Lincoln,25,Bernie Sanders Elizabeth Warren,0
Abraham Lincoln,25,Bernie Sanders George W. Bush,0
Abraham Lincoln,25,Bernie Sanders Hillary Clinton,0
Abraham Lincoln,25,Bernie Sanders Joe Biden,0
Abraham Lincoln,25,Bernie Sanders Richard Nixon,0
Abraham Lincoln,25,Bernie Sanders Ronald Reagan,0
Abraham Lincoln,25,Donald Trump Elizabeth Warren,0
Abraham Lincoln,25,Donald Trump Hillary Clinton,0
Abraham Lincoln,25,Donald Trump Richard Nixon,0
Abraham Lincoln,25,Donald Trump Ronald Reagan,0
Abraham Lincoln,25,Elizabeth Warren George W. Bush,0
Abraham Lincoln,25,Elizabeth Warren Hillary Clinton,0
Abraham Lincoln,25,Elizabeth Warren Joe Biden,0
Abraham Lincoln,25,Elizabeth Warren Richard Nixon,0
Abraham Lincoln,25,Elizabeth Warren Ronald Reagan,0
Abraham Lincoln,25,George W. Bush Hillary Clinton,0
Abraham Lincoln,25,George W. Bush Joe Biden,0
Abraham Lincoln,25,George W. Bush Richard Nixon,0
Abraham Lincoln,25,George W. Bush Ronald Reagan,1
Abraham Lincoln,25,Hillary Clinton Joe Biden,0
Abraham Lincoln,25,Hillary Clinton Richard Nixon,0
Abraham Lincoln,25,Hillary Clinton Ronald Reagan,1
Abraham Lincoln,25,Joe Biden Richard Nixon,0
Abraham Lincoln,25,Joe Biden Ronald Reagan,0
Abraham Lincoln,25,Richard Nixon Ronald Reagan,0
Ronald Reagan,26,Abraham Lincoln Barack Obama,0
Ronald Reagan,26,Abraham Lincoln Bernie Sanders,0
Ronald Reagan,26,Abraham Lincoln Donald Trump,0
Ronald Reagan,26,Abraham Lincoln Elizabeth Warren,0
Ronald Reagan,26,Abraham Lincoln George W. Bush,0
Ronald Reagan,26,Abraham Lincoln Hillary Clinton,0
Ronald Reagan,26,Abraham Lincoln Joe Biden,0
Ronald Reagan,26,Abraham Lincoln Richard Nixon,0
Ronald Reagan,26,Barack Obama Donald Trump,0
Ronald Reagan,26,Barack Obama Elizabeth Warren,0
Ronald Reagan,26,Barack Obama George W. Bush,0
Ronald Reagan,26,Barack Obama Hillary Clinton,0
Ronald Reagan,26,Barack Obama Joe Biden,0
Ronald Reagan,26,Barack Obama Richard Nixon,0
Ronald Reagan,26,Bernie Sanders Elizabeth Warren,0
Ronald Reagan,26,Bernie Sanders Hillary Clinton,0
Ronald Reagan,26,Bernie Sanders Joe Biden,0
Ronald Reagan,26,Bernie Sanders Richard Nixon,1
Ronald Reagan,26,Donald Trump Elizabeth Warren,0
Ronald Reagan,26,Donald Trump Hillary Clinton,0
Ronald Reagan,26,Donald Trump Joe Biden,0
Ronald Reagan,26,Donald Trump Richard Nixon,0
Ronald Reagan,26,Elizabeth Warren George W. Bush,0
Ronald Reagan,26,Elizabeth Warren Hillary Clinton,0
Ronald Reagan,26,Elizabeth Warren Joe Biden,0
Ronald Reagan,26,Elizabeth Warren Richard Nixon,0
Ronald Reagan,26,George W. Bush Hillary Clinton,0
Ronald Reagan,26,George W. Bush Joe Biden,0
Ronald Reagan,26,George W. Bush Richard Nixon,0
Ronald Reagan,26,Hillary Clinton Joe Biden,1
Ronald Reagan,26,Hillary Clinton Richard Nixon,0
Ronald Reagan,26,Joe Biden Richard Nixon,0
Bernie Sanders,27,Abraham Lincoln Barack Obama,0
Bernie Sanders,27,Abraham Lincoln Donald Trump,0
Bernie Sanders,27,Abraham Lincoln Elizabeth Warren,0
Bernie Sanders,27,Abraham Lincoln George W. Bush,0
Bernie Sanders,27,Abraham Lincoln Hillary Clinton,0
Bernie Sanders,27,Abraham Lincoln Joe Biden,0
Bernie Sanders,27,Abraham Lincoln Richard Nixon,0
Bernie Sanders,27,Abraham Lincoln Ronald Reagan,0
Bernie Sanders,27,Barack Obama Elizabeth Warren,0
Bernie Sanders,27,Barack Obama George W. Bush,0
Bernie Sanders,27,Barack Obama Hillary Clinton,0
Bernie Sanders,27,Barack Obama Joe Biden,0
Bernie Sanders,27,Barack Obama Richard Nixon,0
Bernie Sanders,27,Donald Trump Elizabeth Warren,0
Bernie Sanders,27,Donald Trump George W. Bush,0
Bernie Sanders,27,Donald Trump Joe Biden,0
Bernie Sanders,27,Donald Trump Ronald Reagan,0
Bernie Sanders,27,Elizabeth Warren George W. Bush,0
Bernie Sanders,27,Elizabeth Warren Hillary Clinton,0
Bernie Sanders,27,Elizabeth Warren Joe Biden,0
Bernie Sanders,27,Elizabeth Warren Richard Nixon,0
Bernie Sanders,27,Elizabeth Warren Ronald Reagan,0
Bernie Sanders,27,George W. Bush Hillary Clinton,0
Bernie Sanders,27,George W. Bush Joe Biden,0
Bernie Sanders,27,George W. Bush Richard Nixon,0
Bernie Sanders,27,George W. Bush Ronald Reagan,0
Bernie Sanders,27,Hillary Clinton Joe Biden,0
Bernie Sanders,27,Hillary Clinton Richard Nixon,0
Bernie Sanders,27,Hillary Clinton Ronald Reagan,0
Bernie Sanders,27,Joe Biden Richard Nixon,0
Bernie Sanders,27,Joe Biden Ronald Reagan,0
Bernie Sanders,27,Richard Nixon Ronald Reagan,0
Hillary Clinton,28,Abraham Lincoln Barack Obama,0
Hillary Clinton,28,Abraham Lincoln Bernie Sanders,0
Hillary Clinton,28,Abraham Lincoln Donald Trump,0
Hillary Clinton,28,Abraham Lincoln Elizabeth Warren,0
Hillary Clinton,28,Abraham Lincoln George W. Bush,0
Hillary Clinton,28,Abraham Lincoln Joe Biden,0
Hillary Clinton,28,Abraham Lincoln Richard Nixon,0
Hillary Clinton,28,Abraham Lincoln Ronald Reagan,0
Hillary Clinton,28,Barack Obama Bernie Sanders,1
Hillary Clinton,28,Barack Obama Donald Trump,0
Hillary Clinton,28,Barack Obama Elizabeth Warren,0
Hillary Clinton,28,Barack Obama George W. Bush,0
Hillary Clinton,28,Barack Obama Joe Biden,0
Hillary Clinton,28,Barack Obama Richard Nixon,1
Hillary Clinton,28,Barack Obama Ronald Reagan,0
Hillary Clinton,28,Bernie Sanders Donald Trump,0
Hillary Clinton,28,Bernie Sanders Elizabeth Warren,0
Hillary Clinton,28,Bernie Sanders George W. Bush,0
Hillary Clinton,28,Bernie Sanders Joe Biden,0
Hillary Clinton,28,Bernie Sanders Richard Nixon,0
Hillary Clinton,28,Bernie Sanders Ronald Reagan,0
Hillary Clinton,28,Donald Trump Elizabeth Warren,0
Hillary Clinton,28,Donald Trump George W. Bush,0
Hillary Clinton,28,Donald Trump Joe Biden,0
Hillary Clinton,28,Donald Trump Richard Nixon,0
Hillary Clinton,28,Donald Trump Ronald Reagan,0
Hillary Clinton,28,Elizabeth Warren George W. Bush,0
Hillary Clinton,28,Elizabeth Warren Joe Biden,0
Hillary Clinton,28,Elizabeth Warren Richard Nixon,0
Hillary Clinton,28,Elizabeth Warren Ronald Reagan,0
Hillary Clinton,28,George W. Bush Joe Biden,0
Hillary Clinton,28,George W. Bush Richard Nixon,0
Hillary Clinton,28,George W. Bush Ronald Reagan,1
Hillary Clinton,28,Joe Biden Richard Nixon,1
Hillary Clinton,28,Joe Biden Ronald Reagan,0
Hillary Clinton,28,Richard Nixon Ronald Reagan,0
Donald Trump,29,Abraham Lincoln Barack Obama,0
Donald Trump,29,Abraham Lincoln Bernie Sanders,0
Donald Trump,29,Abraham Lincoln Elizabeth Warren,0
Donald Trump,29,Abraham Lincoln George W. Bush,0
Donald Trump,29,Abraham Lincoln Hillary Clinton,0
Donald Trump,29,Abraham Lincoln Joe Biden,0
Donald Trump,29,Abraham Lincoln Richard Nixon,0
Donald Trump,29,Abraham Lincoln Ronald Reagan,0
Donald Trump,29,Barack Obama Bernie Sanders,0
Donald Trump,29,Barack Obama Elizabeth Warren,0
Donald Trump,29,Barack Obama George W. Bush,0
Donald Trump,29,Barack Obama Hillary Clinton,0
Donald Trump,29,Barack Obama Joe Biden,0
Donald Trump,29,Barack Obama Richard Nixon,0
Donald Trump,29,Barack Obama Ronald Reagan,1
Donald Trump,29,Bernie Sanders Elizabeth Warren,0
Donald Trump,29,Bernie Sanders George W. Bush,1
Donald Trump,29,Bernie Sanders Hillary Clinton,0
Donald Trump,29,Bernie Sanders Joe Biden,0
Donald Trump,29,Bernie Sanders Richard Nixon,0
Donald Trump,29,Bernie Sanders Ronald Reagan,0
Donald Trump,29,Elizabeth Warren George W. Bush,0
Donald Trump,29,Elizabeth Warren Hillary Clinton,0
Donald Trump,29,Elizabeth Warren Joe Biden,0
Donald Trump,29,Elizabeth Warren Richard Nixon,0
Donald Trump,29,Elizabeth Warren Ronald Reagan,0
Donald Trump,29,George W. Bush Hillary Clinton,0
Donald Trump,29,George W. Bush Richard Nixon,0
Donald Trump,29,George W. Bush Ronald Reagan,0
Donald Trump,29,Hillary Clinton Joe Biden,0
Donald Trump,29,Hillary Clinton Richard Nixon,0
Donald Trump,29,Hillary Clinton Ronald Reagan,0
Donald Trump,29,Joe Biden Richard Nixon,0
Donald Trump,29,Joe Biden Ronald Reagan,0
Donald Trump,29,Richard Nixon Ronald Reagan,0
Richard Nixon,30,Abraham Lincoln Barack Obama,0
Richard Nixon,30,Abraham Lincoln Bernie Sanders,0
Richard Nixon,30,Abraham Lincoln Donald Trump,0
Richard Nixon,30,Abraham Lincoln Elizabeth Warren,0
Richard Nixon,30,Abraham Lincoln George W. Bush,0
Richard Nixon,30,Abraham Lincoln Hillary Clinton,0
Richard Nixon,30,Abraham Lincoln Joe Biden,1
Richard Nixon,30,Abraham Lincoln Ronald Reagan,0
Richard Nixon,30,Barack Obama Bernie Sanders,0
Richard Nixon,30,Barack Obama Donald Trump,0
Richard Nixon,30,Barack Obama Elizabeth Warren,0
Richard Nixon,30,Barack Obama George W. Bush,0
Richard Nixon,30,Barack Obama Hillary Clinton,0
Richard Nixon,30,Barack Obama Joe Biden,0
Richard Nixon,30,Barack Obama Ronald Reagan,0
Richard Nixon,30,Bernie Sanders Donald Trump,0
Richard Nixon,30,Bernie Sanders Elizabeth Warren,0
Richard Nixon,30,Bernie Sanders George W. Bush,0
Richard Nixon,30,Bernie Sanders Joe Biden,0
Richard Nixon,30,Bernie Sanders Ronald Reagan,0
Richard Nixon,30,Donald Trump Elizabeth Warren,0
Richard Nixon,30,Donald Trump Hillary Clinton,0
Richard Nixon,30,Donald Trump Joe Biden,1
Richard Nixon,30,Donald Trump Ronald Reagan,0
Richard Nixon,30,Elizabeth Warren George W. Bush,0
Richard Nixon,30,Elizabeth Warren Hillary Clinton,0
Richard Nixon,30,Elizabeth Warren Joe Biden,0
Richard Nixon,30,Elizabeth Warren Ronald Reagan,0
Richard Nixon,30,George W. Bush Hillary Clinton,0
Richard Nixon,30,George W. Bush Joe Biden,0
Richard Nixon,30,George W. Bush Ronald Reagan,0
Richard Nixon,30,Hillary Clinton Joe Biden,0
Richard Nixon,30,Hillary Clinton Ronald Reagan,1
Richard Nixon,30,Joe Biden Ronald Reagan,0
Bernie Sanders,31,Abraham Lincoln Barack Obama,0
Bernie Sanders,31,Abraham Lincoln Donald Trump,0
Bernie Sanders,31,Abraham Lincoln Elizabeth Warren,0
Bernie Sanders,31,Abraham Lincoln George W. Bush,0
Bernie Sanders,31,Abraham Lincoln Joe Biden,0
Bernie Sanders,31,Abraham Lincoln Richard Nixon,0
Bernie Sanders,31,Abraham Lincoln Ronald Reagan,0
Bernie Sanders,31,Barack Obama Donald Trump,0
Bernie Sanders,31,Barack Obama Elizabeth Warren,0
Bernie Sanders,31,Barack Obama George W. Bush,0
Bernie Sanders,31,Barack Obama Hillary Clinton,0
Bernie Sanders,31,Barack Obama Joe Biden,0
Bernie Sanders,31,Barack Obama Richard Nixon,0
Bernie Sanders,31,Barack Obama Ronald Reagan,0
Bernie Sanders,31,Donald Trump Elizabeth Warren,1
Bernie Sanders,31,Donald Trump George W. Bush,0
Bernie Sanders,31,Donald Trump Hillary Clinton,0
Bernie Sanders,31,Donald Trump Joe Biden,0
Bernie Sanders,31,Donald Trump Richard Nixon,1
Bernie Sanders,31,Donald Trump Ronald Reagan,0
Bernie Sanders,31,Elizabeth Warren George W. Bush,0
Bernie Sanders,31,Elizabeth Warren Hillary Clinton,0
Bernie Sanders,31,Elizabeth Warren Joe Biden,0
Bernie Sanders,31,Elizabeth Warren Richard Nixon,0
Bernie Sanders,31,Elizabeth Warren Ronald Reagan,0
Bernie Sanders,31,George W. Bush Hillary Clinton,0
Bernie Sanders,31,George W. Bush Joe Biden,0
Bernie Sanders,31,George W. Bush Richard Nixon,0
Bernie Sanders,31,George W. Bush Ronald Reagan,0
Bernie Sanders,31,Hillary Clinton Joe Biden,0
Bernie Sanders,31,Hillary Clinton Richard Nixon,0
Bernie Sanders,31,Hillary Clinton Ronald Reagan,0
Bernie Sanders,31,Joe Biden Richard Nixon,0
Bernie Sanders,31,Joe Biden Ronald Reagan,1
Bernie Sanders,31,Richard Nixon Ronald Reagan,0
Elizabeth Warren,32,Abraham Lincoln Barack Obama,0
Elizabeth Warren,32,Abraham Lincoln Bernie Sanders,0
Elizabeth Warren,32,Abraham Lincoln Donald Trump,0
Elizabeth Warren,32,Abraham Lincoln George W. Bush,0
Elizabeth Warren,32,Abraham Lincoln Hillary Clinton,0
Elizabeth Warren,32,Abraham Lincoln Joe Biden,0
Elizabeth Warren,32,Abraham Lincoln Richard Nixon,0
Elizabeth Warren,32,Abraham Lincoln Ronald Reagan,0
Elizabeth Warren,32,Barack Obama Bernie Sanders,0
Elizabeth Warren,32,Barack Obama Donald Trump,0
Elizabeth Warren,32,Barack Obama George W. Bush,0
Elizabeth Warren,32,Barack Obama Hillary Clinton,0
Elizabeth Warren,32,Barack Obama Joe Biden,0
Elizabeth Warren,32,Barack Obama Richard Nixon,0
Elizabeth Warren,32,Barack Obama Ronald Reagan,0
Elizabeth Warren,32,Bernie Sanders Donald Trump,0
Elizabeth Warren,32,Bernie Sanders George W. Bush,0
Elizabeth Warren,32,Bernie Sanders Hillary Clinton,0
Elizabeth Warren,32,Bernie Sanders Joe Biden,0
Elizabeth Warren,32,Bernie Sanders Richard Nixon,0
Elizabeth Warren,32,Bernie Sanders Ronald Reagan,0
Elizabeth Warren,32,Donald Trump George W. Bush,0
Elizabeth Warren,32,Donald Trump Hillary Clinton,0
Elizabeth Warren,32,Donald Trump Joe Biden,0
Elizabeth Warren,32,Donald Trump Richard Nixon,0
Elizabeth Warren,32,Donald Trump Ronald Reagan,0
Elizabeth Warren,32,George W. Bush Hillary Clinton,0
Elizabeth Warren,32,George W. Bush Joe Biden,0
Elizabeth Warren,32,George W. Bush Richard Nixon,0
Elizabeth Warren,32,George W. Bush Ronald Reagan,0
Elizabeth Warren,32,Hillary Clinton Joe Biden,0
Elizabeth Warren,32,Hillary Clinton Ronald Reagan,0
Elizabeth Warren,32,Joe Biden Richard Nixon,0
Elizabeth Warren,32,Joe Biden Ronald Reagan,0
Elizabeth Warren,32,Richard Nixon Ronald Reagan,1
Bernie Sanders,33,Abraham Lincoln Barack Obama,0
Bernie Sanders,33,Abraham Lincoln Donald Trump,0
Bernie Sanders,33,Abraham Lincoln Elizabeth Warren,0
Bernie Sanders,33,Abraham Lincoln George W. Bush,0
Bernie Sanders,33,Abraham Lincoln Hillary Clinton,0
Bernie Sanders,33,Abraham Lincoln Joe Biden,0
Bernie Sanders,33,Abraham Lincoln Richard Nixon,0
Bernie Sanders,33,Abraham Lincoln Ronald Reagan,1
Bernie Sanders,33,Barack Obama Donald Trump,0
Bernie Sanders,33,Barack Obama Elizabeth Warren,0
Bernie Sanders,33,Barack Obama George W. Bush,0
Bernie Sanders,33,Barack Obama Joe Biden,0
Bernie Sanders,33,Barack Obama Richard Nixon,0
Bernie Sanders,33,Barack Obama Ronald Reagan,0
Bernie Sanders,33,Donald Trump Elizabeth Warren,0
Bernie Sanders,33,Donald Trump Hillary Clinton,0
Bernie Sanders,33,Donald Trump Joe Biden,0
Bernie Sanders,33,Donald Trump Richard Nixon,0
Bernie Sanders,33,Donald Trump Ronald Reagan,0
Bernie Sanders,33,Elizabeth Warren George W. Bush,0
Bernie Sanders,33,Elizabeth Warren Hillary Clinton,0
Bernie Sanders,33,Elizabeth Warren Joe Biden,0
Bernie Sanders,33,Elizabeth Warren Ronald Reagan,0
Bernie Sanders,33,George W. Bush Hillary Clinton,0
Bernie Sanders,33,George W. Bush Joe Biden,0
Bernie Sanders,33,George W. Bush Richard Nixon,0
Bernie Sanders,33,George W. Bush Ronald Reagan,0
Bernie Sanders,33,Hillary Clinton Richard Nixon,0
Bernie Sanders,33,Hillary Clinton Ronald Reagan,0
Bernie Sanders,33,Joe Biden Richard Nixon,0
Bernie Sanders,33,Joe Biden Ronald Reagan,1
Bernie Sanders,33,Richard Nixon Ronald Reagan,0
Hillary Clinton,34,Abraham Lincoln Barack Obama,0
Hillary Clinton,34,Abraham Lincoln Bernie Sanders,0
Hillary Clinton,34,Abraham Lincoln Donald Trump,0
Hillary Clinton,34,Abraham Lincoln George W. Bush,0
Hillary Clinton,34,Abraham Lincoln Joe Biden,0
Hillary Clinton,34,Abraham Lincoln Ronald Reagan,1
Hillary Clinton,34,Barack Obama Bernie Sanders,0
Hillary Clinton,34,Barack Obama Donald Trump,0
Hillary Clinton,34,Barack Obama Elizabeth Warren,0
Hillary Clinton,34,Barack Obama George W. Bush,0
Hillary Clinton,34,Barack Obama Joe Biden,0
Hillary Clinton,34,Barack Obama Richard Nixon,0
Hillary Clinton,34,Bernie Sanders Donald Trump,0
Hillary Clinton,34,Bernie Sanders Elizabeth Warren,0
Hillary Clinton,34,Bernie Sanders George W. Bush,0
Hillary Clinton,34,Bernie Sanders Joe Biden,0
Hillary Clinton,34,Bernie Sanders Richard Nixon,0
Hillary Clinton,34,Bernie Sanders Ronald Reagan,0
Hillary Clinton,34,Donald Trump Elizabeth Warren,0
Hillary Clinton,34,Donald Trump George W. Bush,0
Hillary Clinton,34,Donald Trump Joe Biden,0
Hillary Clinton,34,Donald Trump Richard Nixon,0
Hillary Clinton,34,Donald Trump Ronald Reagan,0
Hillary Clinton,34,Elizabeth Warren George W. Bush,0
Hillary Clinton,34,Elizabeth Warren Joe Biden,0
Hillary Clinton,34,Elizabeth Warren Richard Nixon,0
Hillary Clinton,34,Elizabeth Warren Ronald Reagan,0
Hillary Clinton,34,George W. Bush Joe Biden,1
Hillary Clinton,34,George W. Bush Richard Nixon,0
Hillary Clinton,34,George W. Bush Ronald Reagan,0
Hillary Clinton,34,Joe Biden Richard Nixon,0
Hillary Clinton,34,Joe Biden Ronald Reagan,0
Hillary Clinton,34,Richard Nixon Ronald Reagan,0
Elizabeth Warren,35,Abraham Lincoln Barack Obama,0
Elizabeth Warren,35,Abraham Lincoln Bernie Sanders,0
Elizabeth Warren,35,Abraham Lincoln Donald Trump,0
Elizabeth Warren,35,Abraham Lincoln George W. Bush,0
Elizabeth Warren,35,Abraham Lincoln Hillary Clinton,0
Elizabeth Warren,35,Abraham Lincoln Joe Biden,0
Elizabeth Warren,35,Abraham Lincoln Richard Nixon,0
Elizabeth Warren,35,Barack Obama Bernie Sanders,0
Elizabeth Warren,35,Barack Obama Donald Trump,0
Elizabeth Warren,35,Barack Obama George W. Bush,0
Elizabeth Warren,35,Barack Obama Hillary Clinton,0
Elizabeth Warren,35,Barack Obama Joe Biden,1
Elizabeth Warren,35,Barack Obama Richard Nixon,0
Elizabeth Warren,35,Barack Obama Ronald Reagan,0
Elizabeth Warren,35,Bernie Sanders Donald Trump,0
Elizabeth Warren,35,Bernie Sanders George W. Bush,0
Elizabeth Warren,35,Bernie Sanders Hillary Clinton,0
Elizabeth Warren,35,Bernie Sanders Joe Biden,0
Elizabeth Warren,35,Bernie Sanders Richard Nixon,0
Elizabeth Warren,35,Bernie Sanders Ronald Reagan,0
Elizabeth Warren,35,Donald Trump George W. Bush,0
Elizabeth Warren,35,Donald Trump Hillary Clinton,0
Elizabeth Warren,35,Donald Trump Richard Nixon,0
Elizabeth Warren,35,Donald Trump Ronald Reagan,0
Elizabeth Warren,35,George W. Bush Hillary Clinton,0
Elizabeth Warren,35,George W. Bush Joe Biden,0
Elizabeth Warren,35,George W. Bush Richard Nixon,1
Elizabeth Warren,35,George W. Bush Ronald Reagan,0
Elizabeth Warren,35,Hillary Clinton Joe Biden,0
Elizabeth Warren,35,Hillary Clinton Richard Nixon,0
Elizabeth Warren,35,Hillary Clinton Ronald Reagan,0
Elizabeth Warren,35,Joe Biden Richard Nixon,0
Elizabeth Warren,35,Joe Biden Ronald Reagan,0
Elizabeth Warren,35,Richard Nixon Ronald Reagan,0
Richard Nixon,36,Abraham Lincoln Barack Obama,0
Richard Nixon,36,Abraham Lincoln Bernie Sanders,0
Richard Nixon,36,Abraham Lincoln Donald Trump,0
Richard Nixon,36,Abraham Lincoln Elizabeth Warren,0
Richard Nixon,36,Abraham Lincoln George W. Bush,0
Richard Nixon,36,Abraham Lincoln Hillary Clinton,0
Richard Nixon,36,Abraham Lincoln Joe Biden,0
Richard Nixon,36,Abraham Lincoln Ronald Reagan,0
Richard Nixon,36,Barack Obama Bernie Sanders,1
Richard Nixon,36,Barack Obama Donald Trump,0
Richard Nixon,36,Barack Obama Elizabeth Warren,0
Richard Nixon,36,Barack Obama George W. Bush,0
Richard Nixon,36,Barack Obama Hillary Clinton,0
Richard Nixon,36,Barack Obama Joe Biden,0
Richard Nixon,36,Barack Obama Ronald Reagan,1
Richard Nixon,36,Bernie Sanders Donald Trump,0
Richard Nixon,36,Bernie Sanders Elizabeth Warren,0
Richard Nixon,36,Bernie Sanders George W. Bush,1
Richard Nixon,36,Bernie Sanders Hillary Clinton,0
Richard Nixon,36,Bernie Sanders Joe Biden,0
Richard Nixon,36,Bernie Sanders Ronald Reagan,1
Richard Nixon,36,Donald Trump Elizabeth Warren,0
Richard Nixon,36,Donald Trump Hillary Clinton,0
Richard Nixon,36,Donald Trump Joe Biden,0
Richard Nixon,36,Donald Trump Ronald Reagan,0
Richard Nixon,36,Elizabeth Warren George W. Bush,0
Richard Nixon,36,Elizabeth Warren Hillary Clinton,0
Richard Nixon,36,Elizabeth Warren Joe Biden,0
Richard Nixon,36,Elizabeth Warren Ronald Reagan,0
Richard Nixon,36,George W. Bush Hillary Clinton,0
Richard Nixon,36,George W. Bush Joe Biden,0
Richard Nixon,36,George W. Bush Ronald Reagan,0
Richard Nixon,36,Hillary Clinton Joe Biden,0
Richard Nixon,36,Hillary Clinton Ronald Reagan,0
Richard Nixon,36,Joe Biden Ronald Reagan,0
Hillary Clinton,37,Abraham Lincoln Barack Obama,0
Hillary Clinton,37,Abraham Lincoln Bernie Sanders,0
Hillary Clinton,37,Abraham Lincoln Donald Trump,0
Hillary Clinton,37,Abraham Lincoln Elizabeth Warren,0
Hillary Clinton,37,Abraham Lincoln George W. Bush,0
Hillary Clinton,37,Abraham Lincoln Joe Biden,0
Hillary Clinton,37,Abraham Lincoln Richard Nixon,0
Hillary Clinton,37,Abraham Lincoln Ronald Reagan,0
Hillary Clinton,37,Barack Obama Bernie Sanders,0
Hillary Clinton,37,Barack Obama Donald Trump,0
Hillary Clinton,37,Barack Obama Elizabeth Warren,0
Hillary Clinton,37,Barack Obama George W. Bush,0
Hillary Clinton,37,Barack Obama Joe Biden,0
Hillary Clinton,37,Barack Obama Richard Nixon,0
Hillary Clinton,37,Barack Obama Ronald Reagan,0
Hillary Clinton,37,Bernie Sanders Donald Trump,0
Hillary Clinton,37,Bernie Sanders Elizabeth Warren,0
Hillary Clinton,37,Bernie Sanders George W. Bush,0
Hillary Clinton,37,Bernie Sanders Joe Biden,0
Hillary Clinton,37,Bernie Sanders Richard Nixon,0
Hillary Clinton,37,Bernie Sanders Ronald Reagan,0
Hillary Clinton,37,Donald Trump Elizabeth Warren,1
Hillary Clinton,37,Donald Trump George W. Bush,0
Hillary Clinton,37,Donald Trump Joe Biden,0
Hillary Clinton,37,Donald Trump Richard Nixon,0
Hillary Clinton,37,Donald Trump Ronald Reagan,0
Hillary Clinton,37,Elizabeth Warren George W. Bush,0
Hillary Clinton,37,Elizabeth Warren Joe Biden,0
Hillary Clinton,37,Elizabeth Warren Richard Nixon,0
Hillary Clinton,37,Elizabeth Warren Ronald Reagan,0
Hillary Clinton,37,George W. Bush Joe Biden,0
Hillary Clinton,37,George W. Bush Richard Nixon,1
Hillary Clinton,37,George W. Bush Ronald Reagan,0
Hillary Clinton,37,Joe Biden Richard Nixon,0
Hillary Clinton,37,Joe Biden Ronald Reagan,0
Hillary Clinton,37,Richard Nixon Ronald Reagan,0
Barack Obama,38,Abraham Lincoln Bernie Sanders,0
Barack Obama,38,Abraham Lincoln Donald Trump,0
Barack Obama,38,Abraham Lincoln Elizabeth Warren,0
Barack Obama,38,Abraham Lincoln George W. Bush,0
Barack Obama,38,Abraham Lincoln Hillary Clinton,0
Barack Obama,38,Abraham Lincoln Joe Biden,0
Barack Obama,38,Abraham Lincoln Richard Nixon,0
Barack Obama,38,Abraham Lincoln Ronald Reagan,0
Barack Obama,38,Bernie Sanders Donald Trump,0
Barack Obama,38,Bernie Sanders Elizabeth Warren,0
Barack Obama,38,Bernie Sanders George W. Bush,0
Barack Obama,38,Bernie Sanders Hillary Clinton,0
Barack Obama,38,Bernie Sanders Joe Biden,0
Barack Obama,38,Bernie Sanders Richard Nixon,0
Barack Obama,38,Bernie Sanders Ronald Reagan,0
Barack Obama,38,Donald Trump Elizabeth Warren,0
Barack Obama,38,Donald Trump George W. Bush,0
Barack Obama,38,Donald Trump Hillary Clinton,0
Barack Obama,38,Donald Trump Richard Nixon,0
Barack Obama,38,Donald Trump Ronald Reagan,0
Barack Obama,38,Elizabeth Warren George W. Bush,0
Barack Obama,38,Elizabeth Warren Hillary Clinton,0
Barack Obama,38,Elizabeth Warren Richard Nixon,0
Barack Obama,38,Elizabeth Warren Ronald Reagan,0
Barack Obama,38,George W. Bush Hillary Clinton,0
Barack Obama,38,George W. Bush Joe Biden,0
Barack Obama,38,George W. Bush Richard Nixon,0
Barack Obama,38,George W. Bush Ronald Reagan,0
Barack Obama,38,Hillary Clinton Joe Biden,0
Barack Obama,38,Hillary Clinton Richard Nixon,0
Barack Obama,38,Hillary Clinton Ronald Reagan,0
Barack Obama,38,Joe Biden Richard Nixon,0
Barack Obama,38,Joe Biden Ronald Reagan,0
Barack Obama,38,Richard Nixon Ronald Reagan,0
Donald Trump,39,Abraham Lincoln Barack Obama,0
Donald Trump,39,Abraham Lincoln Bernie Sanders,0
Donald Trump,39,Abraham Lincoln Elizabeth Warren,0
Donald Trump,39,Abraham Lincoln George W. Bush,0
Donald Trump,39,Abraham Lincoln Hillary Clinton,0
Donald Trump,39,Abraham Lincoln Joe Biden,0
Donald Trump,39,Abraham Lincoln Richard Nixon,1
Donald Trump,39,Abraham Lincoln Ronald Reagan,0
Donald Trump,39,Barack Obama Bernie Sanders,0
Donald Trump,39,Barack Obama Elizabeth Warren,0
Donald Trump,39,Barack Obama George W. Bush,1
Donald Trump,39,Barack Obama Hillary Clinton,0
Donald Trump,39,Barack Obama Joe Biden,0
Donald Trump,39,Barack Obama Richard Nixon,0
Donald Trump,39,Barack Obama Ronald Reagan,1
Donald Trump,39,Bernie Sanders Elizabeth Warren,0
Donald Trump,39,Bernie Sanders George W. Bush,0
Donald Trump,39,Bernie Sanders Hillary Clinton,0
Donald Trump,39,Bernie Sanders Joe Biden,0
Donald Trump,39,Bernie Sanders Richard Nixon,0
Donald Trump,39,Bernie Sanders Ronald Reagan,0
Donald Trump,39,Elizabeth Warren George W. Bush,0
Donald Trump,39,Elizabeth Warren Hillary Clinton,0
Donald Trump,39,Elizabeth Warren Joe Biden,0
Donald Trump,39,Elizabeth Warren Richard Nixon,0
Donald Trump,39,Elizabeth Warren Ronald Reagan,0
Donald Trump,39,George W. Bush Hillary Clinton,0
Donald Trump,39,George W. Bush Joe Biden,0
Donald Trump,39,George W. Bush Richard Nixon,1
Donald Trump,39,Hillary Clinton Joe Biden,0
Donald Trump,39,Hillary Clinton Richard Nixon,0
Donald Trump,39,Hillary Clinton Ronald Reagan,1
Donald Trump,39,Joe Biden Richard Nixon,0
Donald Trump,39,Joe Biden Ronald Reagan,0
Donald Trump,39,Richard Nixon Ronald Reagan,0
Richard Nixon,40,Abraham Lincoln Barack Obama,0
Richard Nixon,40,Abraham Lincoln Bernie Sanders,0
Richard Nixon,40,Abraham Lincoln Donald Trump,0
Richard Nixon,40,Abraham Lincoln Elizabeth Warren,0
Richard Nixon,40,Abraham Lincoln George W. Bush,0
Richard Nixon,40,Abraham Lincoln Hillary Clinton,0
Richard Nixon,40,Abraham Lincoln Joe Biden,0
Richard Nixon,40,Abraham Lincoln Ronald Reagan,1
Richard Nixon,40,Barack Obama Bernie Sanders,0
Richard Nixon,40,Barack Obama Donald Trump,0
Richard Nixon,40,Barack Obama Elizabeth Warren,0
Richard Nixon,40,Barack Obama Hillary Clinton,0
Richard Nixon,40,Barack Obama Joe Biden,0
Richard Nixon,40,Barack Obama Ronald Reagan,0
Richard Nixon,40,Bernie Sanders Donald Trump,0
Richard Nixon,40,Bernie Sanders Elizabeth Warren,0
Richard Nixon,40,Bernie Sanders George W. Bush,0
Richard Nixon,40,Bernie Sanders Hillary Clinton,1
Richard Nixon,40,Bernie Sanders Joe Biden,0
Richard Nixon,40,Bernie Sanders Ronald Reagan,0
Richard Nixon,40,Donald Trump Elizabeth Warren,0
Richard Nixon,40,Donald Trump George W. Bush,0
Richard Nixon,40,Donald Trump Hillary Clinton,0
Richard Nixon,40,Donald Trump Joe Biden,1
Richard Nixon,40,Donald Trump Ronald Reagan,0
Richard Nixon,40,Elizabeth Warren George W. Bush,0
Richard Nixon,40,Elizabeth Warren Hillary Clinton,0
Richard Nixon,40,Elizabeth Warren Joe Biden,1
Richard Nixon,40,Elizabeth Warren Ronald Reagan,0
Richard Nixon,40,George W. Bush Joe Biden,0
Richard Nixon,40,George W. Bush Ronald Reagan,0
Richard Nixon,40,Hillary Clinton Joe Biden,1
Richard Nixon,40,Hillary Clinton Ronald Reagan,0
Richard Nixon,40,Joe Biden Ronald Reagan,0
Barack Obama,41,Abraham Lincoln Bernie Sanders,0
Barack Obama,41,Abraham Lincoln Donald Trump,0
Barack Obama,41,Abraham Lincoln Elizabeth Warren,0
Barack Obama,41,Abraham Lincoln George W. Bush,0
Barack Obama,41,Abraham Lincoln Hillary Clinton,0
Barack Obama,41,Abraham Lincoln Joe Biden,0
Barack Obama,41,Abraham Lincoln Richard Nixon,0
Barack Obama,41,Abraham Lincoln Ronald Reagan,0
Barack Obama,41,Bernie Sanders Donald Trump,0
Barack Obama,41,Bernie Sanders Elizabeth Warren,0
Barack Obama,41,Bernie Sanders George W. Bush,0
Barack Obama,41,Bernie Sanders Hillary Clinton,0
Barack Obama,41,Bernie Sanders Joe Biden,0
Barack Obama,41,Bernie Sanders Richard Nixon,0
Barack Obama,41,Bernie Sanders Ronald Reagan,0
Barack Obama,41,Donald Trump Elizabeth Warren,0
Barack Obama,41,Donald Trump George W. Bush,0
Barack Obama,41,Donald Trump Hillary Clinton,0
Barack Obama,41,Donald Trump Joe Biden,0
Barack Obama,41,Donald Trump Richard Nixon,0
Barack Obama,41,Donald Trump Ronald Reagan,0
Barack Obama,41,Elizabeth Warren George W. Bush,0
Barack Obama,41,Elizabeth Warren Hillary Clinton,0
Barack Obama,41,Elizabeth Warren Joe Biden,0
Barack Obama,41,Elizabeth Warren Richard Nixon,0
Barack Obama,41,Elizabeth Warren Ronald Reagan,0
Barack Obama,41,George W. Bush Hillary Clinton,0
Barack Obama,41,George W. Bush Richard Nixon,0
Barack Obama,41,George W. Bush Ronald Reagan,0
Barack Obama,41,Hillary Clinton Joe Biden,0
Barack Obama,41,Hillary Clinton Richard Nixon,0
Barack Obama,41,Hillary Clinton Ronald Reagan,0
Barack Obama,41,Joe Biden Richard Nixon,1
Barack Obama,41,Joe Biden Ronald Reagan,0
Barack Obama,41,Richard Nixon Ronald Reagan,0
Ronald Reagan,42,Abraham Lincoln Barack Obama,0
Ronald Reagan,42,Abraham Lincoln Bernie Sanders,0
Ronald Reagan,42,Abraham Lincoln Elizabeth Warren,0
Ronald Reagan,42,Abraham Lincoln George W. Bush,0
Ronald Reagan,42,Abraham Lincoln Hillary Clinton,0
Ronald Reagan,42,Abraham Lincoln Joe Biden,0
Ronald Reagan,42,Abraham Lincoln Richard Nixon,0
Ronald Reagan,42,Barack Obama Bernie Sanders,0
Ronald Reagan,42,Barack Obama Donald Trump,1
Ronald Reagan,42,Barack Obama Elizabeth Warren,0
Ronald Reagan,42,Barack Obama George W. Bush,0
Ronald Reagan,42,Barack Obama Hillary Clinton,0
Ronald Reagan,42,Barack Obama Richard Nixon,0
Ronald Reagan,42,Bernie Sanders Donald Trump,0
Ronald Reagan,42,Bernie Sanders Elizabeth Warren,0
Ronald Reagan,42,Bernie Sanders George W. Bush,1
Ronald Reagan,42,Bernie Sanders Hillary Clinton,0
Ronald Reagan,42,Bernie Sanders Joe Biden,0
Ronald Reagan,42,Bernie Sanders Richard Nixon,0
Ronald Reagan,42,Donald Trump Elizabeth Warren,0
Ronald Reagan,42,Donald Trump George W. Bush,0
Ronald Reagan,42,Donald Trump Hillary Clinton,0
Ronald Reagan,42,Donald Trump Richard Nixon,0
Ronald Reagan,42,Elizabeth Warren George W. Bush,1
Ronald Reagan,42,Elizabeth Warren Hillary Clinton,0
Ronald Reagan,42,Elizabeth Warren Joe Biden,0
Ronald Reagan,42,Elizabeth Warren Richard Nixon,0
Ronald Reagan,42,George W. Bush Hillary Clinton,0
Ronald Reagan,42,George W. Bush Joe Biden,0
Ronald Reagan,42,George W. Bush Richard Nixon,0
Ronald Reagan,42,Hillary Clinton Joe Biden,0
Ronald Reagan,42,Hillary Clinton Richard Nixon,0
Ronald Reagan,42,Joe Biden Richard Nixon,0
Richard Nixon,43,Abraham Lincoln Barack Obama,0
Richard Nixon,43,Abraham Lincoln Bernie Sanders,0
Richard Nixon,43,Abraham Lincoln Elizabeth Warren,0
Richard Nixon,43,Abraham Lincoln George W. Bush,0
Richard Nixon,43,Abraham Lincoln Hillary Clinton,0
Richard Nixon,43,Abraham Lincoln Joe Biden,1
Richard Nixon,43,Abraham Lincoln Ronald Reagan,0
Richard Nixon,43,Barack Obama Bernie Sanders,0
Richard Nixon,43,Barack Obama Donald Trump,0
Richard Nixon,43,Barack Obama Elizabeth Warren,0
Richard Nixon,43,Barack Obama Hillary Clinton,0
Richard Nixon,43,Barack Obama Joe Biden,0
Richard Nixon,43,Barack Obama Ronald Reagan,0
Richard Nixon,43,Bernie Sanders Donald Trump,1
Richard Nixon,43,Bernie Sanders Elizabeth Warren,0
Richard Nixon,43,Bernie Sanders George W. Bush,1
Richard Nixon,43,Bernie Sanders Hillary Clinton,0
Richard Nixon,43,Bernie Sanders Joe Biden,0
Richard Nixon,43,Bernie Sanders Ronald Reagan,0
Richard Nixon,43,Donald Trump Elizabeth Warren,0
Richard Nixon,43,Donald Trump George W. Bush,0
Richard Nixon,43,Donald Trump Hillary Clinton,1
Richard Nixon,43,Donald Trump Joe Biden,0
Richard Nixon,43,Donald Trump Ronald Reagan,0
Richard Nixon,43,Elizabeth Warren George W. Bush,0
Richard Nixon,43,Elizabeth Warren Joe Biden,0
Richard Nixon,43,Elizabeth Warren Ronald Reagan,0
Richard Nixon,43,George W. Bush Hillary Clinton,0
Richard Nixon,43,Hillary Clinton Joe Biden,1
Richard Nixon,43,Hillary Clinton Ronald Reagan,0
Richard Nixon,43,Joe Biden Ronald Reagan,0
Ronald Reagan,44,Abraham Lincoln Barack Obama,0
Ronald Reagan,44,Abraham Lincoln Bernie Sanders,0
Ronald Reagan,44,Abraham Lincoln Elizabeth Warren,0
Ronald Reagan,44,Abraham Lincoln George W. Bush,0
Ronald Reagan,44,Abraham Lincoln Hillary Clinton,0
Ronald Reagan,44,Abraham Lincoln Joe Biden,0
Ronald Reagan,44,Abraham Lincoln Richard Nixon,0
Ronald Reagan,44,Barack Obama Bernie Sanders,0
Ronald Reagan,44,Barack Obama Donald Trump,0
Ronald Reagan,44,Barack Obama Elizabeth Warren,0
Ronald Reagan,44,Barack Obama Hillary Clinton,0
Ronald Reagan,44,Barack Obama Joe Biden,0
Ronald Reagan,44,Barack Obama Richard Nixon,0
Ronald Reagan,44,Bernie Sanders Donald Trump,0
Ronald Reagan,44,Bernie Sanders Elizabeth Warren,0
Ronald Reagan,44,Bernie Sanders George W. Bush,0
Ronald Reagan,44,Bernie Sanders Hillary Clinton,0
Ronald Reagan,44,Bernie Sanders Joe Biden,0
Ronald Reagan,44,Bernie Sanders Richard Nixon,0
Ronald Reagan,44,Donald Trump Elizabeth Warren,0
Ronald Reagan,44,Donald Trump George W. Bush,0
Ronald Reagan,44,Donald Trump Hillary Clinton,0
Ronald Reagan,44,Donald Trump Joe Biden,0
Ronald Reagan,44,Donald Trump Richard Nixon,0
Ronald Reagan,44,Elizabeth Warren George W. Bush,0
Ronald Reagan,44,Elizabeth Warren Hillary Clinton,0
Ronald Reagan,44,Elizabeth Warren Joe Biden,0
Ronald Reagan,44,Elizabeth Warren Richard Nixon,0
Ronald Reagan,44,George W. Bush Hillary Clinton,0
Ronald Reagan,44,George W. Bush Joe Biden,0
Ronald Reagan,44,George W. Bush Richard Nixon,0
Ronald Reagan,44,Hillary Clinton Joe Biden,1
Ronald Reagan,44,Hillary Clinton Richard Nixon,0
Ronald Reagan,44,Joe Biden Richard Nixon,0
Elizabeth Warren,45,Abraham Lincoln Barack Obama,0
Elizabeth Warren,45,Abraham Lincoln Bernie Sanders,0
Elizabeth Warren,45,Abraham Lincoln Donald Trump,0
Elizabeth Warren,45,Abraham Lincoln George W. Bush,0
Elizabeth Warren,45,Abraham Lincoln Hillary Clinton,0
Elizabeth Warren,45,Abraham Lincoln Joe Biden,0
Elizabeth Warren,45,Abraham Lincoln Richard Nixon,0
Elizabeth Warren,45,Abraham Lincoln Ronald Reagan,0
Elizabeth Warren,45,Barack Obama Bernie Sanders,0
Elizabeth Warren,45,Barack Obama Donald Trump,0
Elizabeth Warren,45,Barack Obama George W. Bush,0
Elizabeth Warren,45,Barack Obama Hillary Clinton,0
Elizabeth Warren,45,Barack Obama Joe Biden,0
Elizabeth Warren,45,Barack Obama Richard Nixon,0
Elizabeth Warren,45,Barack Obama Ronald Reagan,0
Elizabeth Warren,45,Bernie Sanders Donald Trump,1
Elizabeth Warren,45,Bernie Sanders George W. Bush,0
Elizabeth Warren,45,Bernie Sanders Hillary Clinton,0
Elizabeth Warren,45,Bernie Sanders Joe Biden,0
Elizabeth Warren,45,Bernie Sanders Richard Nixon,0
Elizabeth Warren,45,Bernie Sanders Ronald Reagan,1
Elizabeth Warren,45,Donald Trump George W. Bush,0
Elizabeth Warren,45,Donald Trump Hillary Clinton,0
Elizabeth Warren,45,Donald Trump Richard Nixon,0
Elizabeth Warren,45,Donald Trump Ronald Reagan,0
Elizabeth Warren,45,George W. Bush Hillary Clinton,0
Elizabeth Warren,45,George W. Bush Joe Biden,0
Elizabeth Warren,45,George W. Bush Richard Nixon,0
Elizabeth Warren,45,George W. Bush Ronald Reagan,0
Elizabeth Warren,45,Hillary Clinton Joe Biden,0
Elizabeth Warren,45,Hillary Clinton Richard Nixon,0
Elizabeth Warren,45,Hillary Clinton Ronald Reagan,0
Elizabeth Warren,45,Joe Biden Richard Nixon,0
Elizabeth Warren,45,Joe Biden Ronald Reagan,0
Elizabeth Warren,45,Richard Nixon Ronald Reagan,0
Barack Obama,46,Abraham Lincoln Bernie Sanders,0
Barack Obama,46,Abraham Lincoln Donald Trump,0
Barack Obama,46,Abraham Lincoln Elizabeth Warren,0
Barack Obama,46,Abraham Lincoln George W. Bush,0
Barack Obama,46,Abraham Lincoln Hillary Clinton,0
Barack Obama,46,Abraham Lincoln Joe Biden,0
Barack Obama,46,Abraham Lincoln Richard Nixon,0
Barack Obama,46,Abraham Lincoln Ronald Reagan,0
Barack Obama,46,Bernie Sanders Donald Trump,0
Barack Obama,46,Bernie Sanders Elizabeth Warren,0
Barack Obama,46,Bernie Sanders George W. Bush,0
Barack Obama,46,Bernie Sanders Hillary Clinton,0
Barack Obama,46,Bernie Sanders Joe Biden,0
Barack Obama,46,Bernie Sanders Richard Nixon,1
Barack Obama,46,Bernie Sanders Ronald Reagan,0
Barack Obama,46,Donald Trump Elizabeth Warren,0
Barack Obama,46,Donald Trump George W. Bush,0
Barack Obama,46,Donald Trump Joe Biden,0
Barack Obama,46,Donald Trump Richard Nixon,1
Barack Obama,46,Donald Trump Ronald Reagan,0
Barack Obama,46,Elizabeth Warren George W. Bush,0
Barack Obama,46,Elizabeth Warren Hillary Clinton,0
Barack Obama,46,Elizabeth Warren Joe Biden,0
Barack Obama,46,Elizabeth Warren Richard Nixon,0
Barack Obama,46,Elizabeth Warren Ronald Reagan,0
Barack Obama,46,George W. Bush Hillary Clinton,0
Barack Obama,46,George W. Bush Joe Biden,0
Barack Obama,46,George W. Bush Richard Nixon,0
Barack Obama,46,George W. Bush Ronald Reagan,0
Barack Obama,46,Hillary Clinton Joe Biden,0
Barack Obama,46,Hillary Clinton Ronald Reagan,0
Barack Obama,46,Joe Biden Richard Nixon,0
Barack Obama,46,Joe Biden Ronald Reagan,0
Barack Obama,46,Richard Nixon Ronald Reagan,0
Donald Trump,47,Abraham Lincoln Barack Obama,0
Donald Trump,47,Abraham Lincoln Bernie Sanders,0
Donald Trump,47,Abraham Lincoln Elizabeth Warren,0
Donald Trump,47,Abraham Lincoln George W. Bush,0
Donald Trump,47,Abraham Lincoln Hillary Clinton,0
Donald Trump,47,Abraham Lincoln Joe Biden,0
Donald Trump,47,Abraham Lincoln Richard Nixon,0
Donald Trump,47,Abraham Lincoln Ronald Reagan,1
Donald Trump,47,Barack Obama Bernie Sanders,0
Donald Trump,47,Barack Obama Elizabeth Warren,0
Donald Trump,47,Barack Obama George W. Bush,0
Donald Trump,47,Barack Obama Joe Biden,0
Donald Trump,47,Barack Obama Richard Nixon,0
Donald Trump,47,Bernie Sanders Elizabeth Warren,0
Donald Trump,47,Bernie Sanders George W. Bush,0
Donald Trump,47,Bernie Sanders Hillary Clinton,1
Donald Trump,47,Bernie Sanders Joe Biden,0
Donald Trump,47,Bernie Sanders Richard Nixon,0
Donald Trump,47,Bernie Sanders Ronald Reagan,0
Donald Trump,47,Elizabeth Warren George W. Bush,0
Donald Trump,47,Elizabeth Warren Hillary Clinton,0
Donald Trump,47,Elizabeth Warren Joe Biden,0
Donald Trump,47,Elizabeth Warren Richard Nixon,0
Donald Trump,47,Elizabeth Warren Ronald Reagan,0
Donald Trump,47,George W. Bush Hillary Clinton,0
Donald Trump,47,George W. Bush Joe Biden,0
Donald Trump,47,George W. Bush Richard Nixon,0
Donald Trump,47,George W. Bush Ronald Reagan,0
Donald Trump,47,Hillary Clinton Joe Biden,0
Donald Trump,47,Hillary Clinton Richard Nixon,0
Donald Trump,47,Hillary Clinton Ronald Reagan,0
Donald Trump,47,Joe Biden Richard Nixon,1
Donald Trump,47,Joe Biden Ronald Reagan,0
Hillary Clinton,48,Abraham Lincoln Barack Obama,0
Hillary Clinton,48,Abraham Lincoln Bernie Sanders,0
Hillary Clinton,48,Abraham Lincoln Donald Trump,0
Hillary Clinton,48,Abraham Lincoln Elizabeth Warren,0
Hillary Clinton,48,Abraham Lincoln George W. Bush,1
Hillary Clinton,48,Abraham Lincoln Joe Biden,0
Hillary Clinton,48,Abraham Lincoln Richard Nixon,1
Hillary Clinton,48,Abraham Lincoln Ronald Reagan,1
Hillary Clinton,48,Barack Obama Bernie Sanders,0
Hillary Clinton,48,Barack Obama Donald Trump,0
Hillary Clinton,48,Barack Obama Elizabeth Warren,0
Hillary Clinton,48,Barack Obama George W. Bush,0
Hillary Clinton,48,Barack Obama Joe Biden,0
Hillary Clinton,48,Barack Obama Richard Nixon,0
Hillary Clinton,48,Barack Obama Ronald Reagan,0
Hillary Clinton,48,Bernie Sanders Donald Trump,0
Hillary Clinton,48,Bernie Sanders Elizabeth Warren,0
Hillary Clinton,48,Bernie Sanders George W. Bush,0
Hillary Clinton,48,Bernie Sanders Richard Nixon,0
Hillary Clinton,48,Bernie Sanders Ronald Reagan,0
Hillary Clinton,48,Donald Trump Elizabeth Warren,0
Hillary Clinton,48,Donald Trump Joe Biden,0
Hillary Clinton,48,Donald Trump Richard Nixon,0
Hillary Clinton,48,Donald Trump Ronald Reagan,0
Hillary Clinton,48,Elizabeth Warren George W. Bush,0
Hillary Clinton,48,Elizabeth Warren Joe Biden,0
Hillary Clinton,48,Elizabeth Warren Richard Nixon,0
Hillary Clinton,48,Elizabeth Warren Ronald Reagan,0
Hillary Clinton,48,George W. Bush Joe Biden,0
Hillary Clinton,48,George W. Bush Richard Nixon,0
Hillary Clinton,48,George W. Bush Ronald Reagan,0
Hillary Clinton,48,Joe Biden Richard Nixon,0
Hillary Clinton,48,Joe Biden Ronald Reagan,0
Hillary Clinton,48,Richard Nixon Ronald Reagan,0
Joe Biden,49,Abraham Lincoln Barack Obama,0
Joe Biden,49,Abraham Lincoln Bernie Sanders,0
Joe Biden,49,Abraham Lincoln Donald Trump,0
Joe Biden,49,Abraham Lincoln Elizabeth Warren,0
Joe Biden,49,Abraham Lincoln George W. Bush,0
Joe Biden,49,Abraham Lincoln Hillary Clinton,0
Joe Biden,49,Abraham Lincoln Richard Nixon,0
Joe Biden,49,Abraham Lincoln Ronald Reagan,0
Joe Biden,49,Barack Obama Bernie Sanders,0
Joe Biden,49,Barack Obama Donald Trump,0
Joe Biden,49,Barack Obama Elizabeth Warren,1
Joe Biden,49,Barack Obama George W. Bush,1
Joe Biden,49,Barack Obama Hillary Clinton,1
Joe Biden,49,Barack Obama Richard Nixon,0
Joe Biden,49,Barack Obama Ronald Reagan,0
Joe Biden,49,Bernie Sanders Donald Trump,0
Joe Biden,49,Bernie Sanders Elizabeth Warren,0
Joe Biden,49,Bernie Sanders George W. Bush,0
Joe Biden,49,Bernie Sanders Hillary Clinton,0
Joe Biden,49,Bernie Sanders Richard Nixon,0
Joe Biden,49,Bernie Sanders Ronald Reagan,0
Joe Biden,49,Donald Trump George W. Bush,0
Joe Biden,49,Donald Trump Hillary Clinton,1
Joe Biden,49,Donald Trump Richard Nixon,0
Joe Biden,49,Donald Trump Ronald Reagan,0
Joe Biden,49,Elizabeth Warren George W. Bush,0
Joe Biden,49,Elizabeth Warren Hillary Clinton,0
Joe Biden,49,Elizabeth Warren Richard Nixon,0
Joe Biden,49,Elizabeth Warren Ronald Reagan,0
Joe Biden,49,George W. Bush Richard Nixon,0
Joe Biden,49,George W. Bush Ronald Reagan,0
Joe Biden,49,Hillary Clinton Richard Nixon,0
Joe Biden,49,Hillary Clinton Ronald Reagan,0
Joe Biden,49,Richard Nixon Ronald Reagan,0
Bernie Sanders,50,Abraham Lincoln Barack Obama,1
Bernie Sanders,50,Abraham Lincoln Elizabeth Warren,0
Bernie Sanders,50,Abraham Lincoln George W. Bush,0
Bernie Sanders,50,Abraham Lincoln Hillary Clinton,0
Bernie Sanders,50,Abraham Lincoln Joe Biden,0
Bernie Sanders,50,Abraham Lincoln Ronald Reagan,0
Bernie Sanders,50,Barack Obama Donald Trump,0
Bernie Sanders,50,Barack Obama Elizabeth Warren,0
Bernie Sanders,50,Barack Obama Hillary Clinton,0
Bernie Sanders,50,Barack Obama Joe Biden,0
Bernie Sanders,50,Barack Obama Richard Nixon,0
Bernie Sanders,50,Barack Obama Ronald Reagan,0
Bernie Sanders,50,Donald Trump Elizabeth Warren,0
Bernie Sanders,50,Donald Trump George W. Bush,0
Bernie Sanders,50,Donald Trump Hillary Clinton,0
Bernie Sanders,50,Donald Trump Joe Biden,0
Bernie Sanders,50,Donald Trump Richard Nixon,0
Bernie Sanders,50,Donald Trump Ronald Reagan,0
Bernie Sanders,50,Elizabeth Warren George W. Bush,0
Bernie Sanders,50,Elizabeth Warren Hillary Clinton,0
Bernie Sanders,50,Elizabeth Warren Joe Biden,0
Bernie Sanders,50,Elizabeth Warren Richard Nixon,0
Bernie Sanders,50,Elizabeth Warren Ronald Reagan,0
Bernie Sanders,50,George W. Bush Hillary Clinton,0
Bernie Sanders,50,George W. Bush Joe Biden,0
Bernie Sanders,50,George W. Bush Richard Nixon,0
Bernie Sanders,50,George W. Bush Ronald Reagan,0
Bernie Sanders,50,Hillary Clinton Joe Biden,0
Bernie Sanders,50,Hillary Clinton Richard Nixon,0
Bernie Sanders,50,Hillary Clinton Ronald Reagan,1
Bernie Sanders,50,Joe Biden Richard Nixon,0
Bernie Sanders,50,Joe Biden Ronald Reagan,0
Bernie Sanders,50,Richard Nixon Ronald Reagan,0
Abraham Lincoln,51,Barack Obama Bernie Sanders,0
Abraham Lincoln,51,Barack Obama Donald Trump,0
Abraham Lincoln,51,Barack Obama Elizabeth Warren,1
Abraham Lincoln,51,Barack Obama George W. Bush,0
Abraham Lincoln,51,Barack Obama Hillary Clinton,0
Abraham Lincoln,51,Barack Obama Joe Biden,0
Abraham Lincoln,51,Barack Obama Richard Nixon,0
Abraham Lincoln,51,Barack Obama Ronald Reagan,0
Abraham Lincoln,51,Bernie Sanders Donald Trump,0
Abraham Lincoln,51,Bernie Sanders Elizabeth Warren,0
Abraham Lincoln,51,Bernie Sanders George W. Bush,1
Abraham Lincoln,51,Bernie Sanders Hillary Clinton,0
Abraham Lincoln,51,Bernie Sanders Joe Biden,0
Abraham Lincoln,51,Bernie Sanders Richard Nixon,0
Abraham Lincoln,51,Bernie Sanders Ronald Reagan,0
Abraham Lincoln,51,Donald Trump Elizabeth Warren,0
Abraham Lincoln,51,Donald Trump Hillary Clinton,0
Abraham Lincoln,51,Donald Trump Joe Biden,0
Abraham Lincoln,51,Donald Trump Richard Nixon,0
Abraham Lincoln,51,Donald Trump Ronald Reagan,0
Abraham Lincoln,51,Elizabeth Warren George W. Bush,0
Abraham Lincoln,51,Elizabeth Warren Hillary Clinton,0
Abraham Lincoln,51,Elizabeth Warren Joe Biden,0
Abraham Lincoln,51,Elizabeth Warren Richard Nixon,0
Abraham Lincoln,51,Elizabeth Warren Ronald Reagan,0
Abraham Lincoln,51,George W. Bush Hillary Clinton,0
Abraham Lincoln,51,George W. Bush Joe Biden,0
Abraham Lincoln,51,George W. Bush Richard Nixon,0
Abraham Lincoln,51,George W. Bush Ronald Reagan,0
Abraham Lincoln,51,Hillary Clinton Joe Biden,0
Abraham Lincoln,51,Hillary Clinton Richard Nixon,0
Abraham Lincoln,51,Hillary Clinton Ronald Reagan,0
Abraham Lincoln,51,Joe Biden Richard Nixon,0
Abraham Lincoln,51,Joe Biden Ronald Reagan,0
Abraham Lincoln,51,Richard Nixon Ronald Reagan,0
Donald Trump,52,Abraham Lincoln Barack Obama,0
Donald Trump,52,Abraham Lincoln Bernie Sanders,0
Donald Trump,52,Abraham Lincoln George W. Bush,0
Donald Trump,52,Abraham Lincoln Hillary Clinton,1
Donald Trump,52,Abraham Lincoln Joe Biden,0
Donald Trump,52,Abraham Lincoln Richard Nixon,1
Donald Trump,52,Abraham Lincoln Ronald Reagan,0
Donald Trump,52,Barack Obama Bernie Sanders,0
Donald Trump,52,Barack Obama Elizabeth Warren,0
Donald Trump,52,Barack Obama Hillary Clinton,1
Donald Trump,52,Barack Obama Joe Biden,0
Donald Trump,52,Barack Obama Richard Nixon,0
Donald Trump,52,Barack Obama Ronald Reagan,0
Donald Trump,52,Bernie Sanders Elizabeth Warren,0
Donald Trump,52,Bernie Sanders George W. Bush,0
Donald Trump,52,Bernie Sanders Hillary Clinton,0
Donald Trump,52,Bernie Sanders Joe Biden,0
Donald Trump,52,Bernie Sanders Richard Nixon,0
Donald Trump,52,Bernie Sanders Ronald Reagan,0
Donald Trump,52,Elizabeth Warren George W. Bush,0
Donald Trump,52,Elizabeth Warren Hillary Clinton,0
Donald Trump,52,Elizabeth Warren Joe Biden,0
Donald Trump,52,Elizabeth Warren Richard Nixon,0
Donald Trump,52,Elizabeth Warren Ronald Reagan,0
Donald Trump,52,George W. Bush Hillary Clinton,0
Donald Trump,52,George W. Bush Joe Biden,0
Donald Trump,52,George W. Bush Richard Nixon,0
Donald Trump,52,George W. Bush Ronald Reagan,0
Donald Trump,52,Hillary Clinton Joe Biden,0
Donald Trump,52,Hillary Clinton Richard Nixon,0
Donald Trump,52,Hillary Clinton Ronald Reagan,0
Donald Trump,52,Joe Biden Richard Nixon,0
Donald Trump,52,Joe Biden Ronald Reagan,1
Donald Trump,52,Richard Nixon Ronald Reagan,0
Barack Obama,53,Abraham Lincoln Bernie Sanders,0
Barack Obama,53,Abraham Lincoln Donald Trump,0
Barack Obama,53,Abraham Lincoln Elizabeth Warren,0
Barack Obama,53,Abraham Lincoln George W. Bush,0
Barack Obama,53,Abraham Lincoln Hillary Clinton,0
Barack Obama,53,Abraham Lincoln Joe Biden,0
Barack Obama,53,Abraham Lincoln Richard Nixon,1
Barack Obama,53,Abraham Lincoln Ronald Reagan,0
Barack Obama,53,Bernie Sanders Donald Trump,0
Barack Obama,53,Bernie Sanders Elizabeth Warren,0
Barack Obama,53,Bernie Sanders George W. Bush,0
Barack Obama,53,Bernie Sanders Hillary Clinton,0
Barack Obama,53,Bernie Sanders Joe Biden,0
Barack Obama,53,Bernie Sanders Richard Nixon,0
Barack Obama,53,Bernie Sanders Ronald Reagan,0
Barack Obama,53,Donald Trump Elizabeth Warren,0
Barack Obama,53,Donald Trump George W. Bush,0
Barack Obama,53,Donald Trump Joe Biden,0
Barack Obama,53,Donald Trump Richard Nixon,1
Barack Obama,53,Donald Trump Ronald Reagan,0
Barack Obama,53,Elizabeth Warren George W. Bush,1
Barack Obama,53,Elizabeth Warren Joe Biden,0
Barack Obama,53,Elizabeth Warren Richard Nixon,0
Barack Obama,53,Elizabeth Warren Ronald Reagan,0
Barack Obama,53,George W. Bush Hillary Clinton,0
Barack Obama,53,George W. Bush Joe Biden,0
Barack Obama,53,George W. Bush Richard Nixon,1
Barack Obama,53,George W. Bush Ronald Reagan,0
Barack Obama,53,Hillary Clinton Joe Biden,0
Barack Obama,53,Hillary Clinton Richard Nixon,0
Barack Obama,53,Hillary Clinton Ronald Reagan,0
Barack Obama,53,Joe Biden Richard Nixon,0
Joe Biden,54,Abraham Lincoln Barack Obama,0
Joe Biden,54,Abraham Lincoln Bernie Sanders,0
Joe Biden,54,Abraham Lincoln Donald Trump,0
Joe Biden,54,Abraham Lincoln Elizabeth Warren,0
Joe Biden,54,Abraham Lincoln George W. Bush,0
Joe Biden,54,Abraham Lincoln Hillary Clinton,0
Joe Biden,54,Abraham Lincoln Richard Nixon,0
Joe Biden,54,Abraham Lincoln Ronald Reagan,0
Joe Biden,54,Barack Obama Bernie Sanders,0
Joe Biden,54,Barack Obama Donald Trump,0
Joe Biden,54,Barack Obama Elizabeth Warren,0
Joe Biden,54,Barack Obama George W. Bush,0
Joe Biden,54,Barack Obama Hillary Clinton,0
Joe Biden,54,Barack Obama Richard Nixon,0
Joe Biden,54,Barack Obama Ronald Reagan,0
Joe Biden,54,Bernie Sanders Donald Trump,0
Joe Biden,54,Bernie Sanders Elizabeth Warren,0
Joe Biden,54,Bernie Sanders George W. Bush,0
Joe Biden,54,Bernie Sanders Hillary Clinton,0
Joe Biden,54,Bernie Sanders Richard Nixon,0
Joe Biden,54,Bernie Sanders Ronald Reagan,0
Joe Biden,54,Donald Trump Elizabeth Warren,0
Joe Biden,54,Donald Trump George W. Bush,0
Joe Biden,54,Donald Trump Hillary Clinton,0
Joe Biden,54,Donald Trump Richard Nixon,0
Joe Biden,54,Donald Trump Ronald Reagan,0
Joe Biden,54,Elizabeth Warren George W. Bush,0
Joe Biden,54,Elizabeth Warren Richard Nixon,0
Joe Biden,54,Elizabeth Warren Ronald Reagan,0
Joe Biden,54,George W. Bush Hillary Clinton,1
Joe Biden,54,George W. Bush Richard Nixon,0
Joe Biden,54,George W. Bush Ronald Reagan,0
Joe Biden,54,Hillary Clinton Richard Nixon,0
Joe Biden,54,Hillary Clinton Ronald Reagan,0
Joe Biden,54,Richard Nixon Ronald Reagan,0
Donald Trump,55,Abraham Lincoln Barack Obama,0
Donald Trump,55,Abraham Lincoln Bernie Sanders,0
Donald Trump,55,Abraham Lincoln Elizabeth Warren,0
Donald Trump,55,Abraham Lincoln George W. Bush,1
Donald Trump,55,Abraham Lincoln Hillary Clinton,0
Donald Trump,55,Abraham Lincoln Joe Biden,0
Donald Trump,55,Abraham Lincoln Richard Nixon,1
Donald Trump,55,Abraham Lincoln Ronald Reagan,1
Donald Trump,55,Barack Obama Elizabeth Warren,0
Donald Trump,55,Barack Obama Hillary Clinton,0
Donald Trump,55,Barack Obama Joe Biden,0
Donald Trump,55,Barack Obama Richard Nixon,1
Donald Trump,55,Barack Obama Ronald Reagan,0
Donald Trump,55,Bernie Sanders Elizabeth Warren,0
Donald Trump,55,Bernie Sanders George W. Bush,0
Donald Trump,55,Bernie Sanders Joe Biden,0
Donald Trump,55,Bernie Sanders Richard Nixon,0
Donald Trump,55,Bernie Sanders Ronald Reagan,1
Donald Trump,55,Elizabeth Warren George W. Bush,0
Donald Trump,55,Elizabeth Warren Joe Biden,0
Donald Trump,55,Elizabeth Warren Richard Nixon,0
Donald Trump,55,Elizabeth Warren Ronald Reagan,0
Donald Trump,55,George W. Bush Hillary Clinton,0
Donald Trump,55,George W. Bush Joe Biden,0
Donald Trump,55,George W. Bush Richard Nixon,0
Donald Trump,55,Hillary Clinton Joe Biden,0
Donald Trump,55,Hillary Clinton Richard Nixon,0
Donald Trump,55,Hillary Clinton Ronald Reagan,0
Donald Trump,55,Joe Biden Richard Nixon,0
Donald Trump,55,Joe Biden Ronald Reagan,0
Donald Trump,55,Richard Nixon Ronald Reagan,0
Barack Obama,56,Abraham Lincoln Bernie Sanders,0
Barack Obama,56,Abraham Lincoln Donald Trump,0
Barack Obama,56,Abraham Lincoln Elizabeth Warren,0
Barack Obama,56,Abraham Lincoln George W. Bush,0
Barack Obama,56,Abraham Lincoln Hillary Clinton,0
Barack Obama,56,Abraham Lincoln Joe Biden,0
Barack Obama,56,Abraham Lincoln Richard Nixon,0
Barack Obama,56,Abraham Lincoln Ronald Reagan,0
Barack Obama,56,Bernie Sanders Donald Trump,0
Barack Obama,56,Bernie Sanders Elizabeth Warren,0
Barack Obama,56,Bernie Sanders George W. Bush,0
Barack Obama,56,Bernie Sanders Hillary Clinton,0
Barack Obama,56,Bernie Sanders Joe Biden,0
Barack Obama,56,Bernie Sanders Richard Nixon,0
Barack Obama,56,Bernie Sanders Ronald Reagan,0
Barack Obama,56,Donald Trump Elizabeth Warren,0
Barack Obama,56,Donald Trump George W. Bush,0
Barack Obama,56,Donald Trump Hillary Clinton,0
Barack Obama,56,Donald Trump Joe Biden,0
Barack Obama,56,Donald Trump Richard Nixon,1
Barack Obama,56,Donald Trump Ronald Reagan,0
Barack Obama,56,Elizabeth Warren George W. Bush,0
Barack Obama,56,Elizabeth Warren Hillary Clinton,0
Barack Obama,56,Elizabeth Warren Joe Biden,0
Barack Obama,56,Elizabeth Warren Richard Nixon,0
Barack Obama,56,Elizabeth Warren Ronald Reagan,0
Barack Obama,56,George W. Bush Hillary Clinton,0
Barack Obama,56,George W. Bush Joe Biden,0
Barack Obama,56,George W. Bush Richard Nixon,0
Barack Obama,56,George W. Bush Ronald Reagan,0
Barack Obama,56,Hillary Clinton Joe Biden,0
Barack Obama,56,Hillary Clinton Richard Nixon,0
Barack Obama,56,Joe Biden Richard Nixon,0
Barack Obama,56,Joe Biden Ronald Reagan,0
Barack Obama,56,Richard Nixon Ronald Reagan,0
George W. Bush,57,Abraham Lincoln Bernie Sanders,0
George W. Bush,57,Abraham Lincoln Donald Trump,0
George W. Bush,57,Abraham Lincoln Elizabeth Warren,0
George W. Bush,57,Abraham Lincoln Hillary Clinton,0
George W. Bush,57,Abraham Lincoln Joe Biden,0
George W. Bush,57,Abraham Lincoln Richard Nixon,0
George W. Bush,57,Abraham Lincoln Ronald Reagan,0
George W. Bush,57,Barack Obama Bernie Sanders,0
George W. Bush,57,Barack Obama Donald Trump,0
George W. Bush,57,Barack Obama Elizabeth Warren,0
George W. Bush,57,Barack Obama Hillary Clinton,0
George W. Bush,57,Barack Obama Joe Biden,1
George W. Bush,57,Barack Obama Ronald Reagan,0
George W. Bush,57,Bernie Sanders Donald Trump,0
George W. Bush,57,Bernie Sanders Elizabeth Warren,0
George W. Bush,57,Bernie Sanders Hillary Clinton,1
George W. Bush,57,Bernie Sanders Joe Biden,1
George W. Bush,57,Bernie Sanders Richard Nixon,0
George W. Bush,57,Bernie Sanders Ronald Reagan,0
George W. Bush,57,Donald Trump Elizabeth Warren,0
George W. Bush,57,Donald Trump Hillary Clinton,1
George W. Bush,57,Donald Trump Joe Biden,0
George W. Bush,57,Donald Trump Richard Nixon,0
George W. Bush,57,Donald Trump Ronald Reagan,0
George W. Bush,57,Elizabeth Warren Hillary Clinton,0
George W. Bush,57,Elizabeth Warren Joe Biden,0
George W. Bush,57,Elizabeth Warren Richard Nixon,0
George W. Bush,57,Elizabeth Warren Ronald Reagan,0
George W. Bush,57,Hillary Clinton Joe Biden,0
George W. Bush,57,Hillary Clinton Richard Nixon,0
George W. Bush,57,Hillary Clinton Ronald Reagan,0
George W. Bush,57,Joe Biden Richard Nixon,0
George W. Bush,57,Joe Biden Ronald Reagan,0
George W. Bush,57,Richard Nixon Ronald Reagan,0
George W. Bush,58,Abraham Lincoln Barack Obama,0
George W. Bush,58,Abraham Lincoln Bernie Sanders,0
George W. Bush,58,Abraham Lincoln Donald Trump,0
George W. Bush,58,Abraham Lincoln Elizabeth Warren,0
George W. Bush,58,Abraham Lincoln Joe Biden,0
George W. Bush,58,Abraham Lincoln Richard Nixon,0
George W. Bush,58,Abraham Lincoln Ronald Reagan,0
George W. Bush,58,Barack Obama Bernie Sanders,0
George W. Bush,58,Barack Obama Donald Trump,0
George W. Bush,58,Barack Obama Elizabeth Warren,0
George W. Bush,58,Barack Obama Hillary Clinton,0
George W. Bush,58,Barack Obama Joe Biden,0
George W. Bush,58,Barack Obama Richard Nixon,0
George W. Bush,58,Barack Obama Ronald Reagan,0
George W. Bush,58,Bernie Sanders Donald Trump,0
George W. Bush,58,Bernie Sanders Elizabeth Warren,0
George W. Bush,58,Bernie Sanders Hillary Clinton,1
George W. Bush,58,Bernie Sanders Joe Biden,0
George W. Bush,58,Bernie Sanders Ronald Reagan,0
George W. Bush,58,Donald Trump Elizabeth Warren,0
George W. Bush,58,Donald Trump Hillary Clinton,0
George W. Bush,58,Donald Trump Joe Biden,1
George W. Bush,58,Donald Trump Richard Nixon,0
George W. Bush,58,Donald Trump Ronald Reagan,0
George W. Bush,58,Elizabeth Warren Hillary Clinton,0
George W. Bush,58,Elizabeth Warren Joe Biden,0
George W. Bush,58,Elizabeth Warren Richard Nixon,0
George W. Bush,58,Elizabeth Warren Ronald Reagan,0
George W. Bush,58,Hillary Clinton Joe Biden,0
George W. Bush,58,Hillary Clinton Richard Nixon,1
George W. Bush,58,Hillary Clinton Ronald Reagan,0
George W. Bush,58,Joe Biden Richard Nixon,1
George W. Bush,58,Joe Biden Ronald Reagan,0
George W. Bush,58,Richard Nixon Ronald Reagan,0
Ronald Reagan,59,Abraham Lincoln Bernie Sanders,0
Ronald Reagan,59,Abraham Lincoln Donald Trump,0
Ronald Reagan,59,Abraham Lincoln Elizabeth Warren,0
Ronald Reagan,59,Abraham Lincoln George W. Bush,0
Ronald Reagan,59,Abraham Lincoln Hillary Clinton,0
Ronald Reagan,59,Abraham Lincoln Joe Biden,0
Ronald Reagan,59,Abraham Lincoln Richard Nixon,0
Ronald Reagan,59,Barack Obama Bernie Sanders,0
Ronald Reagan,59,Barack Obama Donald Trump,0
Ronald Reagan,59,Barack Obama Elizabeth Warren,0
Ronald Reagan,59,Barack Obama George W. Bush,0
Ronald Reagan,59,Barack Obama Hillary Clinton,1
Ronald Reagan,59,Barack Obama Joe Biden,0
Ronald Reagan,59,Barack Obama Richard Nixon,1
Ronald Reagan,59,Bernie Sanders Donald Trump,1
Ronald Reagan,59,Bernie Sanders Elizabeth Warren,0
Ronald Reagan,59,Bernie Sanders George W. Bush,0
Ronald Reagan,59,Bernie Sanders Hillary Clinton,0
Ronald Reagan,59,Bernie Sanders Joe Biden,0
Ronald Reagan,59,Bernie Sanders Richard Nixon,0
Ronald Reagan,59,Donald Trump Elizabeth Warren,0
Ronald Reagan,59,Donald Trump George W. Bush,0
Ronald Reagan,59,Donald Trump Hillary Clinton,0
Ronald Reagan,59,Donald Trump Joe Biden,0
Ronald Reagan,59,Donald Trump Richard Nixon,0
Ronald Reagan,59,Elizabeth Warren George W. Bush,0
Ronald Reagan,59,Elizabeth Warren Hillary Clinton,0
Ronald Reagan,59,Elizabeth Warren Joe Biden,0
Ronald Reagan,59,Elizabeth Warren Richard Nixon,0
Ronald Reagan,59,George W. Bush Hillary Clinton,0
Ronald Reagan,59,George W. Bush Joe Biden,0
Ronald Reagan,59,George W. Bush Richard Nixon,0
Ronald Reagan,59,Hillary Clinton Joe Biden,0
Ronald Reagan,59,Hillary Clinton Richard Nixon,0
Ronald Reagan,59,Joe Biden Richard Nixon,0
Donald Trump,60,Abraham Lincoln Barack Obama,0
Donald Trump,60,Abraham Lincoln Bernie Sanders,0
Donald Trump,60,Abraham Lincoln Elizabeth Warren,0
Donald Trump,60,Abraham Lincoln George W. Bush,0
Donald Trump,60,Abraham Lincoln Hillary Clinton,0
Donald Trump,60,Abraham Lincoln Joe Biden,0
Donald Trump,60,Abraham Lincoln Richard Nixon,0
Donald Trump,60,Abraham Lincoln Ronald Reagan,0
Donald Trump,60,Barack Obama Bernie Sanders,0
Donald Trump,60,Barack Obama Elizabeth Warren,1
Donald Trump,60,Barack Obama George W. Bush,0
Donald Trump,60,Barack Obama Hillary Clinton,0
Donald Trump,60,Barack Obama Joe Biden,0
Donald Trump,60,Barack Obama Richard Nixon,0
Donald Trump,60,Barack Obama Ronald Reagan,0
Donald Trump,60,Bernie Sanders Elizabeth Warren,0
Donald Trump,60,Bernie Sanders George W. Bush,0
Donald Trump,60,Bernie Sanders Hillary Clinton,0
Donald Trump,60,Bernie Sanders Joe Biden,0
Donald Trump,60,Bernie Sanders Richard Nixon,0
Donald Trump,60,Bernie Sanders Ronald Reagan,0
Donald Trump,60,Elizabeth Warren George W. Bush,0
Donald Trump,60,Elizabeth Warren Hillary Clinton,0
Donald Trump,60,Elizabeth Warren Joe Biden,0
Donald Trump,60,Elizabeth Warren Richard Nixon,0
Donald Trump,60,Elizabeth Warren Ronald Reagan,0
Donald Trump,60,George W. Bush Hillary Clinton,0
Donald Trump,60,George W. Bush Joe Biden,0
Donald Trump,60,George W. Bush Richard Nixon,0
Donald Trump,60,George W. Bush Ronald Reagan,1
Donald Trump,60,Hillary Clinton Joe Biden,0
Donald Trump,60,Hillary Clinton Ronald Reagan,0
Donald Trump,60,Joe Biden Richard Nixon,0
Donald Trump,60,Joe Biden Ronald Reagan,0
Donald Trump,60,Richard Nixon Ronald Reagan,0
George W. Bush,61,Abraham Lincoln Barack Obama,0
George W. Bush,61,Abraham Lincoln Bernie Sanders,0
George W. Bush,61,Abraham Lincoln Donald Trump,0
George W. Bush,61,Abraham Lincoln Elizabeth Warren,0
George W. Bush,61,Abraham Lincoln Hillary Clinton,0
George W. Bush,61,Abraham Lincoln Joe Biden,0
George W. Bush,61,Abraham Lincoln Richard Nixon,0
George W. Bush,61,Abraham Lincoln Ronald Reagan,0
George W. Bush,61,Barack Obama Bernie Sanders,0
George W. Bush,61,Barack Obama Hillary Clinton,0
George W. Bush,61,Barack Obama Joe Biden,0
George W. Bush,61,Barack Obama Richard Nixon,1
George W. Bush,61,Barack Obama Ronald Reagan,0
George W. Bush,61,Bernie Sanders Donald Trump,0
George W. Bush,61,Bernie Sanders Elizabeth Warren,0
George W. Bush,61,Bernie Sanders Hillary Clinton,0
George W. Bush,61,Bernie Sanders Joe Biden,0
George W. Bush,61,Bernie Sanders Richard Nixon,0
George W. Bush,61,Bernie Sanders Ronald Reagan,1
George W. Bush,61,Donald Trump Elizabeth Warren,0
George W. Bush,61,Donald Trump Hillary Clinton,1
George W. Bush,61,Donald Trump Joe Biden,0
George W. Bush,61,Donald Trump Richard Nixon,0
George W. Bush,61,Donald Trump Ronald Reagan,0
George W. Bush,61,Elizabeth Warren Hillary Clinton,0
George W. Bush,61,Elizabeth Warren Richard Nixon,0
George W. Bush,61,Elizabeth Warren Ronald Reagan,0
George W. Bush,61,Hillary Clinton Joe Biden,0
George W. Bush,61,Hillary Clinton Richard Nixon,0
George W. Bush,61,Hillary Clinton Ronald Reagan,0
George W. Bush,61,Joe Biden Richard Nixon,1
George W. Bush,61,Joe Biden Ronald Reagan,0
George W. Bush,61,Richard Nixon Ronald Reagan,0
Barack Obama,62,Abraham Lincoln Bernie Sanders,0
Barack Obama,62,Abraham Lincoln Donald Trump,0
Barack Obama,62,Abraham Lincoln Elizabeth Warren,0
Barack Obama,62,Abraham Lincoln George W. Bush,0
Barack Obama,62,Abraham Lincoln Hillary Clinton,0
Barack Obama,62,Abraham Lincoln Joe Biden,0
Barack Obama,62,Abraham Lincoln Richard Nixon,0
Barack Obama,62,Abraham Lincoln Ronald Reagan,0
Barack Obama,62,Bernie Sanders Elizabeth Warren,0
Barack Obama,62,Bernie Sanders George W. Bush,0
Barack Obama,62,Bernie Sanders Hillary Clinton,0
Barack Obama,62,Bernie Sanders Joe Biden,0
Barack Obama,62,Bernie Sanders Richard Nixon,0
Barack Obama,62,Bernie Sanders Ronald Reagan,0
Barack Obama,62,Donald Trump Elizabeth Warren,0
Barack Obama,62,Donald Trump George W. Bush,0
Barack Obama,62,Donald Trump Hillary Clinton,0
Barack Obama,62,Donald Trump Joe Biden,0
Barack Obama,62,Donald Trump Ronald Reagan,0
Barack Obama,62,Elizabeth Warren George W. Bush,0
Barack Obama,62,Elizabeth Warren Hillary Clinton,0
Barack Obama,62,Elizabeth Warren Joe Biden,0
Barack Obama,62,Elizabeth Warren Richard Nixon,0
Barack Obama,62,Elizabeth Warren Ronald Reagan,0
Barack Obama,62,George W. Bush Hillary Clinton,0
Barack Obama,62,George W. Bush Joe Biden,0
Barack Obama,62,George W. Bush Richard Nixon,0
Barack Obama,62,Hillary Clinton Joe Biden,0
Barack Obama,62,Hillary Clinton Richard Nixon,0
Barack Obama,62,Hillary Clinton Ronald Reagan,0
Barack Obama,62,Joe Biden Richard Nixon,0
Barack Obama,62,Joe Biden Ronald Reagan,0
Barack Obama,62,Richard Nixon Ronald Reagan,0
Ronald Reagan,63,Abraham Lincoln Barack Obama,0
Ronald Reagan,63,Abraham Lincoln Bernie Sanders,0
Ronald Reagan,63,Abraham Lincoln Elizabeth Warren,0
Ronald Reagan,63,Abraham Lincoln George W. Bush,0
Ronald Reagan,63,Abraham Lincoln Hillary Clinton,0
Ronald Reagan,63,Abraham Lincoln Joe Biden,0
Ronald Reagan,63,Barack Obama Bernie Sanders,0
Ronald Reagan,63,Barack Obama Donald Trump,0
Ronald Reagan,63,Barack Obama Elizabeth Warren,0
Ronald Reagan,63,Barack Obama George W. Bush,0
Ronald Reagan,63,Barack Obama Hillary Clinton,0
Ronald Reagan,63,Barack Obama Joe Biden,0
Ronald Reagan,63,Barack Obama Richard Nixon,0
Ronald Reagan,63,Bernie Sanders Donald Trump,0
Ronald Reagan,63,Bernie Sanders Elizabeth Warren,0
Ronald Reagan,63,Bernie Sanders George W. Bush,0
Ronald Reagan,63,Bernie Sanders Hillary Clinton,0
Ronald Reagan,63,Bernie Sanders Joe Biden,0
Ronald Reagan,63,Bernie Sanders Richard Nixon,0
Ronald Reagan,63,Donald Trump Elizabeth Warren,0
Ronald Reagan,63,Donald Trump George W. Bush,0
Ronald Reagan,63,Donald Trump Hillary Clinton,0
Ronald Reagan,63,Donald Trump Joe Biden,1
Ronald Reagan,63,Donald Trump Richard Nixon,0
Ronald Reagan,63,Elizabeth Warren George W. Bush,0
Ronald Reagan,63,Elizabeth Warren Hillary Clinton,0
Ronald Reagan,63,Elizabeth Warren Joe Biden,0
Ronald Reagan,63,Elizabeth Warren Richard Nixon,0
Ronald Reagan,63,George W. Bush Hillary Clinton,0
Ronald Reagan,63,George W. Bush Joe Biden,0
Ronald Reagan,63,George W. Bush Richard Nixon,0
Ronald Reagan,63,Hillary Clinton Joe Biden,0
Ronald Reagan,63,Hillary Clinton Richard Nixon,0
Ronald Reagan,63,Joe Biden Richard Nixon,0
Barack Obama,64,Abraham Lincoln Bernie Sanders,0
Barack Obama,64,Abraham Lincoln Donald Trump,0
Barack Obama,64,Abraham Lincoln Elizabeth Warren,0
Barack Obama,64,Abraham Lincoln George W. Bush,0
Barack Obama,64,Abraham Lincoln Joe Biden,0
Barack Obama,64,Abraham Lincoln Richard Nixon,0
Barack Obama,64,Abraham Lincoln Ronald Reagan,0
Barack Obama,64,Bernie Sanders Donald Trump,0
Barack Obama,64,Bernie Sanders Elizabeth Warren,0
Barack Obama,64,Bernie Sanders George W. Bush,0
Barack Obama,64,Bernie Sanders Hillary Clinton,0
Barack Obama,64,Bernie Sanders Joe Biden,0
Barack Obama,64,Bernie Sanders Richard Nixon,0
Barack Obama,64,Bernie Sanders Ronald Reagan,0
Barack Obama,64,Donald Trump Elizabeth Warren,0
Barack Obama,64,Donald Trump George W. Bush,0
Barack Obama,64,Donald Trump Hillary Clinton,0
Barack Obama,64,Donald Trump Joe Biden,0
Barack Obama,64,Donald Trump Richard Nixon,0
Barack Obama,64,Donald Trump Ronald Reagan,0
Barack Obama,64,Elizabeth Warren George W. Bush,0
Barack Obama,64,Elizabeth Warren Hillary Clinton,0
Barack Obama,64,Elizabeth Warren Joe Biden,0
Barack Obama,64,Elizabeth Warren Richard Nixon,0
Barack Obama,64,Elizabeth Warren Ronald Reagan,0
Barack Obama,64,George W. Bush Hillary Clinton,0
Barack Obama,64,George W. Bush Joe Biden,0
Barack Obama,64,George W. Bush Richard Nixon,0
Barack Obama,64,George W. Bush Ronald Reagan,0
Barack Obama,64,Hillary Clinton Joe Biden,0
Barack Obama,64,Hillary Clinton Ronald Reagan,0
Barack Obama,64,Joe Biden Richard Nixon,0
Barack Obama,64,Joe Biden Ronald Reagan,0
Barack Obama,64,Richard Nixon Ronald Reagan,1
Ronald Reagan,65,Abraham Lincoln Barack Obama,0
Ronald Reagan,65,Abraham Lincoln Bernie Sanders,0
Ronald Reagan,65,Abraham Lincoln Donald Trump,0
Ronald Reagan,65,Abraham Lincoln Elizabeth Warren,0
Ronald Reagan,65,Abraham Lincoln George W. Bush,0
Ronald Reagan,65,Abraham Lincoln Hillary Clinton,0
Ronald Reagan,65,Abraham Lincoln Joe Biden,0
Ronald Reagan,65,Abraham Lincoln Richard Nixon,0
Ronald Reagan,65,Barack Obama Bernie Sanders,0
Ronald Reagan,65,Barack Obama Elizabeth Warren,0
Ronald Reagan,65,Barack Obama George W. Bush,0
Ronald Reagan,65,Barack Obama Hillary Clinton,0
Ronald Reagan,65,Barack Obama Joe Biden,0
Ronald Reagan,65,Bernie Sanders Elizabeth Warren,0
Ronald Reagan,65,Bernie Sanders George W. Bush,0
Ronald Reagan,65,Bernie Sanders Hillary Clinton,0
Ronald Reagan,65,Bernie Sanders Joe Biden,0
Ronald Reagan,65,Bernie Sanders Richard Nixon,0
Ronald Reagan,65,Donald Trump Elizabeth Warren,0
Ronald Reagan,65,Donald Trump George W. Bush,0
Ronald Reagan,65,Donald Trump Hillary Clinton,0
Ronald Reagan,65,Donald Trump Joe Biden,0
Ronald Reagan,65,Donald Trump Richard Nixon,0
Ronald Reagan,65,Elizabeth Warren George W. Bush,0
Ronald Reagan,65,Elizabeth Warren Hillary Clinton,0
Ronald Reagan,65,Elizabeth Warren Joe Biden,0
Ronald Reagan,65,Elizabeth Warren Richard Nixon,0
Ronald Reagan,65,George W. Bush Hillary Clinton,0
Ronald Reagan,65,George W. Bush Joe Biden,0
Ronald Reagan,65,George W. Bush Richard Nixon,0
Ronald Reagan,65,Hillary Clinton Richard Nixon,0
Ronald Reagan,65,Joe Biden Richard Nixon,1
Donald Trump,66,Abraham Lincoln Barack Obama,0
Donald Trump,66,Abraham Lincoln Bernie Sanders,0
Donald Trump,66,Abraham Lincoln Elizabeth Warren,0
Donald Trump,66,Abraham Lincoln George W. Bush,0
Donald Trump,66,Abraham Lincoln Hillary Clinton,0
Donald Trump,66,Abraham Lincoln Joe Biden,0
Donald Trump,66,Abraham Lincoln Richard Nixon,0
Donald Trump,66,Abraham Lincoln Ronald Reagan,0
Donald Trump,66,Barack Obama Bernie Sanders,0
Donald Trump,66,Barack Obama Elizabeth Warren,0
Donald Trump,66,Barack Obama George W. Bush,0
Donald Trump,66,Barack Obama Joe Biden,0
Donald Trump,66,Barack Obama Richard Nixon,0
Donald Trump,66,Barack Obama Ronald Reagan,0
Donald Trump,66,Bernie Sanders Elizabeth Warren,0
Donald Trump,66,Bernie Sanders George W. Bush,0
Donald Trump,66,Bernie Sanders Hillary Clinton,0
Donald Trump,66,Bernie Sanders Joe Biden,0
Donald Trump,66,Bernie Sanders Ronald Reagan,0
Donald Trump,66,Elizabeth Warren George W. Bush,0
Donald Trump,66,Elizabeth Warren Joe Biden,1
Donald Trump,66,Elizabeth Warren Richard Nixon,0
Donald Trump,66,Elizabeth Warren Ronald Reagan,1
Donald Trump,66,George W. Bush Hillary Clinton,0
Donald Trump,66,George W. Bush Joe Biden,0
Donald Trump,66,George W. Bush Richard Nixon,0
Donald Trump,66,George W. Bush Ronald Reagan,1
Donald Trump,66,Hillary Clinton Joe Biden,0
Donald Trump,66,Hillary Clinton Richard Nixon,0
Donald Trump,66,Hillary Clinton Ronald Reagan,0
Donald Trump,66,Joe Biden Richard Nixon,0
Donald Trump,66,Joe Biden Ronald Reagan,0
Donald Trump,66,Richard Nixon Ronald Reagan,0
Joe Biden,67,Abraham Lincoln Barack Obama,0
Joe Biden,67,Abraham Lincoln Bernie Sanders,0
Joe Biden,67,Abraham Lincoln Donald Trump,0
Joe Biden,67,Abraham Lincoln Elizabeth Warren,0
Joe Biden,67,Abraham Lincoln George W. Bush,0
Joe Biden,67,Abraham Lincoln Hillary Clinton,0
Joe Biden,67,Abraham Lincoln Richard Nixon,0
Joe Biden,67,Abraham Lincoln Ronald Reagan,0
Joe Biden,67,Barack Obama Bernie Sanders,0
Joe Biden,67,Barack Obama Donald Trump,0
Joe Biden,67,Barack Obama George W. Bush,0
Joe Biden,67,Barack Obama Hillary Clinton,0
Joe Biden,67,Barack Obama Richard Nixon,0
Joe Biden,67,Barack Obama Ronald Reagan,0
Joe Biden,67,Bernie Sanders Donald Trump,0
Joe Biden,67,Bernie Sanders Elizabeth Warren,0
Joe Biden,67,Bernie Sanders George W. Bush,1
Joe Biden,67,Bernie Sanders Hillary Clinton,0
Joe Biden,67,Bernie Sanders Richard Nixon,0
Joe Biden,67,Bernie Sanders Ronald Reagan,0
Joe Biden,67,Donald Trump Elizabeth Warren,0
Joe Biden,67,Donald Trump George W. Bush,1
Joe Biden,67,Donald Trump Hillary Clinton,1
Joe Biden,67,Donald Trump Ronald Reagan,0
Joe Biden,67,Elizabeth Warren George W. Bush,0
Joe Biden,67,Elizabeth Warren Hillary Clinton,0
Joe Biden,67,Elizabeth Warren Richard Nixon,0
Joe Biden,67,Elizabeth Warren Ronald Reagan,0
Joe Biden,67,George W. Bush Hillary Clinton,1
Joe Biden,67,George W. Bush Richard Nixon,0
Joe Biden,67,George W. Bush Ronald Reagan,0
Joe Biden,67,Hillary Clinton Ronald Reagan,0
Joe Biden,67,Richard Nixon Ronald Reagan,0
Hillary Clinton,68,Abraham Lincoln Barack Obama,0
Hillary Clinton,68,Abraham Lincoln Bernie Sanders,0
Hillary Clinton,68,Abraham Lincoln Donald Trump,0
Hillary Clinton,68,Abraham Lincoln Elizabeth Warren,0
Hillary Clinton,68,Abraham Lincoln George W. Bush,0
Hillary Clinton,68,Abraham Lincoln Joe Biden,0
Hillary Clinton,68,Abraham Lincoln Richard Nixon,0
Hillary Clinton,68,Abraham Lincoln Ronald Reagan,0
Hillary Clinton,68,Barack Obama Bernie Sanders,0
Hillary Clinton,68,Barack Obama Donald Trump,0
Hillary Clinton,68,Barack Obama Elizabeth Warren,0
Hillary Clinton,68,Barack Obama Joe Biden,0
Hillary Clinton,68,Barack Obama Richard Nixon,0
Hillary Clinton,68,Barack Obama Ronald Reagan,0
Hillary Clinton,68,Bernie Sanders Elizabeth Warren,1
Hillary Clinton,68,Bernie Sanders George W. Bush,0
Hillary Clinton,68,Bernie Sanders Richard Nixon,0
Hillary Clinton,68,Bernie Sanders Ronald Reagan,0
Hillary Clinton,68,Donald Trump George W. Bush,0
Hillary Clinton,68,Donald Trump Joe Biden,0
Hillary Clinton,68,Donald Trump Ronald Reagan,0
Hillary Clinton,68,Elizabeth Warren George W. Bush,0
Hillary Clinton,68,Elizabeth Warren Richard Nixon,0
Hillary Clinton,68,Elizabeth Warren Ronald Reagan,0
Hillary Clinton,68,George W. Bush Joe Biden,0
Hillary Clinton,68,George W. Bush Richard Nixon,0
Hillary Clinton,68,George W. Bush Ronald Reagan,0
Hillary Clinton,68,Joe Biden Richard Nixon,0
Hillary Clinton,68,Joe Biden Ronald Reagan,0
Hillary Clinton,68,Richard Nixon Ronald Reagan,0
Richard Nixon,69,Abraham Lincoln Barack Obama,0
Richard Nixon,69,Abraham Lincoln Bernie Sanders,0
Richard Nixon,69,Abraham Lincoln Donald Trump,0
Richard Nixon,69,Abraham Lincoln Elizabeth Warren,0
Richard Nixon,69,Abraham Lincoln George W. Bush,0
Richard Nixon,69,Abraham Lincoln Hillary Clinton,0
Richard Nixon,69,Abraham Lincoln Joe Biden,0
Richard Nixon,69,Abraham Lincoln Ronald Reagan,0
Richard Nixon,69,Barack Obama Bernie Sanders,1
Richard Nixon,69,Barack Obama Donald Trump,0
Richard Nixon,69,Barack Obama Elizabeth Warren,0
Richard Nixon,69,Barack Obama George W. Bush,0
Richard Nixon,69,Barack Obama Hillary Clinton,1
Richard Nixon,69,Barack Obama Joe Biden,0
Richard Nixon,69,Barack Obama Ronald Reagan,0
Richard Nixon,69,Bernie Sanders Donald Trump,1
Richard Nixon,69,Bernie Sanders Elizabeth Warren,0
Richard Nixon,69,Bernie Sanders George W. Bush,1
Richard Nixon,69,Bernie Sanders Hillary Clinton,0
Richard Nixon,69,Bernie Sanders Joe Biden,0
Richard Nixon,69,Bernie Sanders Ronald Reagan,1
Richard Nixon,69,Donald Trump Elizabeth Warren,0
Richard Nixon,69,Donald Trump George W. Bush,1
Richard Nixon,69,Donald Trump Hillary Clinton,0
Richard Nixon,69,Donald Trump Joe Biden,0
Richard Nixon,69,Donald Trump Ronald Reagan,0
Richard Nixon,69,Elizabeth Warren George W. Bush,0
Richard Nixon,69,Elizabeth Warren Hillary Clinton,0
Richard Nixon,69,Elizabeth Warren Joe Biden,0
Richard Nixon,69,Elizabeth Warren Ronald Reagan,0
Richard Nixon,69,George W. Bush Hillary Clinton,0
Richard Nixon,69,George W. Bush Joe Biden,0
Richard Nixon,69,George W. Bush Ronald Reagan,0
Richard Nixon,69,Hillary Clinton Joe Biden,0
Richard Nixon,69,Hillary Clinton Ronald Reagan,0
Joe Biden,70,Abraham Lincoln Barack Obama,0
Joe Biden,70,Abraham Lincoln Bernie Sanders,0
Joe Biden,70,Abraham Lincoln Elizabeth Warren,0
Joe Biden,70,Abraham Lincoln George W. Bush,0
Joe Biden,70,Abraham Lincoln Hillary Clinton,0
Joe Biden,70,Abraham Lincoln Richard Nixon,0
Joe Biden,70,Abraham Lincoln Ronald Reagan,0
Joe Biden,70,Barack Obama Bernie Sanders,0
Joe Biden,70,Barack Obama Donald Trump,0
Joe Biden,70,Barack Obama Elizabeth Warren,0
Joe Biden,70,Barack Obama George W. Bush,0
Joe Biden,70,Barack Obama Hillary Clinton,0
Joe Biden,70,Barack Obama Richard Nixon,0
Joe Biden,70,Barack Obama Ronald Reagan,0
Joe Biden,70,Bernie Sanders Donald Trump,0
Joe Biden,70,Bernie Sanders Elizabeth Warren,0
Joe Biden,70,Bernie Sanders George W. Bush,0
Joe Biden,70,Bernie Sanders Hillary Clinton,0
Joe Biden,70,Bernie Sanders Richard Nixon,0
Joe Biden,70,Bernie Sanders Ronald Reagan,0
Joe Biden,70,Donald Trump Elizabeth Warren,0
Joe Biden,70,Donald Trump George W. Bush,0
Joe Biden,70,Donald Trump Hillary Clinton,0
Joe Biden,70,Donald Trump Richard Nixon,0
Joe Biden,70,Donald Trump Ronald Reagan,0
Joe Biden,70,Elizabeth Warren George W. Bush,0
Joe Biden,70,Elizabeth Warren Hillary Clinton,0
Joe Biden,70,Elizabeth Warren Richard Nixon,1
Joe Biden,70,Elizabeth Warren Ronald Reagan,0
Joe Biden,70,George W. Bush Hillary Clinton,0
Joe Biden,70,George W. Bush Richard Nixon,0
Joe Biden,70,George W. Bush Ronald Reagan,0
Joe Biden,70,Hillary Clinton Richard Nixon,0
Joe Biden,70,Hillary Clinton Ronald Reagan,0
Joe Biden,70,Richard Nixon Ronald Reagan,1
Elizabeth Warren,71,Abraham Lincoln Barack Obama,0
Elizabeth Warren,71,Abraham Lincoln Bernie Sanders,0
Elizabeth Warren,71,Abraham Lincoln Donald Trump,0
Elizabeth Warren,71,Abraham Lincoln George W. Bush,0
Elizabeth Warren,71,Abraham Lincoln Hillary Clinton,0
Elizabeth Warren,71,Abraham Lincoln Joe Biden,0
Elizabeth Warren,71,Abraham Lincoln Richard Nixon,0
Elizabeth Warren,71,Abraham Lincoln Ronald Reagan,0
Elizabeth Warren,71,Barack Obama Bernie Sanders,0
Elizabeth Warren,71,Barack Obama Donald Trump,0
Elizabeth Warren,71,Barack Obama George W. Bush,0
Elizabeth Warren,71,Barack Obama Hillary Clinton,0
Elizabeth Warren,71,Barack Obama Joe Biden,0
Elizabeth Warren,71,Barack Obama Richard Nixon,0
Elizabeth Warren,71,Barack Obama Ronald Reagan,0
Elizabeth Warren,71,Bernie Sanders Donald Trump,0
Elizabeth Warren,71,Bernie Sanders George W. Bush,0
Elizabeth Warren,71,Bernie Sanders Hillary Clinton,0
Elizabeth Warren,71,Bernie Sanders Joe Biden,0
Elizabeth Warren,71,Bernie Sanders Richard Nixon,0
Elizabeth Warren,71,Bernie Sanders Ronald Reagan,0
Elizabeth Warren,71,Donald Trump George W. Bush,0
Elizabeth Warren,71,Donald Trump Hillary Clinton,0
Elizabeth Warren,71,Donald Trump Richard Nixon,0
Elizabeth Warren,71,Donald Trump Ronald Reagan,0
Elizabeth Warren,71,George W. Bush Hillary Clinton,0
Elizabeth Warren,71,George W. Bush Joe Biden,0
Elizabeth Warren,71,George W. Bush Richard Nixon,0
Elizabeth Warren,71,George W. Bush Ronald Reagan,0
Elizabeth Warren,71,Hillary Clinton Joe Biden,0
Elizabeth Warren,71,Hillary Clinton Richard Nixon,0
Elizabeth Warren,71,Hillary Clinton Ronald Reagan,0
Elizabeth Warren,71,Joe Biden Richard Nixon,0
Elizabeth Warren,71,Joe Biden Ronald Reagan,0
Elizabeth Warren,71,Richard Nixon Ronald Reagan,0
Barack Obama,72,Abraham Lincoln Bernie Sanders,0
Barack Obama,72,Abraham Lincoln Donald Trump,0
Barack Obama,72,Abraham Lincoln Elizabeth Warren,0
Barack Obama,72,Abraham Lincoln George W. Bush,0
Barack Obama,72,Abraham Lincoln Hillary Clinton,0
Barack Obama,72,Abraham Lincoln Joe Biden,0
Barack Obama,72,Abraham Lincoln Richard Nixon,0
Barack Obama,72,Abraham Lincoln Ronald Reagan,0
Barack Obama,72,Bernie Sanders Donald Trump,0
Barack Obama,72,Bernie Sanders Elizabeth Warren,0
Barack Obama,72,Bernie Sanders George W. Bush,0
Barack Obama,72,Bernie Sanders Hillary Clinton,0
Barack Obama,72,Bernie Sanders Joe Biden,0
Barack Obama,72,Bernie Sanders Richard Nixon,0
Barack Obama,72,Bernie Sanders Ronald Reagan,0
Barack Obama,72,Donald Trump Elizabeth Warren,0
Barack Obama,72,Donald Trump Hillary Clinton,0
Barack Obama,72,Donald Trump Joe Biden,0
Barack Obama,72,Donald Trump Richard Nixon,0
Barack Obama,72,Donald Trump Ronald Reagan,0
Barack Obama,72,Elizabeth Warren George W. Bush,0
Barack Obama,72,Elizabeth Warren Hillary Clinton,1
Barack Obama,72,Elizabeth Warren Joe Biden,0
Barack Obama,72,Elizabeth Warren Richard Nixon,0
Barack Obama,72,Elizabeth Warren Ronald Reagan,0
Barack Obama,72,George W. Bush Hillary Clinton,0
Barack Obama,72,George W. Bush Joe Biden,0
Barack Obama,72,George W. Bush Richard Nixon,0
Barack Obama,72,George W. Bush Ronald Reagan,0
Barack Obama,72,Hillary Clinton Joe Biden,0
Barack Obama,72,Hillary Clinton Richard Nixon,0
Barack Obama,72,Hillary Clinton Ronald Reagan,0
Barack Obama,72,Joe Biden Richard Nixon,0
Barack Obama,72,Richard Nixon Ronald Reagan,0
Elizabeth Warren,73,Abraham Lincoln Barack Obama,0
Elizabeth Warren,73,Abraham Lincoln Bernie Sanders,0
Elizabeth Warren,73,Abraham Lincoln George W. Bush,0
Elizabeth Warren,73,Abraham Lincoln Hillary Clinton,0
Elizabeth Warren,73,Abraham Lincoln Joe Biden,0
Elizabeth Warren,73,Abraham Lincoln Richard Nixon,0
Elizabeth Warren,73,Abraham Lincoln Ronald Reagan,0
Elizabeth Warren,73,Barack Obama Bernie Sanders,0
Elizabeth Warren,73,Barack Obama Donald Trump,0
Elizabeth Warren,73,Barack Obama George W. Bush,0
Elizabeth Warren,73,Barack Obama Hillary Clinton,0
Elizabeth Warren,73,Barack Obama Joe Biden,0
Elizabeth Warren,73,Barack Obama Richard Nixon,0
Elizabeth Warren,73,Barack Obama Ronald Reagan,0
Elizabeth Warren,73,Bernie Sanders Donald Trump,0
Elizabeth Warren,73,Bernie Sanders George W. Bush,0
Elizabeth Warren,73,Bernie Sanders Hillary Clinton,0
Elizabeth Warren,73,Bernie Sanders Joe Biden,0
Elizabeth Warren,73,Bernie Sanders Richard Nixon,0
Elizabeth Warren,73,Bernie Sanders Ronald Reagan,0
Elizabeth Warren,73,Donald Trump George W. Bush,0
Elizabeth Warren,73,Donald Trump Hillary Clinton,0
Elizabeth Warren,73,Donald Trump Joe Biden,0
Elizabeth Warren,73,Donald Trump Richard Nixon,0
Elizabeth Warren,73,Donald Trump Ronald Reagan,0
Elizabeth Warren,73,George W. Bush Hillary Clinton,0
Elizabeth Warren,73,George W. Bush Joe Biden,0
Elizabeth Warren,73,George W. Bush Richard Nixon,1
Elizabeth Warren,73,George W. Bush Ronald Reagan,0
Elizabeth Warren,73,Hillary Clinton Joe Biden,0
Elizabeth Warren,73,Hillary Clinton Richard Nixon,0
Elizabeth Warren,73,Hillary Clinton Ronald Reagan,0
Elizabeth Warren,73,Joe Biden Richard Nixon,0
Elizabeth Warren,73,Joe Biden Ronald Reagan,0
Elizabeth Warren,73,Richard Nixon Ronald Reagan,1
Joe Biden,74,Abraham Lincoln Barack Obama,0
Joe Biden,74,Abraham Lincoln Bernie Sanders,0
Joe Biden,74,Abraham Lincoln Donald Trump,0
Joe Biden,74,Abraham Lincoln Elizabeth Warren,0
Joe Biden,74,Abraham Lincoln George W. Bush,0
Joe Biden,74,Abraham Lincoln Hillary Clinton,0
Joe Biden,74,Abraham Lincoln Richard Nixon,0
Joe Biden,74,Abraham Lincoln Ronald Reagan,0
Joe Biden,74,Barack Obama Bernie Sanders,0
Joe Biden,74,Barack Obama Donald Trump,0
Joe Biden,74,Barack Obama Elizabeth Warren,0
Joe Biden,74,Barack Obama George W. Bush,0
Joe Biden,74,Barack Obama Hillary Clinton,0
Joe Biden,74,Barack Obama Richard Nixon,1
Joe Biden,74,Barack Obama Ronald Reagan,0
Joe Biden,74,Bernie Sanders Donald Trump,0
Joe Biden,74,Bernie Sanders Elizabeth Warren,0
Joe Biden,74,Bernie Sanders George W. Bush,0
Joe Biden,74,Bernie Sanders Hillary Clinton,0
Joe Biden,74,Bernie Sanders Richard Nixon,1
Joe Biden,74,Bernie Sanders Ronald Reagan,0
Joe Biden,74,Donald Trump Elizabeth Warren,0
Joe Biden,74,Donald Trump George W. Bush,0
Joe Biden,74,Donald Trump Hillary Clinton,0
Joe Biden,74,Donald Trump Ronald Reagan,0
Joe Biden,74,Elizabeth Warren George W. Bush,0
Joe Biden,74,Elizabeth Warren Hillary Clinton,0
Joe Biden,74,Elizabeth Warren Richard Nixon,0
Joe Biden,74,Elizabeth Warren Ronald Reagan,0
Joe Biden,74,George W. Bush Hillary Clinton,0
Joe Biden,74,George W. Bush Richard Nixon,0
Joe Biden,74,George W. Bush Ronald Reagan,0
Joe Biden,74,Hillary Clinton Richard Nixon,0
Joe Biden,74,Hillary Clinton Ronald Reagan,0
Joe Biden,74,Richard Nixon Ronald Reagan,0
Ronald Reagan,75,Abraham Lincoln Barack Obama,0
Ronald Reagan,75,Abraham Lincoln Bernie Sanders,0
Ronald Reagan,75,Abraham Lincoln Donald Trump,0
Ronald Reagan,75,Abraham Lincoln Elizabeth Warren,0
Ronald Reagan,75,Abraham Lincoln George W. Bush,0
Ronald Reagan,75,Abraham Lincoln Hillary Clinton,0
Ronald Reagan,75,Abraham Lincoln Joe Biden,0
Ronald Reagan,75,Abraham Lincoln Richard Nixon,0
Ronald Reagan,75,Barack Obama Bernie Sanders,0
Ronald Reagan,75,Barack Obama Donald Trump,1
Ronald Reagan,75,Barack Obama Elizabeth Warren,0
Ronald Reagan,75,Barack Obama George W. Bush,0
Ronald Reagan,75,Barack Obama Hillary Clinton,0
Ronald Reagan,75,Barack Obama Joe Biden,0
Ronald Reagan,75,Barack Obama Richard Nixon,1
Ronald Reagan,75,Bernie Sanders Donald Trump,0
Ronald Reagan,75,Bernie Sanders Elizabeth Warren,0
Ronald Reagan,75,Bernie Sanders George W. Bush,0
Ronald Reagan,75,Bernie Sanders Hillary Clinton,0
Ronald Reagan,75,Bernie Sanders Joe Biden,0
Ronald Reagan,75,Bernie Sanders Richard Nixon,0
Ronald Reagan,75,Donald Trump George W. Bush,0
Ronald Reagan,75,Donald Trump Hillary Clinton,0
Ronald Reagan,75,Donald Trump Joe Biden,0
Ronald Reagan,75,Donald Trump Richard Nixon,0
Ronald Reagan,75,Elizabeth Warren Hillary Clinton,0
Ronald Reagan,75,Elizabeth Warren Joe Biden,0
Ronald Reagan,75,Elizabeth Warren Richard Nixon,0
Ronald Reagan,75,George W. Bush Hillary Clinton,0
Ronald Reagan,75,George W. Bush Joe Biden,0
Ronald Reagan,75,George W. Bush Richard Nixon,1
Ronald Reagan,75,Hillary Clinton Joe Biden,0
Ronald Reagan,75,Hillary Clinton Richard Nixon,0
Ronald Reagan,75,Joe Biden Richard Nixon,0
Richard Nixon,76,Abraham Lincoln Barack Obama,0
Richard Nixon,76,Abraham Lincoln Bernie Sanders,0
Richard Nixon,76,Abraham Lincoln Elizabeth Warren,0
Richard Nixon,76,Abraham Lincoln George W. Bush,0
Richard Nixon,76,Abraham Lincoln Hillary Clinton,0
Richard Nixon,76,Abraham Lincoln Joe Biden,0
Richard Nixon,76,Abraham Lincoln Ronald Reagan,0
Richard Nixon,76,Barack Obama Bernie Sanders,0
Richard Nixon,76,Barack Obama Donald Trump,1
Richard Nixon,76,Barack Obama Elizabeth Warren,0
Richard Nixon,76,Barack Obama George W. Bush,0
Richard Nixon,76,Barack Obama Hillary Clinton,1
Richard Nixon,76,Barack Obama Joe Biden,0
Richard Nixon,76,Barack Obama Ronald Reagan,0
Richard Nixon,76,Bernie Sanders Donald Trump,0
Richard Nixon,76,Bernie Sanders Elizabeth Warren,0
Richard Nixon,76,Bernie Sanders George W. Bush,0
Richard Nixon,76,Bernie Sanders Hillary Clinton,0
Richard Nixon,76,Bernie Sanders Joe Biden,0
Richard Nixon,76,Bernie Sanders Ronald Reagan,0
Richard Nixon,76,Donald Trump Elizabeth Warren,0
Richard Nixon,76,Donald Trump George W. Bush,0
Richard Nixon,76,Donald Trump Hillary Clinton,0
Richard Nixon,76,Donald Trump Joe Biden,0
Richard Nixon,76,Donald Trump Ronald Reagan,0
Richard Nixon,76,Elizabeth Warren George W. Bush,0
Richard Nixon,76,Elizabeth Warren Hillary Clinton,0
Richard Nixon,76,Elizabeth Warren Joe Biden,1
Richard Nixon,76,Elizabeth Warren Ronald Reagan,0
Richard Nixon,76,George W. Bush Hillary Clinton,0
Richard Nixon,76,George W. Bush Joe Biden,0
Richard Nixon,76,George W. Bush Ronald Reagan,1
Richard Nixon,76,Hillary Clinton Joe Biden,0
Richard Nixon,76,Hillary Clinton Ronald Reagan,0
Richard Nixon,77,Abraham Lincoln Barack Obama,0
Richard Nixon,77,Abraham Lincoln Bernie Sanders,0
Richard Nixon,77,Abraham Lincoln Donald Trump,0
Richard Nixon,77,Abraham Lincoln Elizabeth Warren,0
Richard Nixon,77,Abraham Lincoln George W. Bush,0
Richard Nixon,77,Abraham Lincoln Hillary Clinton,0
Richard Nixon,77,Abraham Lincoln Ronald Reagan,0
Richard Nixon,77,Barack Obama Bernie Sanders,0
Richard Nixon,77,Barack Obama Donald Trump,0
Richard Nixon,77,Barack Obama Elizabeth Warren,0
Richard Nixon,77,Barack Obama George W. Bush,0
Richard Nixon,77,Barack Obama Hillary Clinton,0
Richard Nixon,77,Barack Obama Joe Biden,0
Richard Nixon,77,Barack Obama Ronald Reagan,0
Richard Nixon,77,Bernie Sanders Donald Trump,0
Richard Nixon,77,Bernie Sanders Elizabeth Warren,0
Richard Nixon,77,Bernie Sanders George W. Bush,0
Richard Nixon,77,Bernie Sanders Hillary Clinton,1
Richard Nixon,77,Bernie Sanders Joe Biden,0
Richard Nixon,77,Bernie Sanders Ronald Reagan,0
Richard Nixon,77,Donald Trump Elizabeth Warren,0
Richard Nixon,77,Donald Trump George W. Bush,0
Richard Nixon,77,Donald Trump Hillary Clinton,0
Richard Nixon,77,Donald Trump Ronald Reagan,0
Richard Nixon,77,Elizabeth Warren George W. Bush,0
Richard Nixon,77,Elizabeth Warren Hillary Clinton,0
Richard Nixon,77,Elizabeth Warren Joe Biden,0
Richard Nixon,77,Elizabeth Warren Ronald Reagan,0
Richard Nixon,77,George W. Bush Hillary Clinton,0
Richard Nixon,77,George W. Bush Joe Biden,0
Richard Nixon,77,George W. Bush Ronald Reagan,0
Richard Nixon,77,Hillary Clinton Joe Biden,1
Richard Nixon,77,Hillary Clinton Ronald Reagan,0
Richard Nixon,77,Joe Biden Ronald Reagan,0
Abraham Lincoln,78,Barack Obama Bernie Sanders,0
Abraham Lincoln,78,Barack Obama Donald Trump,0
Abraham Lincoln,78,Barack Obama Elizabeth Warren,0
Abraham Lincoln,78,Barack Obama George W. Bush,0
Abraham Lincoln,78,Barack Obama Joe Biden,0
Abraham Lincoln,78,Barack Obama Ronald Reagan,0
Abraham Lincoln,78,Bernie Sanders Donald Trump,0
Abraham Lincoln,78,Bernie Sanders Elizabeth Warren,0
Abraham Lincoln,78,Bernie Sanders George W. Bush,0
Abraham Lincoln,78,Bernie Sanders Hillary Clinton,0
Abraham Lincoln,78,Bernie Sanders Joe Biden,0
Abraham Lincoln,78,Bernie Sanders Richard Nixon,0
Abraham Lincoln,78,Bernie Sanders Ronald Reagan,0
Abraham Lincoln,78,Donald Trump Elizabeth Warren,0
Abraham Lincoln,78,Donald Trump Hillary Clinton,0
Abraham Lincoln,78,Donald Trump Richard Nixon,0
Abraham Lincoln,78,Donald Trump Ronald Reagan,0
Abraham Lincoln,78,Elizabeth Warren George W. Bush,0
Abraham Lincoln,78,Elizabeth Warren Hillary Clinton,0
Abraham Lincoln,78,Elizabeth Warren Joe Biden,0
Abraham Lincoln,78,Elizabeth Warren Richard Nixon,0
Abraham Lincoln,78,Elizabeth Warren Ronald Reagan,0
Abraham Lincoln,78,George W. Bush Hillary Clinton,0
Abraham Lincoln,78,George W. Bush Joe Biden,0
Abraham Lincoln,78,George W. Bush Richard Nixon,0
Abraham Lincoln,78,George W. Bush Ronald Reagan,0
Abraham Lincoln,78,Hillary Clinton Joe Biden,0
Abraham Lincoln,78,Hillary Clinton Richard Nixon,0
Abraham Lincoln,78,Joe Biden Richard Nixon,0
Abraham Lincoln,78,Joe Biden Ronald Reagan,0
Abraham Lincoln,78,Richard Nixon Ronald Reagan,0
Richard Nixon,79,Abraham Lincoln Barack Obama,0
Richard Nixon,79,Abraham Lincoln Bernie Sanders,0
Richard Nixon,79,Abraham Lincoln Donald Trump,0
Richard Nixon,79,Abraham Lincoln Elizabeth Warren,0
Richard Nixon,79,Abraham Lincoln George W. Bush,0
Richard Nixon,79,Abraham Lincoln Hillary Clinton,0
Richard Nixon,79,Abraham Lincoln Joe Biden,0
Richard Nixon,79,Abraham Lincoln Ronald Reagan,0
Richard Nixon,79,Barack Obama Bernie Sanders,0
Richard Nixon,79,Barack Obama Donald Trump,0
Richard Nixon,79,Barack Obama Elizabeth Warren,0
Richard Nixon,79,Barack Obama Hillary Clinton,1
Richard Nixon,79,Barack Obama Joe Biden,0
Richard Nixon,79,Barack Obama Ronald Reagan,0
Richard Nixon,79,Bernie Sanders Donald Trump,0
Richard Nixon,79,Bernie Sanders Elizabeth Warren,0
Richard Nixon,79,Bernie Sanders George W. Bush,0
Richard Nixon,79,Bernie Sanders Hillary Clinton,0
Richard Nixon,79,Bernie Sanders Joe Biden,0
Richard Nixon,79,Bernie Sanders Ronald Reagan,0
Richard Nixon,79,Donald Trump Elizabeth Warren,0
Richard Nixon,79,Donald Trump George W. Bush,0
Richard Nixon,79,Donald Trump Joe Biden,0
Richard Nixon,79,Donald Trump Ronald Reagan,0
Richard Nixon,79,Elizabeth Warren George W. Bush,0
Richard Nixon,79,Elizabeth Warren Hillary Clinton,0
Richard Nixon,79,Elizabeth Warren Joe Biden,0
Richard Nixon,79,Elizabeth Warren Ronald Reagan,0
Richard Nixon,79,George W. Bush Hillary Clinton,0
Richard Nixon,79,George W. Bush Joe Biden,0
Richard Nixon,79,George W. Bush Ronald Reagan,0
Richard Nixon,79,Hillary Clinton Joe Biden,0
Richard Nixon,79,Hillary Clinton Ronald Reagan,1
Richard Nixon,79,Joe Biden Ronald Reagan,0
Hillary Clinton,80,Abraham Lincoln Barack Obama,0
Hillary Clinton,80,Abraham Lincoln Bernie Sanders,0
Hillary Clinton,80,Abraham Lincoln Donald Trump,0
Hillary Clinton,80,Abraham Lincoln Elizabeth Warren,0
Hillary Clinton,80,Abraham Lincoln George W. Bush,1
Hillary Clinton,80,Abraham Lincoln Joe Biden,0
Hillary Clinton,80,Abraham Lincoln Richard Nixon,0
Hillary Clinton,80,Abraham Lincoln Ronald Reagan,0
Hillary Clinton,80,Barack Obama Bernie Sanders,0
Hillary Clinton,80,Barack Obama Donald Trump,0
Hillary Clinton,80,Barack Obama Elizabeth Warren,0
Hillary Clinton,80,Barack Obama George W. Bush,0
Hillary Clinton,80,Barack Obama Richard Nixon,0
Hillary Clinton,80,Barack Obama Ronald Reagan,0
Hillary Clinton,80,Bernie Sanders Donald Trump,0
Hillary Clinton,80,Bernie Sanders Elizabeth Warren,1
Hillary Clinton,80,Bernie Sanders George W. Bush,0
Hillary Clinton,80,Bernie Sanders Joe Biden,0
Hillary Clinton,80,Bernie Sanders Richard Nixon,0
Hillary Clinton,80,Bernie Sanders Ronald Reagan,1
Hillary Clinton,80,Donald Trump Elizabeth Warren,1
Hillary Clinton,80,Donald Trump Joe Biden,0
Hillary Clinton,80,Donald Trump Richard Nixon,0
Hillary Clinton,80,Donald Trump Ronald Reagan,1
Hillary Clinton,80,Elizabeth Warren George W. Bush,0
Hillary Clinton,80,Elizabeth Warren Joe Biden,0
Hillary Clinton,80,Elizabeth Warren Richard Nixon,0
Hillary Clinton,80,Elizabeth Warren Ronald Reagan,1
Hillary Clinton,80,George W. Bush Joe Biden,0
Hillary Clinton,80,George W. Bush Richard Nixon,0
Hillary Clinton,80,George W. Bush Ronald Reagan,1
Hillary Clinton,80,Joe Biden Richard Nixon,0
Hillary Clinton,80,Joe Biden Ronald Reagan,0
Hillary Clinton,80,Richard Nixon Ronald Reagan,0
Richard Nixon,81,Abraham Lincoln Barack Obama,0
Richard Nixon,81,Abraham Lincoln Bernie Sanders,0
Richard Nixon,81,Abraham Lincoln Donald Trump,0
Richard Nixon,81,Abraham Lincoln Elizabeth Warren,0
Richard Nixon,81,Abraham Lincoln George W. Bush,0
Richard Nixon,81,Abraham Lincoln Hillary Clinton,0
Richard Nixon,81,Abraham Lincoln Joe Biden,0
Richard Nixon,81,Abraham Lincoln Ronald Reagan,0
Richard Nixon,81,Barack Obama Donald Trump,0
Richard Nixon,81,Barack Obama Elizabeth Warren,0
Richard Nixon,81,Barack Obama George W. Bush,0
Richard Nixon,81,Barack Obama Hillary Clinton,0
Richard Nixon,81,Barack Obama Joe Biden,0
Richard Nixon,81,Barack Obama Ronald Reagan,1
Richard Nixon,81,Bernie Sanders Donald Trump,0
Richard Nixon,81,Bernie Sanders Elizabeth Warren,0
Richard Nixon,81,Bernie Sanders Hillary Clinton,0
Richard Nixon,81,Bernie Sanders Joe Biden,1
Richard Nixon,81,Bernie Sanders Ronald Reagan,0
Richard Nixon,81,Donald Trump George W. Bush,0
Richard Nixon,81,Donald Trump Hillary Clinton,1
Richard Nixon,81,Donald Trump Joe Biden,0
Richard Nixon,81,Donald Trump Ronald Reagan,0
Richard Nixon,81,Elizabeth Warren George W. Bush,0
Richard Nixon,81,Elizabeth Warren Hillary Clinton,0
Richard Nixon,81,Elizabeth Warren Joe Biden,0
Richard Nixon,81,Elizabeth Warren Ronald Reagan,0
Richard Nixon,81,George W. Bush Hillary Clinton,1
Richard Nixon,81,George W. Bush Joe Biden,0
Richard Nixon,81,George W. Bush Ronald Reagan,0
Richard Nixon,81,Hillary Clinton Joe Biden,0
Richard Nixon,81,Hillary Clinton Ronald Reagan,0
Richard Nixon,81,Joe Biden Ronald Reagan,0
Joe Biden,82,Abraham Lincoln Barack Obama,0
Joe Biden,82,Abraham Lincoln Bernie Sanders,0
Joe Biden,82,Abraham Lincoln Donald Trump,0
Joe Biden,82,Abraham Lincoln Elizabeth Warren,0
Joe Biden,82,Abraham Lincoln George W. Bush,0
Joe Biden,82,Abraham Lincoln Richard Nixon,0
Joe Biden,82,Abraham Lincoln Ronald Reagan,0
Joe Biden,82,Barack Obama Bernie Sanders,0
Joe Biden,82,Barack Obama Donald Trump,0
Joe Biden,82,Barack Obama Elizabeth Warren,0
Joe Biden,82,Barack Obama George W. Bush,0
Joe Biden,82,Barack Obama Hillary Clinton,0
Joe Biden,82,Barack Obama Richard Nixon,0
Joe Biden,82,Barack Obama Ronald Reagan,0
Joe Biden,82,Bernie Sanders Donald Trump,0
Joe Biden,82,Bernie Sanders Elizabeth Warren,0
Joe Biden,82,Bernie Sanders George W. Bush,1
Joe Biden,82,Bernie Sanders Hillary Clinton,0
Joe Biden,82,Bernie Sanders Richard Nixon,0
Joe Biden,82,Bernie Sanders Ronald Reagan,0
Joe Biden,82,Donald Trump Elizabeth Warren,0
Joe Biden,82,Donald Trump George W. Bush,0
Joe Biden,82,Donald Trump Hillary Clinton,1
Joe Biden,82,Donald Trump Richard Nixon,0
Joe Biden,82,Donald Trump Ronald Reagan,0
Joe Biden,82,Elizabeth Warren George W. Bush,0
Joe Biden,82,Elizabeth Warren Hillary Clinton,0
Joe Biden,82,Elizabeth Warren Richard Nixon,0
Joe Biden,82,Elizabeth Warren Ronald Reagan,0
Joe Biden,82,George W. Bush Hillary Clinton,1
Joe Biden,82,George W. Bush Richard Nixon,0
Joe Biden,82,Hillary Clinton Richard Nixon,0
Joe Biden,82,Hillary Clinton Ronald Reagan,0
Joe Biden,82,Richard Nixon Ronald Reagan,0
Abraham Lincoln,83,Barack Obama Bernie Sanders,1
Abraham Lincoln,83,Barack Obama Donald Trump,0
Abraham Lincoln,83,Barack Obama Elizabeth Warren,0
Abraham Lincoln,83,Barack Obama George W. Bush,1
Abraham Lincoln,83,Barack Obama Hillary Clinton,0
Abraham Lincoln,83,Barack Obama Joe Biden,0
Abraham Lincoln,83,Barack Obama Richard Nixon,0
Abraham Lincoln,83,Barack Obama Ronald Reagan,0
Abraham Lincoln,83,Bernie Sanders Donald Trump,0
Abraham Lincoln,83,Bernie Sanders Elizabeth Warren,0
Abraham Lincoln,83,Bernie Sanders George W. Bush,0
Abraham Lincoln,83,Bernie Sanders Hillary Clinton,0
Abraham Lincoln,83,Bernie Sanders Joe Biden,0
Abraham Lincoln,83,Bernie Sanders Richard Nixon,0
Abraham Lincoln,83,Bernie Sanders Ronald Reagan,0
Abraham Lincoln,83,Donald Trump Elizabeth Warren,0
Abraham Lincoln,83,Donald Trump George W. Bush,0
Abraham Lincoln,83,Donald Trump Hillary Clinton,0
Abraham Lincoln,83,Donald Trump Joe Biden,0
Abraham Lincoln,83,Donald Trump Richard Nixon,0
Abraham Lincoln,83,Donald Trump Ronald Reagan,1
Abraham Lincoln,83,Elizabeth Warren George W. Bush,0
Abraham Lincoln,83,Elizabeth Warren Hillary Clinton,0
Abraham Lincoln,83,Elizabeth Warren Joe Biden,0
Abraham Lincoln,83,Elizabeth Warren Richard Nixon,0
Abraham Lincoln,83,Elizabeth Warren Ronald Reagan,0
Abraham Lincoln,83,George W. Bush Hillary Clinton,0
Abraham Lincoln,83,George W. Bush Joe Biden,0
Abraham Lincoln,83,George W. Bush Ronald Reagan,0
Abraham Lincoln,83,Hillary Clinton Joe Biden,0
Abraham Lincoln,83,Hillary Clinton Richard Nixon,0
Abraham Lincoln,83,Hillary Clinton Ronald Reagan,0
Abraham Lincoln,83,Joe Biden Richard Nixon,0
Abraham Lincoln,83,Joe Biden Ronald Reagan,0
Abraham Lincoln,83,Richard Nixon Ronald Reagan,0
Joe Biden,84,Abraham Lincoln Barack Obama,0
Joe Biden,84,Abraham Lincoln Bernie Sanders,0
Joe Biden,84,Abraham Lincoln Donald Trump,0
Joe Biden,84,Abraham Lincoln Elizabeth Warren,0
Joe Biden,84,Abraham Lincoln George W. Bush,0
Joe Biden,84,Abraham Lincoln Hillary Clinton,0
Joe Biden,84,Abraham Lincoln Richard Nixon,0
Joe Biden,84,Abraham Lincoln Ronald Reagan,0
Joe Biden,84,Barack Obama Bernie Sanders,0
Joe Biden,84,Barack Obama Donald Trump,0
Joe Biden,84,Barack Obama Elizabeth Warren,0
Joe Biden,84,Barack Obama Richard Nixon,0
Joe Biden,84,Barack Obama Ronald Reagan,0
Joe Biden,84,Bernie Sanders Donald Trump,0
Joe Biden,84,Bernie Sanders Elizabeth Warren,0
Joe Biden,84,Bernie Sanders George W. Bush,0
Joe Biden,84,Bernie Sanders Hillary Clinton,0
Joe Biden,84,Bernie Sanders Richard Nixon,0
Joe Biden,84,Bernie Sanders Ronald Reagan,0
Joe Biden,84,Donald Trump George W. Bush,0
Joe Biden,84,Donald Trump Hillary Clinton,0
Joe Biden,84,Donald Trump Richard Nixon,0
Joe Biden,84,Donald Trump Ronald Reagan,0
Joe Biden,84,Elizabeth Warren George W. Bush,0
Joe Biden,84,Elizabeth Warren Hillary Clinton,0
Joe Biden,84,Elizabeth Warren Richard Nixon,0
Joe Biden,84,Elizabeth Warren Ronald Reagan,0
Joe Biden,84,George W. Bush Hillary Clinton,0
Joe Biden,84,George W. Bush Richard Nixon,1
Joe Biden,84,George W. Bush Ronald Reagan,1
Joe Biden,84,Hillary Clinton Richard Nixon,0
Joe Biden,84,Hillary Clinton Ronald Reagan,0
Joe Biden,84,Richard Nixon Ronald Reagan,0
Joe Biden,85,Abraham Lincoln Barack Obama,0
Joe Biden,85,Abraham Lincoln Bernie Sanders,0
Joe Biden,85,Abraham Lincoln Donald Trump,0
Joe Biden,85,Abraham Lincoln Elizabeth Warren,0
Joe Biden,85,Abraham Lincoln George W. Bush,0
Joe Biden,85,Abraham Lincoln Hillary Clinton,0
Joe Biden,85,Abraham Lincoln Richard Nixon,0
Joe Biden,85,Abraham Lincoln Ronald Reagan,0
Joe Biden,85,Barack Obama Donald Trump,0
Joe Biden,85,Barack Obama Elizabeth Warren,0
Joe Biden,85,Barack Obama Hillary Clinton,0
Joe Biden,85,Barack Obama Richard Nixon,0
Joe Biden,85,Barack Obama Ronald Reagan,0
Joe Biden,85,Bernie Sanders Donald Trump,0
Joe Biden,85,Bernie Sanders Elizabeth Warren,0
Joe Biden,85,Bernie Sanders George W. Bush,0
Joe Biden,85,Bernie Sanders Hillary Clinton,0
Joe Biden,85,Bernie Sanders Richard Nixon,0
Joe Biden,85,Bernie Sanders Ronald Reagan,0
Joe Biden,85,Donald Trump Hillary Clinton,0
Joe Biden,85,Donald Trump Richard Nixon,0
Joe Biden,85,Donald Trump Ronald Reagan,0
Joe Biden,85,Elizabeth Warren George W. Bush,0
Joe Biden,85,Elizabeth Warren Hillary Clinton,0
Joe Biden,85,Elizabeth Warren Richard Nixon,0
Joe Biden,85,Elizabeth Warren Ronald Reagan,0
Joe Biden,85,George W. Bush Hillary Clinton,1
Joe Biden,85,George W. Bush Ronald Reagan,0
Joe Biden,85,Hillary Clinton Richard Nixon,1
Joe Biden,85,Hillary Clinton Ronald Reagan,0
Joe Biden,85,Richard Nixon Ronald Reagan,0
Bernie Sanders,86,Abraham Lincoln Barack Obama,0
Bernie Sanders,86,Abraham Lincoln Donald Trump,0
Bernie Sanders,86,Abraham Lincoln George W. Bush,0
Bernie Sanders,86,Abraham Lincoln Hillary Clinton,0
Bernie Sanders,86,Abraham Lincoln Joe Biden,0
Bernie Sanders,86,Abraham Lincoln Richard Nixon,0
Bernie Sanders,86,Abraham Lincoln Ronald Reagan,0
Bernie Sanders,86,Barack Obama Donald Trump,0
Bernie Sanders,86,Barack Obama Elizabeth Warren,0
Bernie Sanders,86,Barack Obama George W. Bush,0
Bernie Sanders,86,Barack Obama Hillary Clinton,0
Bernie Sanders,86,Barack Obama Joe Biden,0
Bernie Sanders,86,Barack Obama Richard Nixon,0
Bernie Sanders,86,Barack Obama Ronald Reagan,0
Bernie Sanders,86,Donald Trump Elizabeth Warren,0
Bernie Sanders,86,Donald Trump George W. Bush,0
Bernie Sanders,86,Donald Trump Hillary Clinton,0
Bernie Sanders,86,Donald Trump Joe Biden,0
Bernie Sanders,86,Donald Trump Richard Nixon,0
Bernie Sanders,86,Donald Trump Ronald Reagan,0
Bernie Sanders,86,Elizabeth Warren George W. Bush,0
Bernie Sanders,86,Elizabeth Warren Hillary Clinton,0
Bernie Sanders,86,Elizabeth Warren Joe Biden,0
Bernie Sanders,86,Elizabeth Warren Richard Nixon,0
Bernie Sanders,86,Elizabeth Warren Ronald Reagan,0
Bernie Sanders,86,George W. Bush Hillary Clinton,0
Bernie Sanders,86,George W. Bush Joe Biden,0
Bernie Sanders,86,George W. Bush Richard Nixon,0
Bernie Sanders,86,George W. Bush Ronald Reagan,1
Bernie Sanders,86,Hillary Clinton Joe Biden,0
Bernie Sanders,86,Hillary Clinton Richard Nixon,0
Bernie Sanders,86,Hillary Clinton Ronald Reagan,0
Bernie Sanders,86,Joe Biden Richard Nixon,0
Bernie Sanders,86,Richard Nixon Ronald Reagan,1
Abraham Lincoln,87,Barack Obama Bernie Sanders,0
Abraham Lincoln,87,Barack Obama Elizabeth Warren,0
Abraham Lincoln,87,Barack Obama Hillary Clinton,0
Abraham Lincoln,87,Barack Obama Joe Biden,1
Abraham Lincoln,87,Barack Obama Ronald Reagan,0
Abraham Lincoln,87,Bernie Sanders Donald Trump,0
Abraham Lincoln,87,Bernie Sanders Elizabeth Warren,0
Abraham Lincoln,87,Bernie Sanders George W. Bush,1
Abraham Lincoln,87,Bernie Sanders Hillary Clinton,0
Abraham Lincoln,87,Bernie Sanders Joe Biden,0
Abraham Lincoln,87,Bernie Sanders Richard Nixon,0
Abraham Lincoln,87,Bernie Sanders Ronald Reagan,0
Abraham Lincoln,87,Donald Trump Elizabeth Warren,0
Abraham Lincoln,87,Donald Trump George W. Bush,0
Abraham Lincoln,87,Donald Trump Joe Biden,1
Abraham Lincoln,87,Donald Trump Richard Nixon,0
Abraham Lincoln,87,Donald Trump Ronald Reagan,0
Abraham Lincoln,87,Elizabeth Warren George W. Bush,0
Abraham Lincoln,87,Elizabeth Warren Hillary Clinton,0
Abraham Lincoln,87,Elizabeth Warren Joe Biden,0
Abraham Lincoln,87,Elizabeth Warren Richard Nixon,0
Abraham Lincoln,87,Elizabeth Warren Ronald Reagan,0
Abraham Lincoln,87,George W. Bush Hillary Clinton,0
Abraham Lincoln,87,George W. Bush Joe Biden,0
Abraham Lincoln,87,George W. Bush Richard Nixon,0
Abraham Lincoln,87,George W. Bush Ronald Reagan,1
Abraham Lincoln,87,Hillary Clinton Joe Biden,0
Abraham Lincoln,87,Hillary Clinton Richard Nixon,0
Abraham Lincoln,87,Hillary Clinton Ronald Reagan,0
Abraham Lincoln,87,Joe Biden Richard Nixon,0
Abraham Lincoln,87,Richard Nixon Ronald Reagan,0
Joe Biden,88,Abraham Lincoln Barack Obama,0
Joe Biden,88,Abraham Lincoln Bernie Sanders,0
Joe Biden,88,Abraham Lincoln Donald Trump,0
Joe Biden,88,Abraham Lincoln Elizabeth Warren,0
Joe Biden,88,Abraham Lincoln George W. Bush,0
Joe Biden,88,Abraham Lincoln Hillary Clinton,0
Joe Biden,88,Abraham Lincoln Richard Nixon,0
Joe Biden,88,Abraham Lincoln Ronald Reagan,0
Joe Biden,88,Barack Obama Bernie Sanders,0
Joe Biden,88,Barack Obama Donald Trump,0
Joe Biden,88,Barack Obama Elizabeth Warren,1
Joe Biden,88,Barack Obama Hillary Clinton,0
Joe Biden,88,Barack Obama Richard Nixon,0
Joe Biden,88,Barack Obama Ronald Reagan,0
Joe Biden,88,Bernie Sanders Donald Trump,0
Joe Biden,88,Bernie Sanders Elizabeth Warren,0
Joe Biden,88,Bernie Sanders George W. Bush,0
Joe Biden,88,Bernie Sanders Hillary Clinton,0
Joe Biden,88,Bernie Sanders Richard Nixon,0
Joe Biden,88,Bernie Sanders Ronald Reagan,0
Joe Biden,88,Donald Trump Elizabeth Warren,0
Joe Biden,88,Donald Trump Hillary Clinton,0
Joe Biden,88,Donald Trump Richard Nixon,0
Joe Biden,88,Donald Trump Ronald Reagan,0
Joe Biden,88,Elizabeth Warren George W. Bush,0
Joe Biden,88,Elizabeth Warren Hillary Clinton,0
Joe Biden,88,Elizabeth Warren Richard Nixon,0
Joe Biden,88,Elizabeth Warren Ronald Reagan,0
Joe Biden,88,George W. Bush Hillary Clinton,0
Joe Biden,88,George W. Bush Richard Nixon,0
Joe Biden,88,George W. Bush Ronald Reagan,0
Joe Biden,88,Hillary Clinton Richard Nixon,0
Joe Biden,88,Hillary Clinton Ronald Reagan,0
Joe Biden,88,Richard Nixon Ronald Reagan,0
Bernie Sanders,89,Abraham Lincoln Barack Obama,0
Bernie Sanders,89,Abraham Lincoln Donald Trump,0
Bernie Sanders,89,Abraham Lincoln Elizabeth Warren,0
Bernie Sanders,89,Abraham Lincoln George W. Bush,0
Bernie Sanders,89,Abraham Lincoln Hillary Clinton,0
Bernie Sanders,89,Abraham Lincoln Joe Biden,0
Bernie Sanders,89,Abraham Lincoln Richard Nixon,0
Bernie Sanders,89,Abraham Lincoln Ronald Reagan,0
Bernie Sanders,89,Barack Obama Donald Trump,0
Bernie Sanders,89,Barack Obama Elizabeth Warren,0
Bernie Sanders,89,Barack Obama George W. Bush,1
Bernie Sanders,89,Barack Obama Joe Biden,0
Bernie Sanders,89,Donald Trump Elizabeth Warren,0
Bernie Sanders,89,Donald Trump George W. Bush,0
Bernie Sanders,89,Donald Trump Hillary Clinton,0
Bernie Sanders,89,Donald Trump Joe Biden,0
Bernie Sanders,89,Donald Trump Richard Nixon,0
Bernie Sanders,89,Donald Trump Ronald Reagan,0
Bernie Sanders,89,Elizabeth Warren George W. Bush,0
Bernie Sanders,89,Elizabeth Warren Hillary Clinton,0
Bernie Sanders,89,Elizabeth Warren Joe Biden,0
Bernie Sanders,89,Elizabeth Warren Richard Nixon,0
Bernie Sanders,89,Elizabeth Warren Ronald Reagan,0
Bernie Sanders,89,George W. Bush Hillary Clinton,0
Bernie Sanders,89,George W. Bush Joe Biden,0
Bernie Sanders,89,George W. Bush Richard Nixon,0
Bernie Sanders,89,George W. Bush Ronald Reagan,1
Bernie Sanders,89,Hillary Clinton Joe Biden,0
Bernie Sanders,89,Hillary Clinton Richard Nixon,0
Bernie Sanders,89,Hillary Clinton Ronald Reagan,0
Bernie Sanders,89,Joe Biden Richard Nixon,0
Bernie Sanders,89,Joe Biden Ronald Reagan,0
Bernie Sanders,89,Richard Nixon Ronald Reagan,0
Bernie Sanders,90,Abraham Lincoln Barack Obama,0
Bernie Sanders,90,Abraham Lincoln Donald Trump,0
Bernie Sanders,90,Abraham Lincoln Elizabeth Warren,0
Bernie Sanders,90,Abraham Lincoln Hillary Clinton,0
Bernie Sanders,90,Abraham Lincoln Joe Biden,0
Bernie Sanders,90,Abraham Lincoln Richard Nixon,0
Bernie Sanders,90,Abraham Lincoln Ronald Reagan,0
Bernie Sanders,90,Barack Obama Donald Trump,0
Bernie Sanders,90,Barack Obama Elizabeth Warren,0
Bernie Sanders,90,Barack Obama George W. Bush,0
Bernie Sanders,90,Barack Obama Hillary Clinton,0
Bernie Sanders,90,Barack Obama Joe Biden,0
Bernie Sanders,90,Barack Obama Richard Nixon,0
Bernie Sanders,90,Barack Obama Ronald Reagan,0
Bernie Sanders,90,Donald Trump Elizabeth Warren,0
Bernie Sanders,90,Donald Trump George W. Bush,0
Bernie Sanders,90,Donald Trump Hillary Clinton,0
Bernie Sanders,90,Donald Trump Joe Biden,0
Bernie Sanders,90,Donald Trump Richard Nixon,0
Bernie Sanders,90,Donald Trump Ronald Reagan,0
Bernie Sanders,90,Elizabeth Warren George W. Bush,0
Bernie Sanders,90,Elizabeth Warren Hillary Clinton,0
Bernie Sanders,90,Elizabeth Warren Joe Biden,0
Bernie Sanders,90,Elizabeth Warren Richard Nixon,0
Bernie Sanders,90,Elizabeth Warren Ronald Reagan,0
Bernie Sanders,90,George W. Bush Hillary Clinton,0
Bernie Sanders,90,George W. Bush Joe Biden,0
Bernie Sanders,90,George W. Bush Richard Nixon,0
Bernie Sanders,90,George W. Bush Ronald Reagan,0
Bernie Sanders,90,Hillary Clinton Joe Biden,0
Bernie Sanders,90,Hillary Clinton Richard Nixon,0
Bernie Sanders,90,Hillary Clinton Ronald Reagan,0
Bernie Sanders,90,Joe Biden Richard Nixon,0
Bernie Sanders,90,Joe Biden Ronald Reagan,0
Bernie Sanders,90,Richard Nixon Ronald Reagan,0
Abraham Lincoln,91,Barack Obama Bernie Sanders,1
Abraham Lincoln,91,Barack Obama Donald Trump,0
Abraham Lincoln,91,Barack Obama Elizabeth Warren,0
Abraham Lincoln,91,Barack Obama George W. Bush,0
Abraham Lincoln,91,Barack Obama Joe Biden,0
Abraham Lincoln,91,Barack Obama Richard Nixon,0
Abraham Lincoln,91,Barack Obama Ronald Reagan,0
Abraham Lincoln,91,Bernie Sanders Donald Trump,0
Abraham Lincoln,91,Bernie Sanders Elizabeth Warren,0
Abraham Lincoln,91,Bernie Sanders George W. Bush,0
Abraham Lincoln,91,Bernie Sanders Hillary Clinton,0
Abraham Lincoln,91,Bernie Sanders Joe Biden,0
Abraham Lincoln,91,Bernie Sanders Richard Nixon,0
Abraham Lincoln,91,Bernie Sanders Ronald Reagan,0
Abraham Lincoln,91,Donald Trump Elizabeth Warren,0
Abraham Lincoln,91,Donald Trump Hillary Clinton,0
Abraham Lincoln,91,Donald Trump Joe Biden,0
Abraham Lincoln,91,Donald Trump Richard Nixon,0
Abraham Lincoln,91,Donald Trump Ronald Reagan,0
Abraham Lincoln,91,Elizabeth Warren George W. Bush,0
Abraham Lincoln,91,Elizabeth Warren Hillary Clinton,0
Abraham Lincoln,91,Elizabeth Warren Joe Biden,0
Abraham Lincoln,91,Elizabeth Warren Richard Nixon,0
Abraham Lincoln,91,Elizabeth Warren Ronald Reagan,0
Abraham Lincoln,91,George W. Bush Hillary Clinton,0
Abraham Lincoln,91,George W. Bush Joe Biden,0
Abraham Lincoln,91,George W. Bush Richard Nixon,0
Abraham Lincoln,91,George W. Bush Ronald Reagan,0
Abraham Lincoln,91,Hillary Clinton Joe Biden,0
Abraham Lincoln,91,Hillary Clinton Richard Nixon,0
Abraham Lincoln,91,Hillary Clinton Ronald Reagan,0
Abraham Lincoln,91,Joe Biden Ronald Reagan,1
Abraham Lincoln,91,Richard Nixon Ronald Reagan,0
Elizabeth Warren,92,Abraham Lincoln Barack Obama,0
Elizabeth Warren,92,Abraham Lincoln Bernie Sanders,0
Elizabeth Warren,92,Abraham Lincoln Donald Trump,0
Elizabeth Warren,92,Abraham Lincoln George W. Bush,0
Elizabeth Warren,92,Abraham Lincoln Hillary Clinton,0
Elizabeth Warren,92,Abraham Lincoln Joe Biden,0
Elizabeth Warren,92,Abraham Lincoln Richard Nixon,0
Elizabeth Warren,92,Barack Obama Bernie Sanders,0
Elizabeth Warren,92,Barack Obama Donald Trump,0
Elizabeth Warren,92,Barack Obama George W. Bush,0
Elizabeth Warren,92,Barack Obama Hillary Clinton,0
Elizabeth Warren,92,Barack Obama Joe Biden,0
Elizabeth Warren,92,Barack Obama Ronald Reagan,0
Elizabeth Warren,92,Bernie Sanders Donald Trump,0
Elizabeth Warren,92,Bernie Sanders George W. Bush,0
Elizabeth Warren,92,Bernie Sanders Hillary Clinton,0
Elizabeth Warren,92,Bernie Sanders Joe Biden,0
Elizabeth Warren,92,Bernie Sanders Richard Nixon,0
Elizabeth Warren,92,Bernie Sanders Ronald Reagan,0
Elizabeth Warren,92,Donald Trump George W. Bush,0
Elizabeth Warren,92,Donald Trump Hillary Clinton,0
Elizabeth Warren,92,Donald Trump Richard Nixon,0
Elizabeth Warren,92,Donald Trump Ronald Reagan,0
Elizabeth Warren,92,George W. Bush Hillary Clinton,0
Elizabeth Warren,92,George W. Bush Joe Biden,0
Elizabeth Warren,92,George W. Bush Richard Nixon,1
Elizabeth Warren,92,George W. Bush Ronald Reagan,0
Elizabeth Warren,92,Hillary Clinton Joe Biden,1
Elizabeth Warren,92,Hillary Clinton Richard Nixon,0
Elizabeth Warren,92,Hillary Clinton Ronald Reagan,0
Elizabeth Warren,92,Joe Biden Ronald Reagan,1
Elizabeth Warren,92,Richard Nixon Ronald Reagan,0
Ronald Reagan,93,Abraham Lincoln Barack Obama,0
Ronald Reagan,93,Abraham Lincoln Bernie Sanders,0
Ronald Reagan,93,Abraham Lincoln Donald Trump,0
Ronald Reagan,93,Abraham Lincoln Elizabeth Warren,0
Ronald Reagan,93,Abraham Lincoln George W. Bush,1
Ronald Reagan,93,Abraham Lincoln Hillary Clinton,0
Ronald Reagan,93,Abraham Lincoln Joe Biden,0
Ronald Reagan,93,Abraham Lincoln Richard Nixon,0
Ronald Reagan,93,Barack Obama Bernie Sanders,0
Ronald Reagan,93,Barack Obama Donald Trump,0
Ronald Reagan,93,Barack Obama George W. Bush,0
Ronald Reagan,93,Barack Obama Hillary Clinton,0
Ronald Reagan,93,Barack Obama Joe Biden,0
Ronald Reagan,93,Barack Obama Richard Nixon,1
Ronald Reagan,93,Bernie Sanders Elizabeth Warren,0
Ronald Reagan,93,Bernie Sanders George W. Bush,0
Ronald Reagan,93,Bernie Sanders Hillary Clinton,0
Ronald Reagan,93,Bernie Sanders Joe Biden,0
Ronald Reagan,93,Bernie Sanders Richard Nixon,0
Ronald Reagan,93,Donald Trump Elizabeth Warren,0
Ronald Reagan,93,Donald Trump George W. Bush,0
Ronald Reagan,93,Donald Trump Hillary Clinton,0
Ronald Reagan,93,Donald Trump Joe Biden,0
Ronald Reagan,93,Donald Trump Richard Nixon,0
Ronald Reagan,93,Elizabeth Warren George W. Bush,0
Ronald Reagan,93,Elizabeth Warren Hillary Clinton,0
Ronald Reagan,93,Elizabeth Warren Joe Biden,0
Ronald Reagan,93,Elizabeth Warren Richard Nixon,0
Ronald Reagan,93,George W. Bush Hillary Clinton,0
Ronald Reagan,93,George W. Bush Joe Biden,0
Ronald Reagan,93,George W. Bush Richard Nixon,0
Ronald Reagan,93,Hillary Clinton Joe Biden,1
Ronald Reagan,93,Hillary Clinton Richard Nixon,0
Ronald Reagan,93,Joe Biden Richard Nixon,0
Hillary Clinton,94,Abraham Lincoln Barack Obama,0
Hillary Clinton,94,Abraham Lincoln Bernie Sanders,0
Hillary Clinton,94,Abraham Lincoln Donald Trump,0
Hillary Clinton,94,Abraham Lincoln Elizabeth Warren,1
Hillary Clinton,94,Abraham Lincoln George W. Bush,0
Hillary Clinton,94,Abraham Lincoln Joe Biden,0
Hillary Clinton,94,Abraham Lincoln Richard Nixon,0
Hillary Clinton,94,Abraham Lincoln Ronald Reagan,0
Hillary Clinton,94,Barack Obama Bernie Sanders,0
Hillary Clinton,94,Barack Obama Elizabeth Warren,0
Hillary Clinton,94,Barack Obama George W. Bush,0
Hillary Clinton,94,Barack Obama Joe Biden,1
Hillary Clinton,94,Barack Obama Richard Nixon,1
Hillary Clinton,94,Barack Obama Ronald Reagan,0
Hillary Clinton,94,Bernie Sanders Donald Trump,0
Hillary Clinton,94,Bernie Sanders Elizabeth Warren,0
Hillary Clinton,94,Bernie Sanders George W. Bush,0
Hillary Clinton,94,Bernie Sanders Joe Biden,0
Hillary Clinton,94,Bernie Sanders Richard Nixon,1
Hillary Clinton,94,Bernie Sanders Ronald Reagan,0
Hillary Clinton,94,Donald Trump Elizabeth Warren,0
Hillary Clinton,94,Donald Trump George W. Bush,0
Hillary Clinton,94,Donald Trump Richard Nixon,0
Hillary Clinton,94,Donald Trump Ronald Reagan,0
Hillary Clinton,94,Elizabeth Warren George W. Bush,0
Hillary Clinton,94,Elizabeth Warren Joe Biden,0
Hillary Clinton,94,Elizabeth Warren Richard Nixon,0
Hillary Clinton,94,Elizabeth Warren Ronald Reagan,0
Hillary Clinton,94,George W. Bush Joe Biden,0
Hillary Clinton,94,George W. Bush Richard Nixon,0
Hillary Clinton,94,George W. Bush Ronald Reagan,1
Hillary Clinton,94,Joe Biden Richard Nixon,0
Hillary Clinton,94,Joe Biden Ronald Reagan,0
Hillary Clinton,94,Richard Nixon Ronald Reagan,0
Ronald Reagan,95,Abraham Lincoln Barack Obama,0
Ronald Reagan,95,Abraham Lincoln Bernie Sanders,0
Ronald Reagan,95,Abraham Lincoln Donald Trump,0
Ronald Reagan,95,Abraham Lincoln Elizabeth Warren,0
Ronald Reagan,95,Abraham Lincoln George W. Bush,1
Ronald Reagan,95,Abraham Lincoln Hillary Clinton,0
Ronald Reagan,95,Abraham Lincoln Joe Biden,0
Ronald Reagan,95,Abraham Lincoln Richard Nixon,0
Ronald Reagan,95,Barack Obama Bernie Sanders,0
Ronald Reagan,95,Barack Obama Donald Trump,0
Ronald Reagan,95,Barack Obama Elizabeth Warren,0
Ronald Reagan,95,Barack Obama George W. Bush,0
Ronald Reagan,95,Barack Obama Hillary Clinton,0
Ronald Reagan,95,Bernie Sanders Donald Trump,0
Ronald Reagan,95,Bernie Sanders Elizabeth Warren,0
Ronald Reagan,95,Bernie Sanders George W. Bush,1
Ronald Reagan,95,Bernie Sanders Hillary Clinton,0
Ronald Reagan,95,Bernie Sanders Joe Biden,0
Ronald Reagan,95,Bernie Sanders Richard Nixon,1
Ronald Reagan,95,Donald Trump Elizabeth Warren,1
Ronald Reagan,95,Donald Trump Joe Biden,0
Ronald Reagan,95,Donald Trump Richard Nixon,0
Ronald Reagan,95,Elizabeth Warren George W. Bush,0
Ronald Reagan,95,Elizabeth Warren Hillary Clinton,0
Ronald Reagan,95,Elizabeth Warren Joe Biden,0
Ronald Reagan,95,Elizabeth Warren Richard Nixon,0
Ronald Reagan,95,George W. Bush Joe Biden,0
Ronald Reagan,95,George W. Bush Richard Nixon,0
Ronald Reagan,95,Hillary Clinton Joe Biden,0
Ronald Reagan,95,Hillary Clinton Richard Nixon,0
Ronald Reagan,95,Joe Biden Richard Nixon,0
Richard Nixon,96,Abraham Lincoln Barack Obama,0
Richard Nixon,96,Abraham Lincoln Bernie Sanders,0
Richard Nixon,96,Abraham Lincoln Donald Trump,0
Richard Nixon,96,Abraham Lincoln Elizabeth Warren,0
Richard Nixon,96,Abraham Lincoln George W. Bush,0
Richard Nixon,96,Abraham Lincoln Hillary Clinton,0
Richard Nixon,96,Abraham Lincoln Joe Biden,0
Richard Nixon,96,Abraham Lincoln Ronald Reagan,0
Richard Nixon,96,Barack Obama Bernie Sanders,0
Richard Nixon,96,Barack Obama Donald Trump,0
Richard Nixon,96,Barack Obama Hillary Clinton,0
Richard Nixon,96,Barack Obama Joe Biden,0
Richard Nixon,96,Barack Obama Ronald Reagan,0
Richard Nixon,96,Bernie Sanders Donald Trump,0
Richard Nixon,96,Bernie Sanders Elizabeth Warren,0
Richard Nixon,96,Bernie Sanders George W. Bush,0
Richard Nixon,96,Bernie Sanders Hillary Clinton,0
Richard Nixon,96,Bernie Sanders Joe Biden,0
Richard Nixon,96,Bernie Sanders Ronald Reagan,0
Richard Nixon,96,Donald Trump Elizabeth Warren,0
Richard Nixon,96,Donald Trump George W. Bush,1
Richard Nixon,96,Donald Trump Hillary Clinton,0
Richard Nixon,96,Donald Trump Joe Biden,0
Richard Nixon,96,Donald Trump Ronald Reagan,0
Richard Nixon,96,Elizabeth Warren George W. Bush,0
Richard Nixon,96,Elizabeth Warren Hillary Clinton,1
Richard Nixon,96,Elizabeth Warren Joe Biden,0
Richard Nixon,96,Elizabeth Warren Ronald Reagan,0
Richard Nixon,96,George W. Bush Joe Biden,0
Richard Nixon,96,George W. Bush Ronald Reagan,0
Richard Nixon,96,Hillary Clinton Joe Biden,0
Richard Nixon,96,Hillary Clinton Ronald Reagan,0
Richard Nixon,96,Joe Biden Ronald Reagan,1
Hillary Clinton,97,Abraham Lincoln Barack Obama,0
Hillary Clinton,97,Abraham Lincoln Bernie Sanders,0
Hillary Clinton,97,Abraham Lincoln Donald Trump,0
Hillary Clinton,97,Abraham Lincoln Elizabeth Warren,0
Hillary Clinton,97,Abraham Lincoln George W. Bush,0
Hillary Clinton,97,Abraham Lincoln Joe Biden,0
Hillary Clinton,97,Abraham Lincoln Richard Nixon,0
Hillary Clinton,97,Abraham Lincoln Ronald Reagan,0
Hillary Clinton,97,Barack Obama Bernie Sanders,0
Hillary Clinton,97,Barack Obama Donald Trump,0
Hillary Clinton,97,Barack Obama Elizabeth Warren,1
Hillary Clinton,97,Barack Obama George W. Bush,0
Hillary Clinton,97,Barack Obama Richard Nixon,0
Hillary Clinton,97,Bernie Sanders Donald Trump,0
Hillary Clinton,97,Bernie Sanders Elizabeth Warren,0
Hillary Clinton,97,Bernie Sanders George W. Bush,0
Hillary Clinton,97,Bernie Sanders Joe Biden,1
Hillary Clinton,97,Bernie Sanders Richard Nixon,1
Hillary Clinton,97,Bernie Sanders Ronald Reagan,0
Hillary Clinton,97,Donald Trump Elizabeth Warren,0
Hillary Clinton,97,Donald Trump George W. Bush,0
Hillary Clinton,97,Donald Trump Joe Biden,0
Hillary Clinton,97,Donald Trump Richard Nixon,1
Hillary Clinton,97,Elizabeth Warren George W. Bush,0
Hillary Clinton,97,Elizabeth Warren Joe Biden,0
Hillary Clinton,97,Elizabeth Warren Richard Nixon,0
Hillary Clinton,97,Elizabeth Warren Ronald Reagan,0
Hillary Clinton,97,George W. Bush Joe Biden,0
Hillary Clinton,97,George W. Bush Richard Nixon,0
Hillary Clinton,97,George W. Bush Ronald Reagan,1
Hillary Clinton,97,Joe Biden Richard Nixon,0
Hillary Clinton,97,Joe Biden Ronald Reagan,0
Hillary Clinton,97,Richard Nixon Ronald Reagan,0
Richard Nixon,98,Abraham Lincoln Barack Obama,0
Richard Nixon,98,Abraham Lincoln Bernie Sanders,0
Richard Nixon,98,Abraham Lincoln Donald Trump,0
Richard Nixon,98,Abraham Lincoln Elizabeth Warren,0
Richard Nixon,98,Abraham Lincoln George W. Bush,0
Richard Nixon,98,Abraham Lincoln Joe Biden,0
Richard Nixon,98,Abraham Lincoln Ronald Reagan,0
Richard Nixon,98,Barack Obama Bernie Sanders,0
Richard Nixon,98,Barack Obama Donald Trump,1
Richard Nixon,98,Barack Obama Elizabeth Warren,0
Richard Nixon,98,Barack Obama George W. Bush,0
Richard Nixon,98,Barack Obama Hillary Clinton,0
Richard Nixon,98,Barack Obama Joe Biden,0
Richard Nixon,98,Barack Obama Ronald Reagan,0
Richard Nixon,98,Bernie Sanders Donald Trump,0
Richard Nixon,98,Bernie Sanders Elizabeth Warren,0
Richard Nixon,98,Bernie Sanders George W. Bush,0
Richard Nixon,98,Bernie Sanders Hillary Clinton,0
Richard Nixon,98,Bernie Sanders Joe Biden,0
Richard Nixon,98,Bernie Sanders Ronald Reagan,0
Richard Nixon,98,Donald Trump Elizabeth Warren,0
Richard Nixon,98,Donald Trump George W. Bush,0
Richard Nixon,98,Donald Trump Joe Biden,0
Richard Nixon,98,Donald Trump Ronald Reagan,0
Richard Nixon,98,Elizabeth Warren George W. Bush,1
Richard Nixon,98,Elizabeth Warren Hillary Clinton,1
Richard Nixon,98,Elizabeth Warren Joe Biden,0
Richard Nixon,98,Elizabeth Warren Ronald Reagan,0
Richard Nixon,98,George W. Bush Hillary Clinton,0
Richard Nixon,98,George W. Bush Joe Biden,0
Richard Nixon,98,George W. Bush Ronald Reagan,0
Richard Nixon,98,Hillary Clinton Joe Biden,0
Richard Nixon,98,Hillary Clinton Ronald Reagan,0
Richard Nixon,98,Joe Biden Ronald Reagan,1
Joe Biden,99,Abraham Lincoln Barack Obama,0
Joe Biden,99,Abraham Lincoln Bernie Sanders,0
Joe Biden,99,Abraham Lincoln Donald Trump,0
Joe Biden,99,Abraham Lincoln Elizabeth Warren,0
Joe Biden,99,Abraham Lincoln George W. Bush,0
Joe Biden,99,Abraham Lincoln Hillary Clinton,0
Joe Biden,99,Abraham Lincoln Richard Nixon,0
Joe Biden,99,Abraham Lincoln Ronald Reagan,0
Joe Biden,99,Barack Obama Bernie Sanders,0
Joe Biden,99,Barack Obama Donald Trump,0
Joe Biden,99,Barack Obama Elizabeth Warren,0
Joe Biden,99,Barack Obama George W. Bush,0
Joe Biden,99,Barack Obama Hillary Clinton,0
Joe Biden,99,Barack Obama Richard Nixon,0
Joe Biden,99,Barack Obama Ronald Reagan,0
Joe Biden,99,Bernie Sanders Donald Trump,0
Joe Biden,99,Bernie Sanders Elizabeth Warren,1
Joe Biden,99,Bernie Sanders George W. Bush,0
Joe Biden,99,Bernie Sanders Hillary Clinton,0
Joe Biden,99,Bernie Sanders Richard Nixon,0
Joe Biden,99,Bernie Sanders Ronald Reagan,0
Joe Biden,99,Donald Trump Elizabeth Warren,0
Joe Biden,99,Donald Trump George W. Bush,0
Joe Biden,99,Donald Trump Hillary Clinton,0
Joe Biden,99,Donald Trump Richard Nixon,0
Joe Biden,99,Donald Trump Ronald Reagan,0
Joe Biden,99,Elizabeth Warren George W. Bush,0
Joe Biden,99,Elizabeth Warren Hillary Clinton,0
Joe Biden,99,Elizabeth Warren Richard Nixon,0
Joe Biden,99,Elizabeth Warren Ronald Reagan,0
Joe Biden,99,George W. Bush Hillary Clinton,0
Joe Biden,99,George W. Bush Richard Nixon,0
Joe Biden,99,George W. Bush Ronald Reagan,0
Joe Biden,99,Hillary Clinton Richard Nixon,0
Joe Biden,99,Hillary Clinton Ronald Reagan,1
Joe Biden,99,Richard Nixon Ronald Reagan,0
Barack Obama,100,Abraham Lincoln Bernie Sanders,0
Barack Obama,100,Abraham Lincoln Donald Trump,0
Barack Obama,100,Abraham Lincoln Elizabeth Warren,0
Barack Obama,100,Abraham Lincoln George W. Bush,0
Barack Obama,100,Abraham Lincoln Hillary Clinton,0
Barack Obama,100,Abraham Lincoln Joe Biden,0
Barack Obama,100,Abraham Lincoln Richard Nixon,0
Barack Obama,100,Abraham Lincoln Ronald Reagan,0
Barack Obama,100,Bernie Sanders Donald Trump,0
Barack Obama,100,Bernie Sanders George W. Bush,0
Barack Obama,100,Bernie Sanders Hillary Clinton,0
Barack Obama,100,Bernie Sanders Joe Biden,1
Barack Obama,100,Bernie Sanders Richard Nixon,0
Barack Obama,100,Bernie Sanders Ronald Reagan,0
Barack Obama,100,Donald Trump Elizabeth Warren,0
Barack Obama,100,Donald Trump George W. Bush,0
Barack Obama,100,Donald Trump Hillary Clinton,0
Barack Obama,100,Donald Trump Joe Biden,0
Barack Obama,100,Donald Trump Richard Nixon,0
Barack Obama,100,Donald Trump Ronald Reagan,0
Barack Obama,100,Elizabeth Warren George W. Bush,0
Barack Obama,100,Elizabeth Warren Hillary Clinton,0
Barack Obama,100,Elizabeth Warren Joe Biden,0
Barack Obama,100,Elizabeth Warren Richard Nixon,1
Barack Obama,100,Elizabeth Warren Ronald Reagan,0
Barack Obama,100,George W. Bush Hillary Clinton,0
Barack Obama,100,George W. Bush Joe Biden,0
Barack Obama,100,George W. Bush Richard Nixon,1
Barack Obama,100,George W. Bush Ronald Reagan,0
Barack Obama,100,Hillary Clinton Joe Biden,0
Barack Obama,100,Hillary Clinton Richard Nixon,0
Barack Obama,100,Hillary Clinton Ronald Reagan,0
Barack Obama,100,Joe Biden Richard Nixon,0
Barack Obama,100,Joe Biden Ronald Reagan,0
Barack Obama,100,Richard Nixon Ronald Reagan,0
Abraham Lincoln,101,Barack Obama Bernie Sanders,0
Abraham Lincoln,101,Barack Obama Elizabeth Warren,0
Abraham Lincoln,101,Barack Obama George W. Bush,0
Abraham Lincoln,101,Barack Obama Hillary Clinton,0
Abraham Lincoln,101,Barack Obama Joe Biden,0
Abraham Lincoln,101,Barack Obama Richard Nixon,0
Abraham Lincoln,101,Bernie Sanders Donald Trump,0
Abraham Lincoln,101,Bernie Sanders Elizabeth Warren,0
Abraham Lincoln,101,Bernie Sanders George W. Bush,0
Abraham Lincoln,101,Bernie Sanders Hillary Clinton,0
Abraham Lincoln,101,Bernie Sanders Joe Biden,0
Abraham Lincoln,101,Bernie Sanders Richard Nixon,0
Abraham Lincoln,101,Bernie Sanders Ronald Reagan,0
Abraham Lincoln,101,Donald Trump Elizabeth Warren,0
Abraham Lincoln,101,Donald Trump George W. Bush,0
Abraham Lincoln,101,Donald Trump Hillary Clinton,0
Abraham Lincoln,101,Donald Trump Joe Biden,1
Abraham Lincoln,101,Donald Trump Richard Nixon,0
Abraham Lincoln,101,Donald Trump Ronald Reagan,0
Abraham Lincoln,101,Elizabeth Warren George W. Bush,0
Abraham Lincoln,101,Elizabeth Warren Hillary Clinton,0
Abraham Lincoln,101,Elizabeth Warren Joe Biden,0
Abraham Lincoln,101,Elizabeth Warren Richard Nixon,0
Abraham Lincoln,101,Elizabeth Warren Ronald Reagan,0
Abraham Lincoln,101,George W. Bush Hillary Clinton,0
Abraham Lincoln,101,George W. Bush Joe Biden,0
Abraham Lincoln,101,George W. Bush Richard Nixon,0
Abraham Lincoln,101,George W. Bush Ronald Reagan,0
Abraham Lincoln,101,Hillary Clinton Joe Biden,0
Abraham Lincoln,101,Hillary Clinton Ronald Reagan,1
Abraham Lincoln,101,Joe Biden Richard Nixon,0
Abraham Lincoln,101,Joe Biden Ronald Reagan,1
Abraham Lincoln,101,Richard Nixon Ronald Reagan,0
Hillary Clinton,102,Abraham Lincoln Barack Obama,1
Hillary Clinton,102,Abraham Lincoln Bernie Sanders,0
Hillary Clinton,102,Abraham Lincoln Donald Trump,0
Hillary Clinton,102,Abraham Lincoln Elizabeth Warren,0
Hillary Clinton,102,Abraham Lincoln George W. Bush,0
Hillary Clinton,102,Abraham Lincoln Joe Biden,0
Hillary Clinton,102,Abraham Lincoln Ronald Reagan,0
Hillary Clinton,102,Barack Obama Bernie Sanders,0
Hillary Clinton,102,Barack Obama Donald Trump,0
Hillary Clinton,102,Barack Obama Elizabeth Warren,0
Hillary Clinton,102,Barack Obama George W. Bush,1
Hillary Clinton,102,Barack Obama Joe Biden,0
Hillary Clinton,102,Barack Obama Richard Nixon,0
Hillary Clinton,102,Barack Obama Ronald Reagan,0
Hillary Clinton,102,Bernie Sanders Donald Trump,0
Hillary Clinton,102,Bernie Sanders Elizabeth Warren,0
Hillary Clinton,102,Bernie Sanders George W. Bush,0
Hillary Clinton,102,Bernie Sanders Joe Biden,0
Hillary Clinton,102,Bernie Sanders Richard Nixon,0
Hillary Clinton,102,Bernie Sanders Ronald Reagan,0
Hillary Clinton,102,Donald Trump Elizabeth Warren,1
Hillary Clinton,102,Donald Trump George W. Bush,0
Hillary Clinton,102,Donald Trump Joe Biden,1
Hillary Clinton,102,Donald Trump Richard Nixon,0
Hillary Clinton,102,Donald Trump Ronald Reagan,0
Hillary Clinton,102,Elizabeth Warren George W. Bush,0
Hillary Clinton,102,Elizabeth Warren Joe Biden,0
Hillary Clinton,102,Elizabeth Warren Richard Nixon,0
Hillary Clinton,102,Elizabeth Warren Ronald Reagan,0
Hillary Clinton,102,George W. Bush Joe Biden,0
Hillary Clinton,102,George W. Bush Richard Nixon,0
Hillary Clinton,102,George W. Bush Ronald Reagan,1
Hillary Clinton,102,Joe Biden Richard Nixon,0
Hillary Clinton,102,Joe Biden Ronald Reagan,0
Hillary Clinton,102,Richard Nixon Ronald Reagan,0
Hillary Clinton,103,Abraham Lincoln Barack Obama,0
Hillary Clinton,103,Abraham Lincoln Bernie Sanders,0
Hillary Clinton,103,Abraham Lincoln Donald Trump,0
Hillary Clinton,103,Abraham Lincoln Elizabeth Warren,0
Hillary Clinton,103,Abraham Lincoln George W. Bush,0
Hillary Clinton,103,Abraham Lincoln Joe Biden,0
Hillary Clinton,103,Abraham Lincoln Richard Nixon,0
Hillary Clinton,103,Abraham Lincoln Ronald Reagan,0
Hillary Clinton,103,Barack Obama Bernie Sanders,0
Hillary Clinton,103,Barack Obama Donald Trump,0
Hillary Clinton,103,Barack Obama George W. Bush,0
Hillary Clinton,103,Barack Obama Joe Biden,0
Hillary Clinton,103,Barack Obama Richard Nixon,0
Hillary Clinton,103,Barack Obama Ronald Reagan,0
Hillary Clinton,103,Bernie Sanders Donald Trump,0
Hillary Clinton,103,Bernie Sanders Elizabeth Warren,0
Hillary Clinton,103,Bernie Sanders George W. Bush,0
Hillary Clinton,103,Bernie Sanders Joe Biden,0
Hillary Clinton,103,Bernie Sanders Richard Nixon,0
Hillary Clinton,103,Bernie Sanders Ronald Reagan,0
Hillary Clinton,103,Donald Trump Elizabeth Warren,1
Hillary Clinton,103,Donald Trump George W. Bush,0
Hillary Clinton,103,Donald Trump Joe Biden,1
Hillary Clinton,103,Donald Trump Richard Nixon,0
Hillary Clinton,103,Donald Trump Ronald Reagan,1
Hillary Clinton,103,Elizabeth Warren George W. Bush,0
Hillary Clinton,103,Elizabeth Warren Richard Nixon,0
Hillary Clinton,103,Elizabeth Warren Ronald Reagan,0
Hillary Clinton,103,George W. Bush Joe Biden,0
Hillary Clinton,103,George W. Bush Richard Nixon,0
Hillary Clinton,103,George W. Bush Ronald Reagan,0
Hillary Clinton,103,Joe Biden Richard Nixon,0
Hillary Clinton,103,Joe Biden Ronald Reagan,0
Hillary Clinton,103,Richard Nixon Ronald Reagan,1
Joe Biden,104,Abraham Lincoln Barack Obama,0
Joe Biden,104,Abraham Lincoln Bernie Sanders,0
Joe Biden,104,Abraham Lincoln Donald Trump,0
Joe Biden,104,Abraham Lincoln Elizabeth Warren,0
Joe Biden,104,Abraham Lincoln George W. Bush,0
Joe Biden,104,Abraham Lincoln Hillary Clinton,0
Joe Biden,104,Abraham Lincoln Richard Nixon,0
Joe Biden,104,Abraham Lincoln Ronald Reagan,0
Joe Biden,104,Barack Obama Bernie Sanders,0
Joe Biden,104,Barack Obama Elizabeth Warren,0
Joe Biden,104,Barack Obama George W. Bush,0
Joe Biden,104,Barack Obama Hillary Clinton,1
Joe Biden,104,Barack Obama Richard Nixon,0
Joe Biden,104,Barack Obama Ronald Reagan,0
Joe Biden,104,Bernie Sanders Donald Trump,0
Joe Biden,104,Bernie Sanders Elizabeth Warren,1
Joe Biden,104,Bernie Sanders George W. Bush,0
Joe Biden,104,Bernie Sanders Hillary Clinton,0
Joe Biden,104,Bernie Sanders Richard Nixon,0
Joe Biden,104,Bernie Sanders Ronald Reagan,0
Joe Biden,104,Donald Trump Elizabeth Warren,0
Joe Biden,104,Donald Trump George W. Bush,0
Joe Biden,104,Donald Trump Richard Nixon,1
Joe Biden,104,Donald Trump Ronald Reagan,0
Joe Biden,104,Elizabeth Warren George W. Bush,0
Joe Biden,104,Elizabeth Warren Hillary Clinton,0
Joe Biden,104,Elizabeth Warren Richard Nixon,0
Joe Biden,104,Elizabeth Warren Ronald Reagan,0
Joe Biden,104,George W. Bush Hillary Clinton,0
Joe Biden,104,George W. Bush Richard Nixon,0
Joe Biden,104,George W. Bush Ronald Reagan,0
Joe Biden,104,Hillary Clinton Richard Nixon,0
Joe Biden,104,Hillary Clinton Ronald Reagan,0
Joe Biden,104,Richard Nixon Ronald Reagan,1
Elizabeth Warren,105,Abraham Lincoln Barack Obama,0
Elizabeth Warren,105,Abraham Lincoln Bernie Sanders,0
Elizabeth Warren,105,Abraham Lincoln Donald Trump,0
Elizabeth Warren,105,Abraham Lincoln George W. Bush,0
Elizabeth Warren,105,Abraham Lincoln Hillary Clinton,0
Elizabeth Warren,105,Abraham Lincoln Richard Nixon,0
Elizabeth Warren,105,Abraham Lincoln Ronald Reagan,0
Elizabeth Warren,105,Barack Obama Bernie Sanders,0
Elizabeth Warren,105,Barack Obama Donald Trump,0
Elizabeth Warren,105,Barack Obama George W. Bush,0
Elizabeth Warren,105,Barack Obama Hillary Clinton,0
Elizabeth Warren,105,Barack Obama Joe Biden,0
Elizabeth Warren,105,Barack Obama Richard Nixon,0
Elizabeth Warren,105,Bernie Sanders Donald Trump,0
Elizabeth Warren,105,Bernie Sanders George W. Bush,0
Elizabeth Warren,105,Bernie Sanders Hillary Clinton,0
Elizabeth Warren,105,Bernie Sanders Joe Biden,0
Elizabeth Warren,105,Bernie Sanders Richard Nixon,0
Elizabeth Warren,105,Bernie Sanders Ronald Reagan,0
Elizabeth Warren,105,Donald Trump George W. Bush,0
Elizabeth Warren,105,Donald Trump Hillary Clinton,0
Elizabeth Warren,105,Donald Trump Joe Biden,0
Elizabeth Warren,105,Donald Trump Richard Nixon,0
Elizabeth Warren,105,Donald Trump Ronald Reagan,0
Elizabeth Warren,105,George W. Bush Hillary Clinton,0
Elizabeth Warren,105,George W. Bush Joe Biden,0
Elizabeth Warren,105,George W. Bush Richard Nixon,0
Elizabeth Warren,105,George W. Bush Ronald Reagan,0
Elizabeth Warren,105,Hillary Clinton Joe Biden,0
Elizabeth Warren,105,Hillary Clinton Richard Nixon,0
Elizabeth Warren,105,Hillary Clinton Ronald Reagan,0
Elizabeth Warren,105,Joe Biden Richard Nixon,0
Elizabeth Warren,105,Joe Biden Ronald Reagan,0
Elizabeth Warren,105,Richard Nixon Ronald Reagan,0
Bernie Sanders,106,Abraham Lincoln Barack Obama,0
Bernie Sanders,106,Abraham Lincoln Donald Trump,0
Bernie Sanders,106,Abraham Lincoln Elizabeth Warren,0
Bernie Sanders,106,Abraham Lincoln George W. Bush,0
Bernie Sanders,106,Abraham Lincoln Hillary Clinton,0
Bernie Sanders,106,Abraham Lincoln Joe Biden,0
Bernie Sanders,106,Abraham Lincoln Ronald Reagan,0
Bernie Sanders,106,Barack Obama Donald Trump,0
Bernie Sanders,106,Barack Obama Elizabeth Warren,0
Bernie Sanders,106,Barack Obama George W. Bush,0
Bernie Sanders,106,Barack Obama Hillary Clinton,0
Bernie Sanders,106,Barack Obama Joe Biden,0
Bernie Sanders,106,Barack Obama Richard Nixon,0
Bernie Sanders,106,Barack Obama Ronald Reagan,0
Bernie Sanders,106,Donald Trump Elizabeth Warren,0
Bernie Sanders,106,Donald Trump George W. Bush,0
Bernie Sanders,106,Donald Trump Hillary Clinton,0
Bernie Sanders,106,Donald Trump Joe Biden,0
Bernie Sanders,106,Donald Trump Richard Nixon,0
Bernie Sanders,106,Donald Trump Ronald Reagan,0
Bernie Sanders,106,Elizabeth Warren George W. Bush,0
Bernie Sanders,106,Elizabeth Warren Hillary Clinton,0
Bernie Sanders,106,Elizabeth Warren Joe Biden,0
Bernie Sanders,106,Elizabeth Warren Richard Nixon,0
Bernie Sanders,106,Elizabeth Warren Ronald Reagan,0
Bernie Sanders,106,George W. Bush Hillary Clinton,0
Bernie Sanders,106,George W. Bush Joe Biden,0
Bernie Sanders,106,George W. Bush Richard Nixon,0
Bernie Sanders,106,George W. Bush Ronald Reagan,0
Bernie Sanders,106,Hillary Clinton Joe Biden,0
Bernie Sanders,106,Hillary Clinton Richard Nixon,0
Bernie Sanders,106,Hillary Clinton Ronald Reagan,0
Bernie Sanders,106,Joe Biden Richard Nixon,0
Bernie Sanders,106,Joe Biden Ronald Reagan,0
Bernie Sanders,106,Richard Nixon Ronald Reagan,0
Joe Biden,107,Abraham Lincoln Barack Obama,0
Joe Biden,107,Abraham Lincoln Bernie Sanders,0
Joe Biden,107,Abraham Lincoln Donald Trump,0
Joe Biden,107,Abraham Lincoln Elizabeth Warren,0
Joe Biden,107,Abraham Lincoln George W. Bush,0
Joe Biden,107,Abraham Lincoln Hillary Clinton,1
Joe Biden,107,Abraham Lincoln Richard Nixon,0
Joe Biden,107,Abraham Lincoln Ronald Reagan,0
Joe Biden,107,Barack Obama Bernie Sanders,0
Joe Biden,107,Barack Obama Donald Trump,0
Joe Biden,107,Barack Obama Elizabeth Warren,0
Joe Biden,107,Barack Obama George W. Bush,0
Joe Biden,107,Barack Obama Hillary Clinton,1
Joe Biden,107,Barack Obama Richard Nixon,0
Joe Biden,107,Barack Obama Ronald Reagan,0
Joe Biden,107,Bernie Sanders Elizabeth Warren,0
Joe Biden,107,Bernie Sanders George W. Bush,1
Joe Biden,107,Bernie Sanders Hillary Clinton,0
Joe Biden,107,Bernie Sanders Richard Nixon,0
Joe Biden,107,Bernie Sanders Ronald Reagan,0
Joe Biden,107,Donald Trump Elizabeth Warren,0
Joe Biden,107,Donald Trump George W. Bush,0
Joe Biden,107,Donald Trump Hillary Clinton,1
Joe Biden,107,Donald Trump Richard Nixon,0
Joe Biden,107,Donald Trump Ronald Reagan,0
Joe Biden,107,Elizabeth Warren George W. Bush,0
Joe Biden,107,Elizabeth Warren Hillary Clinton,0
Joe Biden,107,Elizabeth Warren Richard Nixon,0
Joe Biden,107,Elizabeth Warren Ronald Reagan,0
Joe Biden,107,George W. Bush Hillary Clinton,0
Joe Biden,107,George W. Bush Ronald Reagan,0
Joe Biden,107,Hillary Clinton Richard Nixon,0
Joe Biden,107,Hillary Clinton Ronald Reagan,0
Joe Biden,107,Richard Nixon Ronald Reagan,0
George W. Bush,108,Abraham Lincoln Barack Obama,0
George W. Bush,108,Abraham Lincoln Bernie Sanders,0
George W. Bush,108,Abraham Lincoln Elizabeth Warren,0
George W. Bush,108,Abraham Lincoln Hillary Clinton,0
George W. Bush,108,Abraham Lincoln Joe Biden,0
George W. Bush,108,Abraham Lincoln Richard Nixon,0
George W. Bush,108,Abraham Lincoln Ronald Reagan,0
George W. Bush,108,Barack Obama Bernie Sanders,1
George W. Bush,108,Barack Obama Donald Trump,0
George W. Bush,108,Barack Obama Elizabeth Warren,0
George W. Bush,108,Barack Obama Hillary Clinton,0
George W. Bush,108,Barack Obama Joe Biden,0
George W. Bush,108,Barack Obama Richard Nixon,0
George W. Bush,108,Barack Obama Ronald Reagan,0
George W. Bush,108,Bernie Sanders Donald Trump,0
George W. Bush,108,Bernie Sanders Elizabeth Warren,0
George W. Bush,108,Bernie Sanders Joe Biden,0
George W. Bush,108,Bernie Sanders Richard Nixon,0
George W. Bush,108,Bernie Sanders Ronald Reagan,0
George W. Bush,108,Donald Trump Elizabeth Warren,0
George W. Bush,108,Donald Trump Hillary Clinton,0
George W. Bush,108,Donald Trump Joe Biden,0
George W. Bush,108,Donald Trump Richard Nixon,0
George W. Bush,108,Donald Trump Ronald Reagan,0
George W. Bush,108,Elizabeth Warren Hillary Clinton,0
George W. Bush,108,Elizabeth Warren Joe Biden,0
George W. Bush,108,Elizabeth Warren Richard Nixon,0
George W. Bush,108,Elizabeth Warren Ronald Reagan,0
George W. Bush,108,Hillary Clinton Joe Biden,0
George W. Bush,108,Hillary Clinton Richard Nixon,0
George W. Bush,108,Hillary Clinton Ronald Reagan,0
George W. Bush,108,Joe Biden Richard Nixon,0
George W. Bush,108,Richard Nixon Ronald Reagan,0
Bernie Sanders,109,Abraham Lincoln Barack Obama,0
Bernie Sanders,109,Abraham Lincoln Donald Trump,0
Bernie Sanders,109,Abraham Lincoln Elizabeth Warren,0
Bernie Sanders,109,Abraham Lincoln George W. Bush,0
Bernie Sanders,109,Abraham Lincoln Hillary Clinton,0
Bernie Sanders,109,Abraham Lincoln Joe Biden,0
Bernie Sanders,109,Abraham Lincoln Richard Nixon,0
Bernie Sanders,109,Abraham Lincoln Ronald Reagan,0
Bernie Sanders,109,Barack Obama Donald Trump,0
Bernie Sanders,109,Barack Obama Elizabeth Warren,0
Bernie Sanders,109,Barack Obama George W. Bush,0
Bernie Sanders,109,Barack Obama Hillary Clinton,0
Bernie Sanders,109,Barack Obama Joe Biden,0
Bernie Sanders,109,Barack Obama Richard Nixon,0
Bernie Sanders,109,Barack Obama Ronald Reagan,0
Bernie Sanders,109,Donald Trump Elizabeth Warren,1
Bernie Sanders,109,Donald Trump Hillary Clinton,0
Bernie Sanders,109,Donald Trump Joe Biden,0
Bernie Sanders,109,Donald Trump Richard Nixon,0
Bernie Sanders,109,Donald Trump Ronald Reagan,0
Bernie Sanders,109,Elizabeth Warren George W. Bush,0
Bernie Sanders,109,Elizabeth Warren Hillary Clinton,0
Bernie Sanders,109,Elizabeth Warren Joe Biden,0
Bernie Sanders,109,Elizabeth Warren Richard Nixon,0
Bernie Sanders,109,Elizabeth Warren Ronald Reagan,0
Bernie Sanders,109,George W. Bush Hillary Clinton,0
Bernie Sanders,109,George W. Bush Richard Nixon,0
Bernie Sanders,109,Hillary Clinton Richard Nixon,0
Bernie Sanders,109,Hillary Clinton Ronald Reagan,0
Bernie Sanders,109,Joe Biden Richard Nixon,0
Bernie Sanders,109,Joe Biden Ronald Reagan,0
Abraham Lincoln,110,Barack Obama Bernie Sanders,0
Abraham Lincoln,110,Barack Obama Elizabeth Warren,0
Abraham Lincoln,110,Barack Obama George W. Bush,0
Abraham Lincoln,110,Barack Obama Hillary Clinton,0
Abraham Lincoln,110,Barack Obama Richard Nixon,1
Abraham Lincoln,110,Barack Obama Ronald Reagan,0
Abraham Lincoln,110,Bernie Sanders Donald Trump,0
Abraham Lincoln,110,Bernie Sanders Elizabeth Warren,0
Abraham Lincoln,110,Bernie Sanders George W. Bush,0
Abraham Lincoln,110,Bernie Sanders Hillary Clinton,0
Abraham Lincoln,110,Bernie Sanders Joe Biden,0
Abraham Lincoln,110,Bernie Sanders Richard Nixon,0
Abraham Lincoln,110,Bernie Sanders Ronald Reagan,0
Abraham Lincoln,110,Donald Trump Elizabeth Warren,0
Abraham Lincoln,110,Donald Trump George W. Bush,1
Abraham Lincoln,110,Donald Trump Hillary Clinton,0
Abraham Lincoln,110,Donald Trump Joe Biden,0
Abraham Lincoln,110,Donald Trump Richard Nixon,0
Abraham Lincoln,110,Donald Trump Ronald Reagan,1
Abraham Lincoln,110,Elizabeth Warren George W. Bush,0
Abraham Lincoln,110,Elizabeth Warren Hillary Clinton,0
Abraham Lincoln,110,Elizabeth Warren Joe Biden,0
Abraham Lincoln,110,Elizabeth Warren Richard Nixon,0
Abraham Lincoln,110,Elizabeth Warren Ronald Reagan,0
Abraham Lincoln,110,George W. Bush Hillary Clinton,0
Abraham Lincoln,110,George W. Bush Joe Biden,0
Abraham Lincoln,110,George W. Bush Richard Nixon,0
Abraham Lincoln,110,George W. Bush Ronald Reagan,0
Abraham Lincoln,110,Hillary Clinton Joe Biden,1
Abraham Lincoln,110,Hillary Clinton Richard Nixon,0
Abraham Lincoln,110,Hillary Clinton Ronald Reagan,0
Abraham Lincoln,110,Joe Biden Richard Nixon,0
Abraham Lincoln,110,Joe Biden Ronald Reagan,0
Abraham Lincoln,110,Richard Nixon Ronald Reagan,0
Bernie Sanders,111,Abraham Lincoln Barack Obama,0
Bernie Sanders,111,Abraham Lincoln Donald Trump,0
Bernie Sanders,111,Abraham Lincoln Elizabeth Warren,0
Bernie Sanders,111,Abraham Lincoln George W. Bush,0
Bernie Sanders,111,Abraham Lincoln Hillary Clinton,0
Bernie Sanders,111,Abraham Lincoln Joe Biden,0
Bernie Sanders,111,Abraham Lincoln Richard Nixon,0
Bernie Sanders,111,Abraham Lincoln Ronald Reagan,0
Bernie Sanders,111,Barack Obama Donald Trump,0
Bernie Sanders,111,Barack Obama Elizabeth Warren,0
Bernie Sanders,111,Barack Obama George W. Bush,0
Bernie Sanders,111,Barack Obama Hillary Clinton,0
Bernie Sanders,111,Barack Obama Joe Biden,0
Bernie Sanders,111,Barack Obama Richard Nixon,0
Bernie Sanders,111,Barack Obama Ronald Reagan,0
Bernie Sanders,111,Donald Trump Elizabeth Warren,0
Bernie Sanders,111,Donald Trump George W. Bush,0
Bernie Sanders,111,Donald Trump Hillary Clinton,0
Bernie Sanders,111,Donald Trump Joe Biden,0
Bernie Sanders,111,Donald Trump Richard Nixon,0
Bernie Sanders,111,Donald Trump Ronald Reagan,0
Bernie Sanders,111,Elizabeth Warren George W. Bush,0
Bernie Sanders,111,Elizabeth Warren Hillary Clinton,0
Bernie Sanders,111,Elizabeth Warren Joe Biden,0
Bernie Sanders,111,Elizabeth Warren Richard Nixon,0
Bernie Sanders,111,Elizabeth Warren Ronald Reagan,0
Bernie Sanders,111,George W. Bush Hillary Clinton,0
Bernie Sanders,111,George W. Bush Joe Biden,0
Bernie Sanders,111,George W. Bush Richard Nixon,0
Bernie Sanders,111,George W. Bush Ronald Reagan,0
Bernie Sanders,111,Hillary Clinton Joe Biden,0
Bernie Sanders,111,Hillary Clinton Richard Nixon,0
Bernie Sanders,111,Hillary Clinton Ronald Reagan,0
Bernie Sanders,111,Joe Biden Richard Nixon,0
Bernie Sanders,111,Joe Biden Ronald Reagan,0
Bernie Sanders,111,Richard Nixon Ronald Reagan,0
Elizabeth Warren,112,Abraham Lincoln Barack Obama,0
Elizabeth Warren,112,Abraham Lincoln Bernie Sanders,0
Elizabeth Warren,112,Abraham Lincoln Donald Trump,0
Elizabeth Warren,112,Abraham Lincoln George W. Bush,0
Elizabeth Warren,112,Abraham Lincoln Hillary Clinton,0
Elizabeth Warren,112,Abraham Lincoln Joe Biden,0
Elizabeth Warren,112,Abraham Lincoln Richard Nixon,0
Elizabeth Warren,112,Abraham Lincoln Ronald Reagan,0
Elizabeth Warren,112,Barack Obama Bernie Sanders,0
Elizabeth Warren,112,Barack Obama Donald Trump,0
Elizabeth Warren,112,Barack Obama George W. Bush,0
Elizabeth Warren,112,Barack Obama Hillary Clinton,0
Elizabeth Warren,112,Barack Obama Joe Biden,0
Elizabeth Warren,112,Barack Obama Richard Nixon,0
Elizabeth Warren,112,Barack Obama Ronald Reagan,0
Elizabeth Warren,112,Bernie Sanders Donald Trump,0
Elizabeth Warren,112,Bernie Sanders George W. Bush,0
Elizabeth Warren,112,Bernie Sanders Hillary Clinton,0
Elizabeth Warren,112,Bernie Sanders Joe Biden,0
Elizabeth Warren,112,Bernie Sanders Richard Nixon,0
Elizabeth Warren,112,Bernie Sanders Ronald Reagan,0
Elizabeth Warren,112,Donald Trump George W. Bush,0
Elizabeth Warren,112,Donald Trump Hillary Clinton,0
Elizabeth Warren,112,Donald Trump Joe Biden,0
Elizabeth Warren,112,Donald Trump Richard Nixon,0
Elizabeth Warren,112,Donald Trump Ronald Reagan,0
Elizabeth Warren,112,George W. Bush Hillary Clinton,0
Elizabeth Warren,112,George W. Bush Richard Nixon,0
Elizabeth Warren,112,George W. Bush Ronald Reagan,0
Elizabeth Warren,112,Hillary Clinton Joe Biden,0
Elizabeth Warren,112,Hillary Clinton Richard Nixon,0
Elizabeth Warren,112,Hillary Clinton Ronald Reagan,0
Elizabeth Warren,112,Joe Biden Richard Nixon,0
Elizabeth Warren,112,Joe Biden Ronald Reagan,0
Elizabeth Warren,112,Richard Nixon Ronald Reagan,1
Bernie Sanders,113,Abraham Lincoln Barack Obama,0
Bernie Sanders,113,Abraham Lincoln Donald Trump,0
Bernie Sanders,113,Abraham Lincoln Elizabeth Warren,0
Bernie Sanders,113,Abraham Lincoln George W. Bush,0
Bernie Sanders,113,Abraham Lincoln Hillary Clinton,0
Bernie Sanders,113,Abraham Lincoln Joe Biden,0
Bernie Sanders,113,Abraham Lincoln Richard Nixon,0
Bernie Sanders,113,Abraham Lincoln Ronald Reagan,0
Bernie Sanders,113,Barack Obama Donald Trump,0
Bernie Sanders,113,Barack Obama George W. Bush,0
Bernie Sanders,113,Barack Obama Joe Biden,0
Bernie Sanders,113,Barack Obama Richard Nixon,0
Bernie Sanders,113,Barack Obama Ronald Reagan,0
Bernie Sanders,113,Donald Trump Elizabeth Warren,0
Bernie Sanders,113,Donald Trump George W. Bush,0
Bernie Sanders,113,Donald Trump Hillary Clinton,0
Bernie Sanders,113,Donald Trump Joe Biden,1
Bernie Sanders,113,Donald Trump Richard Nixon,0
Bernie Sanders,113,Elizabeth Warren George W. Bush,0
Bernie Sanders,113,Elizabeth Warren Hillary Clinton,0
Bernie Sanders,113,Elizabeth Warren Joe Biden,0
Bernie Sanders,113,Elizabeth Warren Richard Nixon,0
Bernie Sanders,113,Elizabeth Warren Ronald Reagan,0
Bernie Sanders,113,George W. Bush Hillary Clinton,0
Bernie Sanders,113,George W. Bush Joe Biden,0
Bernie Sanders,113,George W. Bush Richard Nixon,0
Bernie Sanders,113,George W. Bush Ronald Reagan,0
Bernie Sanders,113,Hillary Clinton Joe Biden,1
Bernie Sanders,113,Hillary Clinton Richard Nixon,0
Bernie Sanders,113,Hillary Clinton Ronald Reagan,0
Bernie Sanders,113,Joe Biden Richard Nixon,1
Bernie Sanders,113,Joe Biden Ronald Reagan,0
Bernie Sanders,113,Richard Nixon Ronald Reagan,0
Abraham Lincoln,114,Barack Obama Bernie Sanders,1
Abraham Lincoln,114,Barack Obama Elizabeth Warren,0
Abraham Lincoln,114,Barack Obama George W. Bush,0
Abraham Lincoln,114,Barack Obama Hillary Clinton,0
Abraham Lincoln,114,Barack Obama Joe Biden,0
Abraham Lincoln,114,Barack Obama Richard Nixon,0
Abraham Lincoln,114,Barack Obama Ronald Reagan,0
Abraham Lincoln,114,Bernie Sanders Donald Trump,0
Abraham Lincoln,114,Bernie Sanders Elizabeth Warren,0
Abraham Lincoln,114,Bernie Sanders George W. Bush,0
Abraham Lincoln,114,Bernie Sanders Hillary Clinton,0
Abraham Lincoln,114,Bernie Sanders Joe Biden,0
Abraham Lincoln,114,Bernie Sanders Richard Nixon,0
Abraham Lincoln,114,Bernie Sanders Ronald Reagan,0
Abraham Lincoln,114,Donald Trump Elizabeth Warren,0
Abraham Lincoln,114,Donald Trump George W. Bush,0
Abraham Lincoln,114,Donald Trump Hillary Clinton,0
Abraham Lincoln,114,Donald Trump Joe Biden,0
Abraham Lincoln,114,Donald Trump Ronald Reagan,0
Abraham Lincoln,114,Elizabeth Warren Hillary Clinton,0
Abraham Lincoln,114,Elizabeth Warren Joe Biden,0
Abraham Lincoln,114,Elizabeth Warren Richard Nixon,0
Abraham Lincoln,114,Elizabeth Warren Ronald Reagan,0
Abraham Lincoln,114,George W. Bush Hillary Clinton,0
Abraham Lincoln,114,George W. Bush Joe Biden,0
Abraham Lincoln,114,George W. Bush Richard Nixon,0
Abraham Lincoln,114,George W. Bush Ronald Reagan,0
Abraham Lincoln,114,Hillary Clinton Richard Nixon,0
Abraham Lincoln,114,Hillary Clinton Ronald Reagan,0
Abraham Lincoln,114,Joe Biden Richard Nixon,0
Abraham Lincoln,114,Joe Biden Ronald Reagan,0
Abraham Lincoln,114,Richard Nixon Ronald Reagan,0
Elizabeth Warren,115,Abraham Lincoln Barack Obama,0
Elizabeth Warren,115,Abraham Lincoln Bernie Sanders,0
Elizabeth Warren,115,Abraham Lincoln Donald Trump,0
Elizabeth Warren,115,Abraham Lincoln George W. Bush,0
Elizabeth Warren,115,Abraham Lincoln Hillary Clinton,0
Elizabeth Warren,115,Abraham Lincoln Joe Biden,0
Elizabeth Warren,115,Abraham Lincoln Richard Nixon,0
Elizabeth Warren,115,Abraham Lincoln Ronald Reagan,0
Elizabeth Warren,115,Barack Obama Bernie Sanders,1
Elizabeth Warren,115,Barack Obama Donald Trump,0
Elizabeth Warren,115,Barack Obama George W. Bush,0
Elizabeth Warren,115,Barack Obama Hillary Clinton,0
Elizabeth Warren,115,Barack Obama Joe Biden,0
Elizabeth Warren,115,Barack Obama Richard Nixon,0
Elizabeth Warren,115,Barack Obama Ronald Reagan,0
Elizabeth Warren,115,Bernie Sanders Donald Trump,0
Elizabeth Warren,115,Bernie Sanders George W. Bush,0
Elizabeth Warren,115,Bernie Sanders Hillary Clinton,0
Elizabeth Warren,115,Bernie Sanders Joe Biden,0
Elizabeth Warren,115,Bernie Sanders Richard Nixon,0
Elizabeth Warren,115,Bernie Sanders Ronald Reagan,0
Elizabeth Warren,115,Donald Trump George W. Bush,0
Elizabeth Warren,115,Donald Trump Hillary Clinton,0
Elizabeth Warren,115,Donald Trump Joe Biden,0
Elizabeth Warren,115,Donald Trump Richard Nixon,0
Elizabeth Warren,115,Donald Trump Ronald Reagan,0
Elizabeth Warren,115,George W. Bush Hillary Clinton,0
Elizabeth Warren,115,George W. Bush Joe Biden,0
Elizabeth Warren,115,George W. Bush Ronald Reagan,0
Elizabeth Warren,115,Hillary Clinton Joe Biden,0
Elizabeth Warren,115,Hillary Clinton Richard Nixon,0
Elizabeth Warren,115,Hillary Clinton Ronald Reagan,0
Elizabeth Warren,115,Joe Biden Richard Nixon,0
Elizabeth Warren,115,Joe Biden Ronald Reagan,0
Elizabeth Warren,115,Richard Nixon Ronald Reagan,0
Ronald Reagan,116,Abraham Lincoln Barack Obama,0
Ronald Reagan,116,Abraham Lincoln Bernie Sanders,0
Ronald Reagan,116,Abraham Lincoln Donald Trump,0
Ronald Reagan,116,Abraham Lincoln Elizabeth Warren,0
Ronald Reagan,116,Abraham Lincoln George W. Bush,0
Ronald Reagan,116,Abraham Lincoln Hillary Clinton,0
Ronald Reagan,116,Abraham Lincoln Joe Biden,0
Ronald Reagan,116,Abraham Lincoln Richard Nixon,0
Ronald Reagan,116,Barack Obama Bernie Sanders,0
Ronald Reagan,116,Barack Obama Donald Trump,0
Ronald Reagan,116,Barack Obama Elizabeth Warren,0
Ronald Reagan,116,Barack Obama George W. Bush,0
Ronald Reagan,116,Barack Obama Hillary Clinton,0
Ronald Reagan,116,Barack Obama Joe Biden,0
Ronald Reagan,116,Barack Obama Richard Nixon,0
Ronald Reagan,116,Bernie Sanders Donald Trump,0
Ronald Reagan,116,Bernie Sanders Elizabeth Warren,0
Ronald Reagan,116,Bernie Sanders George W. Bush,0
Ronald Reagan,116,Bernie Sanders Hillary Clinton,0
Ronald Reagan,116,Bernie Sanders Joe Biden,0
Ronald Reagan,116,Bernie Sanders Richard Nixon,0
Ronald Reagan,116,Donald Trump Elizabeth Warren,0
Ronald Reagan,116,Donald Trump George W. Bush,0
Ronald Reagan,116,Donald Trump Hillary Clinton,1
Ronald Reagan,116,Donald Trump Joe Biden,0
Ronald Reagan,116,Donald Trump Richard Nixon,0
Ronald Reagan,116,Elizabeth Warren George W. Bush,1
Ronald Reagan,116,Elizabeth Warren Hillary Clinton,0
Ronald Reagan,116,Elizabeth Warren Joe Biden,0
Ronald Reagan,116,Elizabeth Warren Richard Nixon,0
Ronald Reagan,116,George W. Bush Joe Biden,0
Ronald Reagan,116,George W. Bush Richard Nixon,1
Ronald Reagan,116,Hillary Clinton Joe Biden,0
Ronald Reagan,116,Hillary Clinton Richard Nixon,1
Ronald Reagan,116,Joe Biden Richard Nixon,0
Hillary Clinton,117,Abraham Lincoln Barack Obama,0
Hillary Clinton,117,Abraham Lincoln Bernie Sanders,0
Hillary Clinton,117,Abraham Lincoln Donald Trump,0
Hillary Clinton,117,Abraham Lincoln Elizabeth Warren,0
Hillary Clinton,117,Abraham Lincoln George W. Bush,0
Hillary Clinton,117,Abraham Lincoln Joe Biden,0
Hillary Clinton,117,Abraham Lincoln Richard Nixon,0
Hillary Clinton,117,Abraham Lincoln Ronald Reagan,0
Hillary Clinton,117,Barack Obama Bernie Sanders,0
Hillary Clinton,117,Barack Obama Donald Trump,0
Hillary Clinton,117,Barack Obama Elizabeth Warren,0
Hillary Clinton,117,Barack Obama George W. Bush,0
Hillary Clinton,117,Barack Obama Joe Biden,0
Hillary Clinton,117,Barack Obama Richard Nixon,0
Hillary Clinton,117,Barack Obama Ronald Reagan,0
Hillary Clinton,117,Bernie Sanders Donald Trump,0
Hillary Clinton,117,Bernie Sanders Elizabeth Warren,0
Hillary Clinton,117,Bernie Sanders George W. Bush,0
Hillary Clinton,117,Bernie Sanders Joe Biden,0
Hillary Clinton,117,Bernie Sanders Richard Nixon,0
Hillary Clinton,117,Bernie Sanders Ronald Reagan,0
Hillary Clinton,117,Donald Trump Elizabeth Warren,0
Hillary Clinton,117,Donald Trump Joe Biden,1
Hillary Clinton,117,Donald Trump Richard Nixon,0
Hillary Clinton,117,Donald Trump Ronald Reagan,0
Hillary Clinton,117,Elizabeth Warren George W. Bush,0
Hillary Clinton,117,Elizabeth Warren Joe Biden,0
Hillary Clinton,117,Elizabeth Warren Richard Nixon,0
Hillary Clinton,117,Elizabeth Warren Ronald Reagan,0
Hillary Clinton,117,George W. Bush Joe Biden,0
Hillary Clinton,117,George W. Bush Richard Nixon,0
Hillary Clinton,117,George W. Bush Ronald Reagan,0
Hillary Clinton,117,Joe Biden Richard Nixon,0
Hillary Clinton,117,Joe Biden Ronald Reagan,0
Hillary Clinton,117,Richard Nixon Ronald Reagan,0
Hillary Clinton,118,Abraham Lincoln Barack Obama,0
Hillary Clinton,118,Abraham Lincoln Bernie Sanders,0
Hillary Clinton,118,Abraham Lincoln Donald Trump,0
Hillary Clinton,118,Abraham Lincoln Elizabeth Warren,0
Hillary Clinton,118,Abraham Lincoln George W. Bush,0
Hillary Clinton,118,Abraham Lincoln Joe Biden,1
Hillary Clinton,118,Abraham Lincoln Richard Nixon,0
Hillary Clinton,118,Abraham Lincoln Ronald Reagan,1
Hillary Clinton,118,Barack Obama Bernie Sanders,0
Hillary Clinton,118,Barack Obama Donald Trump,0
Hillary Clinton,118,Barack Obama George W. Bush,0
Hillary Clinton,118,Barack Obama Joe Biden,0
Hillary Clinton,118,Barack Obama Richard Nixon,0
Hillary Clinton,118,Barack Obama Ronald Reagan,0
Hillary Clinton,118,Bernie Sanders Donald Trump,0
Hillary Clinton,118,Bernie Sanders Elizabeth Warren,0
Hillary Clinton,118,Bernie Sanders George W. Bush,0
Hillary Clinton,118,Bernie Sanders Joe Biden,0
Hillary Clinton,118,Bernie Sanders Richard Nixon,0
Hillary Clinton,118,Bernie Sanders Ronald Reagan,0
Hillary Clinton,118,Donald Trump Elizabeth Warren,0
Hillary Clinton,118,Donald Trump Joe Biden,0
Hillary Clinton,118,Donald Trump Richard Nixon,0
Hillary Clinton,118,Donald Trump Ronald Reagan,0
Hillary Clinton,118,Elizabeth Warren George W. Bush,0
Hillary Clinton,118,Elizabeth Warren Joe Biden,0
Hillary Clinton,118,Elizabeth Warren Richard Nixon,0
Hillary Clinton,118,Elizabeth Warren Ronald Reagan,0
Hillary Clinton,118,George W. Bush Joe Biden,0
Hillary Clinton,118,George W. Bush Richard Nixon,0
Hillary Clinton,118,George W. Bush Ronald Reagan,0
Hillary Clinton,118,Joe Biden Richard Nixon,0
Hillary Clinton,118,Joe Biden Ronald Reagan,0
Hillary Clinton,118,Richard Nixon Ronald Reagan,1
Richard Nixon,119,Abraham Lincoln Barack Obama,0
Richard Nixon,119,Abraham Lincoln Bernie Sanders,0
Richard Nixon,119,Abraham Lincoln Elizabeth Warren,0
Richard Nixon,119,Abraham Lincoln George W. Bush,0
Richard Nixon,119,Abraham Lincoln Hillary Clinton,0
Richard Nixon,119,Abraham Lincoln Joe Biden,0
Richard Nixon,119,Abraham Lincoln Ronald Reagan,1
Richard Nixon,119,Barack Obama Bernie Sanders,0
Richard Nixon,119,Barack Obama Donald Trump,0
Richard Nixon,119,Barack Obama Elizabeth Warren,0
Richard Nixon,119,Barack Obama George W. Bush,0
Richard Nixon,119,Barack Obama Hillary Clinton,0
Richard Nixon,119,Bernie Sanders Donald Trump,0
Richard Nixon,119,Bernie Sanders Elizabeth Warren,0
Richard Nixon,119,Bernie Sanders George W. Bush,0
Richard Nixon,119,Bernie Sanders Joe Biden,0
Richard Nixon,119,Bernie Sanders Ronald Reagan,0
Richard Nixon,119,Donald Trump Elizabeth Warren,0
Richard Nixon,119,Donald Trump George W. Bush,0
Richard Nixon,119,Donald Trump Hillary Clinton,0
Richard Nixon,119,Donald Trump Joe Biden,1
Richard Nixon,119,Donald Trump Ronald Reagan,1
Richard Nixon,119,Elizabeth Warren George W. Bush,0
Richard Nixon,119,Elizabeth Warren Hillary Clinton,0
Richard Nixon,119,Elizabeth Warren Joe Biden,0
Richard Nixon,119,Elizabeth Warren Ronald Reagan,0
Richard Nixon,119,George W. Bush Hillary Clinton,0
Richard Nixon,119,George W. Bush Joe Biden,0
Richard Nixon,119,George W. Bush Ronald Reagan,0
Richard Nixon,119,Hillary Clinton Joe Biden,0
Richard Nixon,119,Hillary Clinton Ronald Reagan,0
Richard Nixon,119,Joe Biden Ronald Reagan,0
Ronald Reagan,120,Abraham Lincoln Barack Obama,0
Ronald Reagan,120,Abraham Lincoln Bernie Sanders,0
Ronald Reagan,120,Abraham Lincoln Donald Trump,0
Ronald Reagan,120,Abraham Lincoln Elizabeth Warren,0
Ronald Reagan,120,Abraham Lincoln George W. Bush,0
Ronald Reagan,120,Abraham Lincoln Hillary Clinton,0
Ronald Reagan,120,Abraham Lincoln Joe Biden,0
Ronald Reagan,120,Abraham Lincoln Richard Nixon,0
Ronald Reagan,120,Barack Obama Bernie Sanders,0
Ronald Reagan,120,Barack Obama Donald Trump,0
Ronald Reagan,120,Barack Obama Elizabeth Warren,0
Ronald Reagan,120,Barack Obama George W. Bush,0
Ronald Reagan,120,Barack Obama Hillary Clinton,0
Ronald Reagan,120,Barack Obama Joe Biden,0
Ronald Reagan,120,Barack Obama Richard Nixon,0
Ronald Reagan,120,Bernie Sanders Donald Trump,0
Ronald Reagan,120,Bernie Sanders Elizabeth Warren,0
Ronald Reagan,120,Bernie Sanders George W. Bush,0
Ronald Reagan,120,Bernie Sanders Hillary Clinton,0
Ronald Reagan,120,Bernie Sanders Joe Biden,0
Ronald Reagan,120,Bernie Sanders Richard Nixon,0
Ronald Reagan,120,Donald Trump Elizabeth Warren,0
Ronald Reagan,120,Donald Trump Hillary Clinton,0
Ronald Reagan,120,Donald Trump Joe Biden,0
Ronald Reagan,120,Donald Trump Richard Nixon,0
Ronald Reagan,120,Elizabeth Warren George W. Bush,0
Ronald Reagan,120,Elizabeth Warren Hillary Clinton,0
Ronald Reagan,120,Elizabeth Warren Joe Biden,0
Ronald Reagan,120,Elizabeth Warren Richard Nixon,0
Ronald Reagan,120,George W. Bush Hillary Clinton,0
Ronald Reagan,120,George W. Bush Joe Biden,0
Ronald Reagan,120,George W. Bush Richard Nixon,0
Ronald Reagan,120,Hillary Clinton Joe Biden,0
Ronald Reagan,120,Hillary Clinton Richard Nixon,0
Ronald Reagan,120,Joe Biden Richard Nixon,0
Ronald Reagan,121,Abraham Lincoln Barack Obama,0
Ronald Reagan,121,Abraham Lincoln Bernie Sanders,0
Ronald Reagan,121,Abraham Lincoln Donald Trump,0
Ronald Reagan,121,Abraham Lincoln Elizabeth Warren,0
Ronald Reagan,121,Abraham Lincoln George W. Bush,0
Ronald Reagan,121,Abraham Lincoln Hillary Clinton,0
Ronald Reagan,121,Abraham Lincoln Joe Biden,0
Ronald Reagan,121,Abraham Lincoln Richard Nixon,0
Ronald Reagan,121,Barack Obama Bernie Sanders,1
Ronald Reagan,121,Barack Obama Donald Trump,0
Ronald Reagan,121,Barack Obama Elizabeth Warren,0
Ronald Reagan,121,Barack Obama Hillary Clinton,0
Ronald Reagan,121,Barack Obama Joe Biden,0
Ronald Reagan,121,Barack Obama Richard Nixon,0
Ronald Reagan,121,Bernie Sanders Donald Trump,0
Ronald Reagan,121,Bernie Sanders Elizabeth Warren,0
Ronald Reagan,121,Bernie Sanders George W. Bush,0
Ronald Reagan,121,Bernie Sanders Hillary Clinton,0
Ronald Reagan,121,Bernie Sanders Joe Biden,0
Ronald Reagan,121,Donald Trump Elizabeth Warren,0
Ronald Reagan,121,Donald Trump Hillary Clinton,0
Ronald Reagan,121,Donald Trump Joe Biden,0
Ronald Reagan,121,Donald Trump Richard Nixon,0
Ronald Reagan,121,Elizabeth Warren George W. Bush,0
Ronald Reagan,121,Elizabeth Warren Hillary Clinton,0
Ronald Reagan,121,Elizabeth Warren Joe Biden,0
Ronald Reagan,121,Elizabeth Warren Richard Nixon,0
Ronald Reagan,121,George W. Bush Hillary Clinton,0
Ronald Reagan,121,George W. Bush Joe Biden,0
Ronald Reagan,121,George W. Bush Richard Nixon,0
Ronald Reagan,121,Hillary Clinton Joe Biden,0
Ronald Reagan,121,Hillary Clinton Richard Nixon,1
Ronald Reagan,121,Joe Biden Richard Nixon,0
Bernie Sanders,122,Abraham Lincoln Barack Obama,0
Bernie Sanders,122,Abraham Lincoln Donald Trump,0
Bernie Sanders,122,Abraham Lincoln Elizabeth Warren,0
Bernie Sanders,122,Abraham Lincoln George W. Bush,0
Bernie Sanders,122,Abraham Lincoln Hillary Clinton,0
Bernie Sanders,122,Abraham Lincoln Joe Biden,0
Bernie Sanders,122,Abraham Lincoln Richard Nixon,0
Bernie Sanders,122,Abraham Lincoln Ronald Reagan,0
Bernie Sanders,122,Barack Obama Donald Trump,0
Bernie Sanders,122,Barack Obama Elizabeth Warren,0
Bernie Sanders,122,Barack Obama George W. Bush,0
Bernie Sanders,122,Barack Obama Hillary Clinton,0
Bernie Sanders,122,Barack Obama Joe Biden,0
Bernie Sanders,122,Barack Obama Richard Nixon,0
Bernie Sanders,122,Barack Obama Ronald Reagan,0
Bernie Sanders,122,Donald Trump Elizabeth Warren,0
Bernie Sanders,122,Donald Trump George W. Bush,0
Bernie Sanders,122,Donald Trump Hillary Clinton,1
Bernie Sanders,122,Donald Trump Richard Nixon,0
Bernie Sanders,122,Donald Trump Ronald Reagan,0
Bernie Sanders,122,Elizabeth Warren George W. Bush,0
Bernie Sanders,122,Elizabeth Warren Hillary Clinton,0
Bernie Sanders,122,Elizabeth Warren Joe Biden,0
Bernie Sanders,122,Elizabeth Warren Richard Nixon,0
Bernie Sanders,122,Elizabeth Warren Ronald Reagan,0
Bernie Sanders,122,George W. Bush Hillary Clinton,0
Bernie Sanders,122,George W. Bush Joe Biden,0
Bernie Sanders,122,George W. Bush Richard Nixon,0
Bernie Sanders,122,George W. Bush Ronald Reagan,0
Bernie Sanders,122,Hillary Clinton Joe Biden,0
Bernie Sanders,122,Hillary Clinton Richard Nixon,1
Bernie Sanders,122,Hillary Clinton Ronald Reagan,0
Bernie Sanders,122,Joe Biden Richard Nixon,0
Bernie Sanders,122,Joe Biden Ronald Reagan,0
Bernie Sanders,122,Richard Nixon Ronald Reagan,0
Hillary Clinton,123,Abraham Lincoln Barack Obama,0
Hillary Clinton,123,Abraham Lincoln Bernie Sanders,0
Hillary Clinton,123,Abraham Lincoln Donald Trump,0
Hillary Clinton,123,Abraham Lincoln Elizabeth Warren,0
Hillary Clinton,123,Abraham Lincoln George W. Bush,0
Hillary Clinton,123,Abraham Lincoln Joe Biden,0
Hillary Clinton,123,Abraham Lincoln Richard Nixon,1
Hillary Clinton,123,Abraham Lincoln Ronald Reagan,0
Hillary Clinton,123,Barack Obama Bernie Sanders,0
Hillary Clinton,123,Barack Obama Donald Trump,0
Hillary Clinton,123,Barack Obama Elizabeth Warren,0
Hillary Clinton,123,Barack Obama George W. Bush,0
Hillary Clinton,123,Barack Obama Joe Biden,0
Hillary Clinton,123,Barack Obama Richard Nixon,0
Hillary Clinton,123,Barack Obama Ronald Reagan,0
Hillary Clinton,123,Bernie Sanders Donald Trump,0
Hillary Clinton,123,Bernie Sanders Elizabeth Warren,0
Hillary Clinton,123,Bernie Sanders George W. Bush,0
Hillary Clinton,123,Bernie Sanders Joe Biden,0
Hillary Clinton,123,Bernie Sanders Richard Nixon,0
Hillary Clinton,123,Bernie Sanders Ronald Reagan,0
Hillary Clinton,123,Donald Trump Elizabeth Warren,0
Hillary Clinton,123,Donald Trump George W. Bush,0
Hillary Clinton,123,Donald Trump Joe Biden,0
Hillary Clinton,123,Donald Trump Richard Nixon,0
Hillary Clinton,123,Donald Trump Ronald Reagan,0
Hillary Clinton,123,Elizabeth Warren George W. Bush,0
Hillary Clinton,123,Elizabeth Warren Joe Biden,0
Hillary Clinton,123,Elizabeth Warren Richard Nixon,1
Hillary Clinton,123,Elizabeth Warren Ronald Reagan,0
Hillary Clinton,123,George W. Bush Joe Biden,0
Hillary Clinton,123,George W. Bush Richard Nixon,0
Hillary Clinton,123,George W. Bush Ronald Reagan,0
Hillary Clinton,123,Joe Biden Richard Nixon,1
Hillary Clinton,123,Joe Biden Ronald Reagan,0
Hillary Clinton,123,Richard Nixon Ronald Reagan,0
Abraham Lincoln,124,Barack Obama Bernie Sanders,0
Abraham Lincoln,124,Barack Obama Donald Trump,0
Abraham Lincoln,124,Barack Obama Elizabeth Warren,0
Abraham Lincoln,124,Barack Obama George W. Bush,0
Abraham Lincoln,124,Barack Obama Hillary Clinton,0
Abraham Lincoln,124,Barack Obama Joe Biden,0
Abraham Lincoln,124,Barack Obama Richard Nixon,0
Abraham Lincoln,124,Barack Obama Ronald Reagan,0
Abraham Lincoln,124,Bernie Sanders Donald Trump,0
Abraham Lincoln,124,Bernie Sanders Elizabeth Warren,0
Abraham Lincoln,124,Bernie Sanders George W. Bush,0
Abraham Lincoln,124,Bernie Sanders Hillary Clinton,0
Abraham Lincoln,124,Bernie Sanders Joe Biden,0
Abraham Lincoln,124,Bernie Sanders Richard Nixon,0
Abraham Lincoln,124,Bernie Sanders Ronald Reagan,0
Abraham Lincoln,124,Donald Trump Elizabeth Warren,0
Abraham Lincoln,124,Donald Trump George W. Bush,0
Abraham Lincoln,124,Donald Trump Hillary Clinton,0
Abraham Lincoln,124,Donald Trump Joe Biden,0
Abraham Lincoln,124,Donald Trump Richard Nixon,0
Abraham Lincoln,124,Donald Trump Ronald Reagan,0
Abraham Lincoln,124,Elizabeth Warren George W. Bush,0
Abraham Lincoln,124,Elizabeth Warren Hillary Clinton,0
Abraham Lincoln,124,Elizabeth Warren Joe Biden,0
Abraham Lincoln,124,Elizabeth Warren Richard Nixon,0
Abraham Lincoln,124,Elizabeth Warren Ronald Reagan,0
Abraham Lincoln,124,George W. Bush Hillary Clinton,0
Abraham Lincoln,124,George W. Bush Joe Biden,0
Abraham Lincoln,124,George W. Bush Richard Nixon,0
Abraham Lincoln,124,George W. Bush Ronald Reagan,0
Abraham Lincoln,124,Hillary Clinton Joe Biden,0
Abraham Lincoln,124,Hillary Clinton Ronald Reagan,0
Abraham Lincoln,124,Joe Biden Richard Nixon,0
Abraham Lincoln,124,Joe Biden Ronald Reagan,0
Abraham Lincoln,124,Richard Nixon Ronald Reagan,0
Donald Trump,125,Abraham Lincoln Barack Obama,0
Donald Trump,125,Abraham Lincoln Bernie Sanders,0
Donald Trump,125,Abraham Lincoln George W. Bush,0
Donald Trump,125,Abraham Lincoln Hillary Clinton,0
Donald Trump,125,Abraham Lincoln Joe Biden,0
Donald Trump,125,Abraham Lincoln Richard Nixon,0
Donald Trump,125,Abraham Lincoln Ronald Reagan,0
Donald Trump,125,Barack Obama Bernie Sanders,0
Donald Trump,125,Barack Obama Elizabeth Warren,0
Donald Trump,125,Barack Obama George W. Bush,0
Donald Trump,125,Barack Obama Hillary Clinton,0
Donald Trump,125,Barack Obama Joe Biden,0
Donald Trump,125,Barack Obama Richard Nixon,0
Donald Trump,125,Bernie Sanders Elizabeth Warren,0
Donald Trump,125,Bernie Sanders George W. Bush,0
Donald Trump,125,Bernie Sanders Hillary Clinton,0
Donald Trump,125,Bernie Sanders Joe Biden,0
Donald Trump,125,Bernie Sanders Richard Nixon,0
Donald Trump,125,Bernie Sanders Ronald Reagan,0
Donald Trump,125,Elizabeth Warren George W. Bush,0
Donald Trump,125,Elizabeth Warren Hillary Clinton,0
Donald Trump,125,Elizabeth Warren Joe Biden,0
Donald Trump,125,Elizabeth Warren Richard Nixon,0
Donald Trump,125,George W. Bush Joe Biden,0
Donald Trump,125,George W. Bush Richard Nixon,0
Donald Trump,125,George W. Bush Ronald Reagan,1
Donald Trump,125,Hillary Clinton Ronald Reagan,0
Donald Trump,125,Joe Biden Richard Nixon,1
Donald Trump,125,Joe Biden Ronald Reagan,0
Donald Trump,125,Richard Nixon Ronald Reagan,1
Donald Trump,126,Abraham Lincoln Barack Obama,0
Donald Trump,126,Abraham Lincoln Bernie Sanders,0
Donald Trump,126,Abraham Lincoln Elizabeth Warren,0
Donald Trump,126,Abraham Lincoln George W. Bush,0
Donald Trump,126,Abraham Lincoln Hillary Clinton,0
Donald Trump,126,Abraham Lincoln Joe Biden,0
Donald Trump,126,Abraham Lincoln Richard Nixon,0
Donald Trump,126,Abraham Lincoln Ronald Reagan,0
Donald Trump,126,Barack Obama Bernie Sanders,0
Donald Trump,126,Barack Obama Elizabeth Warren,0
Donald Trump,126,Barack Obama George W. Bush,0
Donald Trump,126,Barack Obama Hillary Clinton,0
Donald Trump,126,Barack Obama Joe Biden,0
Donald Trump,126,Barack Obama Richard Nixon,0
Donald Trump,126,Barack Obama Ronald Reagan,0
Donald Trump,126,Bernie Sanders Elizabeth Warren,0
Donald Trump,126,Bernie Sanders George W. Bush,0
Donald Trump,126,Bernie Sanders Hillary Clinton,0
Donald Trump,126,Bernie Sanders Joe Biden,0
Donald Trump,126,Bernie Sanders Richard Nixon,0
Donald Trump,126,Bernie Sanders Ronald Reagan,0
Donald Trump,126,Elizabeth Warren George W. Bush,0
Donald Trump,126,Elizabeth Warren Hillary Clinton,0
Donald Trump,126,Elizabeth Warren Joe Biden,0
Donald Trump,126,Elizabeth Warren Richard Nixon,0
Donald Trump,126,Elizabeth Warren Ronald Reagan,1
Donald Trump,126,George W. Bush Hillary Clinton,0
Donald Trump,126,George W. Bush Joe Biden,0
Donald Trump,126,George W. Bush Richard Nixon,0
Donald Trump,126,George W. Bush Ronald Reagan,0
Donald Trump,126,Hillary Clinton Joe Biden,0
Donald Trump,126,Hillary Clinton Richard Nixon,0
Donald Trump,126,Hillary Clinton Ronald Reagan,0
Donald Trump,126,Joe Biden Richard Nixon,1
Donald Trump,126,Joe Biden Ronald Reagan,1
Donald Trump,126,Richard Nixon Ronald Reagan,0
Elizabeth Warren,127,Abraham Lincoln Barack Obama,0
Elizabeth Warren,127,Abraham Lincoln Bernie Sanders,0
Elizabeth Warren,127,Abraham Lincoln Donald Trump,0
Elizabeth Warren,127,Abraham Lincoln George W. Bush,0
Elizabeth Warren,127,Abraham Lincoln Joe Biden,0
Elizabeth Warren,127,Abraham Lincoln Richard Nixon,0
Elizabeth Warren,127,Abraham Lincoln Ronald Reagan,0
Elizabeth Warren,127,Barack Obama Bernie Sanders,0
Elizabeth Warren,127,Barack Obama Donald Trump,0
Elizabeth Warren,127,Barack Obama Hillary Clinton,0
Elizabeth Warren,127,Barack Obama Joe Biden,0
Elizabeth Warren,127,Barack Obama Richard Nixon,0
Elizabeth Warren,127,Barack Obama Ronald Reagan,0
Elizabeth Warren,127,Bernie Sanders Donald Trump,0
Elizabeth Warren,127,Bernie Sanders George W. Bush,0
Elizabeth Warren,127,Bernie Sanders Hillary Clinton,0
Elizabeth Warren,127,Bernie Sanders Richard Nixon,0
Elizabeth Warren,127,Bernie Sanders Ronald Reagan,0
Elizabeth Warren,127,Donald Trump George W. Bush,0
Elizabeth Warren,127,Donald Trump Hillary Clinton,1
Elizabeth Warren,127,Donald Trump Joe Biden,0
Elizabeth Warren,127,Donald Trump Richard Nixon,0
Elizabeth Warren,127,Donald Trump Ronald Reagan,0
Elizabeth Warren,127,George W. Bush Hillary Clinton,1
Elizabeth Warren,127,George W. Bush Richard Nixon,0
Elizabeth Warren,127,George W. Bush Ronald Reagan,0
Elizabeth Warren,127,Hillary Clinton Richard Nixon,0
Elizabeth Warren,127,Hillary Clinton Ronald Reagan,0
Elizabeth Warren,127,Joe Biden Ronald Reagan,0
Elizabeth Warren,127,Richard Nixon Ronald Reagan,0
Hillary Clinton,128,Abraham Lincoln Barack Obama,0
Hillary Clinton,128,Abraham Lincoln Bernie Sanders,0
Hillary Clinton,128,Abraham Lincoln Donald Trump,0
Hillary Clinton,128,Abraham Lincoln Elizabeth Warren,0
Hillary Clinton,128,Abraham Lincoln George W. Bush,0
Hillary Clinton,128,Abraham Lincoln Richard Nixon,0
Hillary Clinton,128,Abraham Lincoln Ronald Reagan,0
Hillary Clinton,128,Barack Obama Bernie Sanders,0
Hillary Clinton,128,Barack Obama Donald Trump,0
Hillary Clinton,128,Barack Obama Elizabeth Warren,1
Hillary Clinton,128,Barack Obama Joe Biden,0
Hillary Clinton,128,Barack Obama Richard Nixon,0
Hillary Clinton,128,Barack Obama Ronald Reagan,0
Hillary Clinton,128,Bernie Sanders Donald Trump,0
Hillary Clinton,128,Bernie Sanders Elizabeth Warren,0
Hillary Clinton,128,Bernie Sanders George W. Bush,0
Hillary Clinton,128,Bernie Sanders Joe Biden,0
Hillary Clinton,128,Bernie Sanders Richard Nixon,0
Hillary Clinton,128,Bernie Sanders Ronald Reagan,0
Hillary Clinton,128,Donald Trump Elizabeth Warren,0
Hillary Clinton,128,Donald Trump George W. Bush,0
Hillary Clinton,128,Donald Trump Joe Biden,0
Hillary Clinton,128,Donald Trump Ronald Reagan,0
Hillary Clinton,128,Elizabeth Warren George W. Bush,0
Hillary Clinton,128,Elizabeth Warren Joe Biden,0
Hillary Clinton,128,Elizabeth Warren Richard Nixon,0
Hillary Clinton,128,Elizabeth Warren Ronald Reagan,0
Hillary Clinton,128,George W. Bush Joe Biden,0
Hillary Clinton,128,George W. Bush Richard Nixon,0
Hillary Clinton,128,George W. Bush Ronald Reagan,0
Hillary Clinton,128,Joe Biden Richard Nixon,0
Hillary Clinton,128,Joe Biden Ronald Reagan,0
Hillary Clinton,128,Richard Nixon Ronald Reagan,1
Hillary Clinton,129,Abraham Lincoln Barack Obama,0
Hillary Clinton,129,Abraham Lincoln Bernie Sanders,0
Hillary Clinton,129,Abraham Lincoln Donald Trump,0
Hillary Clinton,129,Abraham Lincoln Elizabeth Warren,0
Hillary Clinton,129,Abraham Lincoln George W. Bush,0
Hillary Clinton,129,Abraham Lincoln Joe Biden,0
Hillary Clinton,129,Abraham Lincoln Richard Nixon,0
Hillary Clinton,129,Abraham Lincoln Ronald Reagan,0
Hillary Clinton,129,Barack Obama Bernie Sanders,0
Hillary Clinton,129,Barack Obama Donald Trump,0
Hillary Clinton,129,Barack Obama Elizabeth Warren,0
Hillary Clinton,129,Barack Obama George W. Bush,0
Hillary Clinton,129,Barack Obama Joe Biden,0
Hillary Clinton,129,Barack Obama Richard Nixon,0
Hillary Clinton,129,Barack Obama Ronald Reagan,0
Hillary Clinton,129,Bernie Sanders Donald Trump,0
Hillary Clinton,129,Bernie Sanders Elizabeth Warren,0
Hillary Clinton,129,Bernie Sanders George W. Bush,0
Hillary Clinton,129,Bernie Sanders Joe Biden,0
Hillary Clinton,129,Bernie Sanders Richard Nixon,0
Hillary Clinton,129,Bernie Sanders Ronald Reagan,0
Hillary Clinton,129,Donald Trump Elizabeth Warren,0
Hillary Clinton,129,Donald Trump George W. Bush,0
Hillary Clinton,129,Donald Trump Joe Biden,1
Hillary Clinton,129,Donald Trump Richard Nixon,0
Hillary Clinton,129,Donald Trump Ronald Reagan,0
Hillary Clinton,129,Elizabeth Warren George W. Bush,0
Hillary Clinton,129,Elizabeth Warren Joe Biden,0
Hillary Clinton,129,Elizabeth Warren Richard Nixon,0
Hillary Clinton,129,Elizabeth Warren Ronald Reagan,0
Hillary Clinton,129,George W. Bush Joe Biden,1
Hillary Clinton,129,George W. Bush Richard Nixon,0
Hillary Clinton,129,George W. Bush Ronald Reagan,1
Hillary Clinton,129,Joe Biden Ronald Reagan,1
Hillary Clinton,129,Richard Nixon Ronald Reagan,1
Donald Trump,130,Abraham Lincoln Barack Obama,0
Donald Trump,130,Abraham Lincoln Bernie Sanders,0
Donald Trump,130,Abraham Lincoln Elizabeth Warren,0
Donald Trump,130,Abraham Lincoln George W. Bush,0
Donald Trump,130,Abraham Lincoln Hillary Clinton,0
Donald Trump,130,Abraham Lincoln Joe Biden,0
Donald Trump,130,Abraham Lincoln Richard Nixon,0
Donald Trump,130,Abraham Lincoln Ronald Reagan,0
Donald Trump,130,Barack Obama Bernie Sanders,0
Donald Trump,130,Barack Obama Elizabeth Warren,0
Donald Trump,130,Barack Obama George W. Bush,0
Donald Trump,130,Barack Obama Hillary Clinton,0
Donald Trump,130,Barack Obama Richard Nixon,0
Donald Trump,130,Barack Obama Ronald Reagan,1
Donald Trump,130,Bernie Sanders Elizabeth Warren,0
Donald Trump,130,Bernie Sanders George W. Bush,0
Donald Trump,130,Bernie Sanders Hillary Clinton,0
Donald Trump,130,Bernie Sanders Joe Biden,0
Donald Trump,130,Bernie Sanders Richard Nixon,0
Donald Trump,130,Bernie Sanders Ronald Reagan,0
Donald Trump,130,Elizabeth Warren George W. Bush,0
Donald Trump,130,Elizabeth Warren Hillary Clinton,0
Donald Trump,130,Elizabeth Warren Joe Biden,0
Donald Trump,130,Elizabeth Warren Richard Nixon,0
Donald Trump,130,Elizabeth Warren Ronald Reagan,0
Donald Trump,130,George W. Bush Hillary Clinton,0
Donald Trump,130,George W. Bush Joe Biden,0
Donald Trump,130,George W. Bush Richard Nixon,1
Donald Trump,130,George W. Bush Ronald Reagan,0
Donald Trump,130,Hillary Clinton Joe Biden,1
Donald Trump,130,Hillary Clinton Richard Nixon,0
Donald Trump,130,Hillary Clinton Ronald Reagan,0
Donald Trump,130,Joe Biden Richard Nixon,0
Donald Trump,130,Joe Biden Ronald Reagan,0
Donald Trump,130,Richard Nixon Ronald Reagan,0
Hillary Clinton,131,Abraham Lincoln Barack Obama,0
Hillary Clinton,131,Abraham Lincoln Bernie Sanders,0
Hillary Clinton,131,Abraham Lincoln Elizabeth Warren,0
Hillary Clinton,131,Abraham Lincoln George W. Bush,0
Hillary Clinton,131,Abraham Lincoln Joe Biden,0
Hillary Clinton,131,Abraham Lincoln Richard Nixon,1
Hillary Clinton,131,Abraham Lincoln Ronald Reagan,0
Hillary Clinton,131,Barack Obama Bernie Sanders,0
Hillary Clinton,131,Barack Obama Donald Trump,0
Hillary Clinton,131,Barack Obama Elizabeth Warren,0
Hillary Clinton,131,Barack Obama George W. Bush,0
Hillary Clinton,131,Barack Obama Joe Biden,0
Hillary Clinton,131,Barack Obama Richard Nixon,0
Hillary Clinton,131,Barack Obama Ronald Reagan,0
Hillary Clinton,131,Bernie Sanders Donald Trump,0
Hillary Clinton,131,Bernie Sanders Elizabeth Warren,0
Hillary Clinton,131,Bernie Sanders George W. Bush,0
Hillary Clinton,131,Bernie Sanders Joe Biden,0
Hillary Clinton,131,Bernie Sanders Richard Nixon,0
Hillary Clinton,131,Bernie Sanders Ronald Reagan,0
Hillary Clinton,131,Donald Trump Elizabeth Warren,0
Hillary Clinton,131,Donald Trump George W. Bush,0
Hillary Clinton,131,Donald Trump Joe Biden,0
Hillary Clinton,131,Donald Trump Richard Nixon,0
Hillary Clinton,131,Donald Trump Ronald Reagan,0
Hillary Clinton,131,Elizabeth Warren George W. Bush,0
Hillary Clinton,131,Elizabeth Warren Joe Biden,1
Hillary Clinton,131,Elizabeth Warren Richard Nixon,0
Hillary Clinton,131,Elizabeth Warren Ronald Reagan,0
Hillary Clinton,131,George W. Bush Joe Biden,1
Hillary Clinton,131,George W. Bush Richard Nixon,1
Hillary Clinton,131,George W. Bush Ronald Reagan,0
Hillary Clinton,131,Joe Biden Richard Nixon,0
Hillary Clinton,131,Joe Biden Ronald Reagan,0
Hillary Clinton,131,Richard Nixon Ronald Reagan,0
Bernie Sanders,132,Abraham Lincoln Barack Obama,0
Bernie Sanders,132,Abraham Lincoln Donald Trump,0
Bernie Sanders,132,Abraham Lincoln Elizabeth Warren,0
Bernie Sanders,132,Abraham Lincoln George W. Bush,0
Bernie Sanders,132,Abraham Lincoln Hillary Clinton,0
Bernie Sanders,132,Abraham Lincoln Joe Biden,0
Bernie Sanders,132,Abraham Lincoln Richard Nixon,0
Bernie Sanders,132,Abraham Lincoln Ronald Reagan,0
Bernie Sanders,132,Barack Obama Elizabeth Warren,0
Bernie Sanders,132,Barack Obama George W. Bush,0
Bernie Sanders,132,Barack Obama Hillary Clinton,0
Bernie Sanders,132,Barack Obama Richard Nixon,0
Bernie Sanders,132,Barack Obama Ronald Reagan,0
Bernie Sanders,132,Donald Trump Elizabeth Warren,0
Bernie Sanders,132,Donald Trump George W. Bush,0
Bernie Sanders,132,Donald Trump Hillary Clinton,0
Bernie Sanders,132,Donald Trump Joe Biden,0
Bernie Sanders,132,Donald Trump Richard Nixon,0
Bernie Sanders,132,Donald Trump Ronald Reagan,0
Bernie Sanders,132,Elizabeth Warren George W. Bush,0
Bernie Sanders,132,Elizabeth Warren Hillary Clinton,0
Bernie Sanders,132,Elizabeth Warren Joe Biden,0
Bernie Sanders,132,Elizabeth Warren Richard Nixon,0
Bernie Sanders,132,Elizabeth Warren Ronald Reagan,0
Bernie Sanders,132,George W. Bush Hillary Clinton,0
Bernie Sanders,132,George W. Bush Joe Biden,0
Bernie Sanders,132,George W. Bush Richard Nixon,0
Bernie Sanders,132,George W. Bush Ronald Reagan,0
Bernie Sanders,132,Hillary Clinton Joe Biden,0
Bernie Sanders,132,Hillary Clinton Richard Nixon,1
Bernie Sanders,132,Hillary Clinton Ronald Reagan,0
Bernie Sanders,132,Joe Biden Richard Nixon,0
Bernie Sanders,132,Joe Biden Ronald Reagan,0
Bernie Sanders,132,Richard Nixon Ronald Reagan,0
George W. Bush,133,Abraham Lincoln Barack Obama,0
George W. Bush,133,Abraham Lincoln Bernie Sanders,0
George W. Bush,133,Abraham Lincoln Donald Trump,0
George W. Bush,133,Abraham Lincoln Elizabeth Warren,0
George W. Bush,133,Abraham Lincoln Hillary Clinton,1
George W. Bush,133,Abraham Lincoln Richard Nixon,0
George W. Bush,133,Abraham Lincoln Ronald Reagan,1
George W. Bush,133,Barack Obama Bernie Sanders,0
George W. Bush,133,Barack Obama Donald Trump,0
George W. Bush,133,Barack Obama Elizabeth Warren,0
George W. Bush,133,Barack Obama Hillary Clinton,0
George W. Bush,133,Barack Obama Richard Nixon,0
George W. Bush,133,Barack Obama Ronald Reagan,0
George W. Bush,133,Bernie Sanders Donald Trump,0
George W. Bush,133,Bernie Sanders Elizabeth Warren,0
George W. Bush,133,Bernie Sanders Hillary Clinton,1
George W. Bush,133,Bernie Sanders Joe Biden,0
George W. Bush,133,Bernie Sanders Richard Nixon,0
George W. Bush,133,Bernie Sanders Ronald Reagan,0
George W. Bush,133,Donald Trump Elizabeth Warren,0
George W. Bush,133,Donald Trump Joe Biden,0
George W. Bush,133,Elizabeth Warren Hillary Clinton,0
George W. Bush,133,Elizabeth Warren Joe Biden,0
George W. Bush,133,Elizabeth Warren Richard Nixon,0
George W. Bush,133,Elizabeth Warren Ronald Reagan,0
George W. Bush,133,Hillary Clinton Joe Biden,0
George W. Bush,133,Hillary Clinton Richard Nixon,0
George W. Bush,133,Hillary Clinton Ronald Reagan,0
George W. Bush,133,Joe Biden Richard Nixon,0
George W. Bush,133,Joe Biden Ronald Reagan,0
George W. Bush,133,Richard Nixon Ronald Reagan,0
Barack Obama,134,Abraham Lincoln Bernie Sanders,0
Barack Obama,134,Abraham Lincoln Donald Trump,0
Barack Obama,134,Abraham Lincoln Elizabeth Warren,0
Barack Obama,134,Abraham Lincoln Hillary Clinton,0
Barack Obama,134,Abraham Lincoln Joe Biden,0
Barack Obama,134,Abraham Lincoln Richard Nixon,0
Barack Obama,134,Abraham Lincoln Ronald Reagan,0
Barack Obama,134,Bernie Sanders Elizabeth Warren,0
Barack Obama,134,Bernie Sanders George W. Bush,0
Barack Obama,134,Bernie Sanders Hillary Clinton,0
Barack Obama,134,Bernie Sanders Joe Biden,0
Barack Obama,134,Bernie Sanders Richard Nixon,0
Barack Obama,134,Bernie Sanders Ronald Reagan,0
Barack Obama,134,Donald Trump Elizabeth Warren,0
Barack Obama,134,Donald Trump George W. Bush,0
Barack Obama,134,Donald Trump Hillary Clinton,0
Barack Obama,134,Donald Trump Joe Biden,1
Barack Obama,134,Donald Trump Richard Nixon,0
Barack Obama,134,Donald Trump Ronald Reagan,0
Barack Obama,134,Elizabeth Warren George W. Bush,0
Barack Obama,134,Elizabeth Warren Hillary Clinton,0
Barack Obama,134,Elizabeth Warren Joe Biden,0
Barack Obama,134,Elizabeth Warren Richard Nixon,0
Barack Obama,134,Elizabeth Warren Ronald Reagan,0
Barack Obama,134,George W. Bush Hillary Clinton,0
Barack Obama,134,George W. Bush Joe Biden,0
Barack Obama,134,George W. Bush Richard Nixon,0
Barack Obama,134,George W. Bush Ronald Reagan,0
Barack Obama,134,Hillary Clinton Joe Biden,0
Barack Obama,134,Hillary Clinton Richard Nixon,0
Barack Obama,134,Hillary Clinton Ronald Reagan,0
Barack Obama,134,Joe Biden Richard Nixon,0
Barack Obama,134,Joe Biden Ronald Reagan,1
Barack Obama,134,Richard Nixon Ronald Reagan,0
Ronald Reagan,135,Abraham Lincoln Barack Obama,0
Ronald Reagan,135,Abraham Lincoln Bernie Sanders,0
Ronald Reagan,135,Abraham Lincoln Donald Trump,0
Ronald Reagan,135,Abraham Lincoln George W. Bush,0
Ronald Reagan,135,Abraham Lincoln Hillary Clinton,0
Ronald Reagan,135,Abraham Lincoln Joe Biden,1
Ronald Reagan,135,Abraham Lincoln Richard Nixon,0
Ronald Reagan,135,Barack Obama Bernie Sanders,0
Ronald Reagan,135,Barack Obama Donald Trump,0
Ronald Reagan,135,Barack Obama Elizabeth Warren,0
Ronald Reagan,135,Barack Obama George W. Bush,0
Ronald Reagan,135,Barack Obama Hillary Clinton,0
Ronald Reagan,135,Barack Obama Joe Biden,0
Ronald Reagan,135,Bernie Sanders Donald Trump,0
Ronald Reagan,135,Bernie Sanders Elizabeth Warren,0
Ronald Reagan,135,Bernie Sanders George W. Bush,0
Ronald Reagan,135,Bernie Sanders Hillary Clinton,0
Ronald Reagan,135,Bernie Sanders Joe Biden,0
Ronald Reagan,135,Bernie Sanders Richard Nixon,0
Ronald Reagan,135,Donald Trump Elizabeth Warren,0
Ronald Reagan,135,Donald Trump George W. Bush,0
Ronald Reagan,135,Donald Trump Joe Biden,0
Ronald Reagan,135,Donald Trump Richard Nixon,0
Ronald Reagan,135,Elizabeth Warren George W. Bush,0
Ronald Reagan,135,Elizabeth Warren Hillary Clinton,0
Ronald Reagan,135,Elizabeth Warren Joe Biden,0
Ronald Reagan,135,Elizabeth Warren Richard Nixon,0
Ronald Reagan,135,George W. Bush Hillary Clinton,0
Ronald Reagan,135,George W. Bush Joe Biden,1
Ronald Reagan,135,George W. Bush Richard Nixon,0
Ronald Reagan,135,Hillary Clinton Joe Biden,1
Ronald Reagan,135,Hillary Clinton Richard Nixon,0
Ronald Reagan,135,Joe Biden Richard Nixon,0
Richard Nixon,136,Abraham Lincoln Barack Obama,0
Richard Nixon,136,Abraham Lincoln Bernie Sanders,0
Richard Nixon,136,Abraham Lincoln Elizabeth Warren,0
Richard Nixon,136,Abraham Lincoln George W. Bush,1
Richard Nixon,136,Abraham Lincoln Hillary Clinton,0
Richard Nixon,136,Abraham Lincoln Ronald Reagan,0
Richard Nixon,136,Barack Obama Donald Trump,0
Richard Nixon,136,Barack Obama Elizabeth Warren,1
Richard Nixon,136,Barack Obama George W. Bush,0
Richard Nixon,136,Barack Obama Hillary Clinton,0
Richard Nixon,136,Barack Obama Joe Biden,0
Richard Nixon,136,Barack Obama Ronald Reagan,0
Richard Nixon,136,Bernie Sanders Donald Trump,0
Richard Nixon,136,Bernie Sanders Elizabeth Warren,0
Richard Nixon,136,Bernie Sanders George W. Bush,0
Richard Nixon,136,Bernie Sanders Hillary Clinton,0
Richard Nixon,136,Bernie Sanders Joe Biden,1
Richard Nixon,136,Bernie Sanders Ronald Reagan,0
Richard Nixon,136,Donald Trump Elizabeth Warren,0
Richard Nixon,136,Donald Trump George W. Bush,0
Richard Nixon,136,Donald Trump Joe Biden,0
Richard Nixon,136,Donald Trump Ronald Reagan,0
Richard Nixon,136,Elizabeth Warren George W. Bush,0
Richard Nixon,136,Elizabeth Warren Hillary Clinton,0
Richard Nixon,136,Elizabeth Warren Joe Biden,0
Richard Nixon,136,Elizabeth Warren Ronald Reagan,0
Richard Nixon,136,George W. Bush Hillary Clinton,0
Richard Nixon,136,George W. Bush Joe Biden,0
Richard Nixon,136,George W. Bush Ronald Reagan,1
Richard Nixon,136,Hillary Clinton Joe Biden,0
Richard Nixon,136,Hillary Clinton Ronald Reagan,0
Richard Nixon,136,Joe Biden Ronald Reagan,0
Elizabeth Warren,137,Abraham Lincoln Barack Obama,0
Elizabeth Warren,137,Abraham Lincoln Bernie Sanders,0
Elizabeth Warren,137,Abraham Lincoln Donald Trump,0
Elizabeth Warren,137,Abraham Lincoln George W. Bush,0
Elizabeth Warren,137,Abraham Lincoln Hillary Clinton,0
Elizabeth Warren,137,Abraham Lincoln Richard Nixon,0
Elizabeth Warren,137,Barack Obama Bernie Sanders,0
Elizabeth Warren,137,Barack Obama Donald Trump,0
Elizabeth Warren,137,Barack Obama Hillary Clinton,0
Elizabeth Warren,137,Barack Obama Joe Biden,0
Elizabeth Warren,137,Barack Obama Richard Nixon,0
Elizabeth Warren,137,Barack Obama Ronald Reagan,0
Elizabeth Warren,137,Bernie Sanders Donald Trump,0
Elizabeth Warren,137,Bernie Sanders George W. Bush,0
Elizabeth Warren,137,Bernie Sanders Hillary Clinton,0
Elizabeth Warren,137,Bernie Sanders Joe Biden,0
Elizabeth Warren,137,Bernie Sanders Ronald Reagan,0
Elizabeth Warren,137,Donald Trump George W. Bush,0
Elizabeth Warren,137,Donald Trump Hillary Clinton,1
Elizabeth Warren,137,Donald Trump Joe Biden,0
Elizabeth Warren,137,Donald Trump Richard Nixon,0
Elizabeth Warren,137,Donald Trump Ronald Reagan,0
Elizabeth Warren,137,George W. Bush Hillary Clinton,0
Elizabeth Warren,137,George W. Bush Joe Biden,0
Elizabeth Warren,137,George W. Bush Richard Nixon,0
Elizabeth Warren,137,George W. Bush Ronald Reagan,0
Elizabeth Warren,137,Hillary Clinton Joe Biden,0
Elizabeth Warren,137,Hillary Clinton Richard Nixon,0
Elizabeth Warren,137,Hillary Clinton Ronald Reagan,0
Elizabeth Warren,137,Joe Biden Richard Nixon,0
Elizabeth Warren,137,Joe Biden Ronald Reagan,0
Elizabeth Warren,137,Richard Nixon Ronald Reagan,0
George W. Bush,138,Abraham Lincoln Barack Obama,0
George W. Bush,138,Abraham Lincoln Bernie Sanders,0
George W. Bush,138,Abraham Lincoln Donald Trump,0
George W. Bush,138,Abraham Lincoln Elizabeth Warren,0
George W. Bush,138,Abraham Lincoln Hillary Clinton,0
George W. Bush,138,Abraham Lincoln Joe Biden,0
George W. Bush,138,Abraham Lincoln Richard Nixon,0
George W. Bush,138,Abraham Lincoln Ronald Reagan,0
George W. Bush,138,Barack Obama Bernie Sanders,0
George W. Bush,138,Barack Obama Donald Trump,0
George W. Bush,138,Barack Obama Elizabeth Warren,0
George W. Bush,138,Barack Obama Hillary Clinton,0
George W. Bush,138,Barack Obama Richard Nixon,0
George W. Bush,138,Barack Obama Ronald Reagan,0
George W. Bush,138,Bernie Sanders Donald Trump,0
George W. Bush,138,Bernie Sanders Elizabeth Warren,0
George W. Bush,138,Bernie Sanders Hillary Clinton,0
George W. Bush,138,Bernie Sanders Joe Biden,0
George W. Bush,138,Bernie Sanders Richard Nixon,0
George W. Bush,138,Bernie Sanders Ronald Reagan,1
George W. Bush,138,Donald Trump Joe Biden,0
George W. Bush,138,Donald Trump Ronald Reagan,0
George W. Bush,138,Elizabeth Warren Hillary Clinton,0
George W. Bush,138,Elizabeth Warren Joe Biden,0
George W. Bush,138,Elizabeth Warren Richard Nixon,0
George W. Bush,138,Elizabeth Warren Ronald Reagan,0
George W. Bush,138,Hillary Clinton Joe Biden,1
George W. Bush,138,Hillary Clinton Richard Nixon,0
George W. Bush,138,Hillary Clinton Ronald Reagan,0
George W. Bush,138,Joe Biden Richard Nixon,0
George W. Bush,138,Joe Biden Ronald Reagan,0
George W. Bush,138,Richard Nixon Ronald Reagan,0
Donald Trump,139,Abraham Lincoln Barack Obama,0
Donald Trump,139,Abraham Lincoln Bernie Sanders,0
Donald Trump,139,Abraham Lincoln Elizabeth Warren,0
Donald Trump,139,Abraham Lincoln George W. Bush,0
Donald Trump,139,Abraham Lincoln Hillary Clinton,0
Donald Trump,139,Abraham Lincoln Joe Biden,0
Donald Trump,139,Abraham Lincoln Richard Nixon,1
Donald Trump,139,Abraham Lincoln Ronald Reagan,0
Donald Trump,139,Barack Obama Bernie Sanders,0
Donald Trump,139,Barack Obama Elizabeth Warren,0
Donald Trump,139,Barack Obama Hillary Clinton,0
Donald Trump,139,Barack Obama Joe Biden,0
Donald Trump,139,Barack Obama Richard Nixon,0
Donald Trump,139,Barack Obama Ronald Reagan,1
Donald Trump,139,Bernie Sanders Elizabeth Warren,0
Donald Trump,139,Bernie Sanders George W. Bush,0
Donald Trump,139,Bernie Sanders Hillary Clinton,0
Donald Trump,139,Bernie Sanders Joe Biden,0
Donald Trump,139,Bernie Sanders Ronald Reagan,1
Donald Trump,139,Elizabeth Warren George W. Bush,0
Donald Trump,139,Elizabeth Warren Hillary Clinton,0
Donald Trump,139,Elizabeth Warren Joe Biden,0
Donald Trump,139,Elizabeth Warren Richard Nixon,0
Donald Trump,139,Elizabeth Warren Ronald Reagan,0
Donald Trump,139,George W. Bush Hillary Clinton,0
Donald Trump,139,George W. Bush Joe Biden,0
Donald Trump,139,George W. Bush Ronald Reagan,0
Donald Trump,139,Hillary Clinton Richard Nixon,1
Donald Trump,139,Hillary Clinton Ronald Reagan,0
Donald Trump,139,Joe Biden Richard Nixon,0
Donald Trump,139,Joe Biden Ronald Reagan,1
Donald Trump,139,Richard Nixon Ronald Reagan,0
Ronald Reagan,140,Abraham Lincoln Barack Obama,0
Ronald Reagan,140,Abraham Lincoln Bernie Sanders,0
Ronald Reagan,140,Abraham Lincoln Donald Trump,0
Ronald Reagan,140,Abraham Lincoln Elizabeth Warren,0
Ronald Reagan,140,Abraham Lincoln George W. Bush,0
Ronald Reagan,140,Abraham Lincoln Hillary Clinton,0
Ronald Reagan,140,Abraham Lincoln Joe Biden,0
Ronald Reagan,140,Abraham Lincoln Richard Nixon,0
Ronald Reagan,140,Barack Obama Bernie Sanders,0
Ronald Reagan,140,Barack Obama Donald Trump,0
Ronald Reagan,140,Barack Obama Elizabeth Warren,0
Ronald Reagan,140,Barack Obama George W. Bush,0
Ronald Reagan,140,Barack Obama Hillary Clinton,0
Ronald Reagan,140,Barack Obama Joe Biden,0
Ronald Reagan,140,Barack Obama Richard Nixon,0
Ronald Reagan,140,Bernie Sanders Donald Trump,0
Ronald Reagan,140,Bernie Sanders Elizabeth Warren,0
Ronald Reagan,140,Bernie Sanders George W. Bush,1
Ronald Reagan,140,Bernie Sanders Hillary Clinton,0
Ronald Reagan,140,Bernie Sanders Joe Biden,0
Ronald Reagan,140,Bernie Sanders Richard Nixon,0
Ronald Reagan,140,Donald Trump Elizabeth Warren,0
Ronald Reagan,140,Donald Trump George W. Bush,0
Ronald Reagan,140,Donald Trump Hillary Clinton,0
Ronald Reagan,140,Donald Trump Joe Biden,0
Ronald Reagan,140,Donald Trump Richard Nixon,0
Ronald Reagan,140,Elizabeth Warren George W. Bush,0
Ronald Reagan,140,Elizabeth Warren Hillary Clinton,0
Ronald Reagan,140,Elizabeth Warren Joe Biden,0
Ronald Reagan,140,Elizabeth Warren Richard Nixon,0
Ronald Reagan,140,George W. Bush Hillary Clinton,0
Ronald Reagan,140,George W. Bush Joe Biden,0
Ronald Reagan,140,George W. Bush Richard Nixon,0
Ronald Reagan,140,Hillary Clinton Joe Biden,0
Ronald Reagan,140,Hillary Clinton Richard Nixon,1
Ronald Reagan,140,Joe Biden Richard Nixon,0
Hillary Clinton,141,Abraham Lincoln Barack Obama,0
Hillary Clinton,141,Abraham Lincoln Bernie Sanders,0
Hillary Clinton,141,Abraham Lincoln Donald Trump,0
Hillary Clinton,141,Abraham Lincoln George W. Bush,0
Hillary Clinton,141,Abraham Lincoln Joe Biden,0
Hillary Clinton,141,Abraham Lincoln Richard Nixon,1
Hillary Clinton,141,Abraham Lincoln Ronald Reagan,0
Hillary Clinton,141,Barack Obama Bernie Sanders,0
Hillary Clinton,141,Barack Obama Donald Trump,0
Hillary Clinton,141,Barack Obama Elizabeth Warren,0
Hillary Clinton,141,Barack Obama George W. Bush,0
Hillary Clinton,141,Barack Obama Joe Biden,0
Hillary Clinton,141,Barack Obama Richard Nixon,1
Hillary Clinton,141,Barack Obama Ronald Reagan,0
Hillary Clinton,141,Bernie Sanders Donald Trump,0
Hillary Clinton,141,Bernie Sanders Elizabeth Warren,0
Hillary Clinton,141,Bernie Sanders George W. Bush,0
Hillary Clinton,141,Bernie Sanders Ronald Reagan,0
Hillary Clinton,141,Donald Trump Elizabeth Warren,0
Hillary Clinton,141,Donald Trump George W. Bush,0
Hillary Clinton,141,Donald Trump Joe Biden,0
Hillary Clinton,141,Donald Trump Richard Nixon,0
Hillary Clinton,141,Donald Trump Ronald Reagan,0
Hillary Clinton,141,Elizabeth Warren George W. Bush,0
Hillary Clinton,141,Elizabeth Warren Joe Biden,0
Hillary Clinton,141,Elizabeth Warren Richard Nixon,0
Hillary Clinton,141,Elizabeth Warren Ronald Reagan,0
Hillary Clinton,141,George W. Bush Joe Biden,1
Hillary Clinton,141,George W. Bush Richard Nixon,0
Hillary Clinton,141,George W. Bush Ronald Reagan,0
Hillary Clinton,141,Joe Biden Richard Nixon,1
Hillary Clinton,141,Joe Biden Ronald Reagan,0
Hillary Clinton,141,Richard Nixon Ronald Reagan,0
Richard Nixon,142,Abraham Lincoln Barack Obama,0
Richard Nixon,142,Abraham Lincoln Bernie Sanders,0
Richard Nixon,142,Abraham Lincoln Donald Trump,0
Richard Nixon,142,Abraham Lincoln Elizabeth Warren,0
Richard Nixon,142,Abraham Lincoln George W. Bush,1
Richard Nixon,142,Abraham Lincoln Hillary Clinton,0
Richard Nixon,142,Abraham Lincoln Joe Biden,0
Richard Nixon,142,Abraham Lincoln Ronald Reagan,0
Richard Nixon,142,Barack Obama Bernie Sanders,0
Richard Nixon,142,Barack Obama Donald Trump,0
Richard Nixon,142,Barack Obama Elizabeth Warren,0
Richard Nixon,142,Barack Obama George W. Bush,0
Richard Nixon,142,Barack Obama Hillary Clinton,0
Richard Nixon,142,Barack Obama Joe Biden,0
Richard Nixon,142,Barack Obama Ronald Reagan,0
Richard Nixon,142,Bernie Sanders Donald Trump,0
Richard Nixon,142,Bernie Sanders Elizabeth Warren,0
Richard Nixon,142,Bernie Sanders George W. Bush,1
Richard Nixon,142,Bernie Sanders Hillary Clinton,1
Richard Nixon,142,Bernie Sanders Joe Biden,0
Richard Nixon,142,Bernie Sanders Ronald Reagan,0
Richard Nixon,142,Donald Trump Elizabeth Warren,0
Richard Nixon,142,Donald Trump George W. Bush,0
Richard Nixon,142,Donald Trump Hillary Clinton,0
Richard Nixon,142,Donald Trump Joe Biden,0
Richard Nixon,142,Donald Trump Ronald Reagan,0
Richard Nixon,142,Elizabeth Warren George W. Bush,0
Richard Nixon,142,Elizabeth Warren Hillary Clinton,0
Richard Nixon,142,Elizabeth Warren Joe Biden,1
Richard Nixon,142,Elizabeth Warren Ronald Reagan,0
Richard Nixon,142,George W. Bush Hillary Clinton,0
Richard Nixon,142,George W. Bush Joe Biden,0
Richard Nixon,142,George W. Bush Ronald Reagan,0
Richard Nixon,142,Hillary Clinton Joe Biden,0
Richard Nixon,142,Hillary Clinton Ronald Reagan,0
Richard Nixon,142,Joe Biden Ronald Reagan,0
Hillary Clinton,143,Abraham Lincoln Barack Obama,0
Hillary Clinton,143,Abraham Lincoln Bernie Sanders,0
Hillary Clinton,143,Abraham Lincoln Donald Trump,0
Hillary Clinton,143,Abraham Lincoln Elizabeth Warren,0
Hillary Clinton,143,Abraham Lincoln George W. Bush,0
Hillary Clinton,143,Abraham Lincoln Joe Biden,0
Hillary Clinton,143,Abraham Lincoln Richard Nixon,0
Hillary Clinton,143,Abraham Lincoln Ronald Reagan,0
Hillary Clinton,143,Barack Obama Bernie Sanders,0
Hillary Clinton,143,Barack Obama Donald Trump,0
Hillary Clinton,143,Barack Obama Elizabeth Warren,0
Hillary Clinton,143,Barack Obama George W. Bush,0
Hillary Clinton,143,Barack Obama Joe Biden,1
Hillary Clinton,143,Barack Obama Richard Nixon,0
Hillary Clinton,143,Barack Obama Ronald Reagan,0
Hillary Clinton,143,Bernie Sanders Donald Trump,0
Hillary Clinton,143,Bernie Sanders Elizabeth Warren,0
Hillary Clinton,143,Bernie Sanders George W. Bush,0
Hillary Clinton,143,Bernie Sanders Joe Biden,0
Hillary Clinton,143,Bernie Sanders Ronald Reagan,0
Hillary Clinton,143,Donald Trump Elizabeth Warren,0
Hillary Clinton,143,Donald Trump George W. Bush,0
Hillary Clinton,143,Donald Trump Joe Biden,0
Hillary Clinton,143,Donald Trump Richard Nixon,0
Hillary Clinton,143,Donald Trump Ronald Reagan,0
Hillary Clinton,143,Elizabeth Warren George W. Bush,0
Hillary Clinton,143,Elizabeth Warren Joe Biden,0
Hillary Clinton,143,Elizabeth Warren Richard Nixon,0
Hillary Clinton,143,Elizabeth Warren Ronald Reagan,0
Hillary Clinton,143,George W. Bush Joe Biden,0
Hillary Clinton,143,George W. Bush Richard Nixon,1
Hillary Clinton,143,George W. Bush Ronald Reagan,0
Hillary Clinton,143,Joe Biden Richard Nixon,0
Hillary Clinton,143,Joe Biden Ronald Reagan,0
Hillary Clinton,143,Richard Nixon Ronald Reagan,1
Abraham Lincoln,144,Barack Obama Bernie Sanders,1
Abraham Lincoln,144,Barack Obama Elizabeth Warren,0
Abraham Lincoln,144,Barack Obama Hillary Clinton,0
Abraham Lincoln,144,Barack Obama Joe Biden,0
Abraham Lincoln,144,Barack Obama Richard Nixon,0
Abraham Lincoln,144,Barack Obama Ronald Reagan,0
Abraham Lincoln,144,Bernie Sanders Donald Trump,0
Abraham Lincoln,144,Bernie Sanders Elizabeth Warren,0
Abraham Lincoln,144,Bernie Sanders George W. Bush,0
Abraham Lincoln,144,Bernie Sanders Hillary Clinton,0
Abraham Lincoln,144,Bernie Sanders Joe Biden,0
Abraham Lincoln,144,Bernie Sanders Richard Nixon,0
Abraham Lincoln,144,Bernie Sanders Ronald Reagan,0
Abraham Lincoln,144,Donald Trump Elizabeth Warren,0
Abraham Lincoln,144,Donald Trump George W. Bush,0
Abraham Lincoln,144,Donald Trump Hillary Clinton,0
Abraham Lincoln,144,Donald Trump Joe Biden,0
Abraham Lincoln,144,Donald Trump Richard Nixon,0
Abraham Lincoln,144,Donald Trump Ronald Reagan,0
Abraham Lincoln,144,Elizabeth Warren George W. Bush,0
Abraham Lincoln,144,Elizabeth Warren Hillary Clinton,0
Abraham Lincoln,144,Elizabeth Warren Joe Biden,0
Abraham Lincoln,144,Elizabeth Warren Richard Nixon,0
Abraham Lincoln,144,Elizabeth Warren Ronald Reagan,0
Abraham Lincoln,144,George W. Bush Hillary Clinton,0
Abraham Lincoln,144,George W. Bush Richard Nixon,0
Abraham Lincoln,144,George W. Bush Ronald Reagan,1
Abraham Lincoln,144,Hillary Clinton Richard Nixon,0
Abraham Lincoln,144,Hillary Clinton Ronald Reagan,0
Abraham Lincoln,144,Joe Biden Richard Nixon,0
Abraham Lincoln,144,Joe Biden Ronald Reagan,0
Abraham Lincoln,144,Richard Nixon Ronald Reagan,0
Abraham Lincoln,145,Barack Obama Bernie Sanders,1
Abraham Lincoln,145,Barack Obama Donald Trump,0
Abraham Lincoln,145,Barack Obama Elizabeth Warren,0
Abraham Lincoln,145,Barack Obama George W. Bush,0
Abraham Lincoln,145,Barack Obama Hillary Clinton,0
Abraham Lincoln,145,Barack Obama Joe Biden,0
Abraham Lincoln,145,Barack Obama Richard Nixon,0
Abraham Lincoln,145,Barack Obama Ronald Reagan,0
Abraham Lincoln,145,Bernie Sanders Donald Trump,0
Abraham Lincoln,145,Bernie Sanders Elizabeth Warren,0
Abraham Lincoln,145,Bernie Sanders George W. Bush,0
Abraham Lincoln,145,Bernie Sanders Hillary Clinton,0
Abraham Lincoln,145,Bernie Sanders Joe Biden,1
Abraham Lincoln,145,Bernie Sanders Richard Nixon,0
Abraham Lincoln,145,Bernie Sanders Ronald Reagan,0
Abraham Lincoln,145,Donald Trump Elizabeth Warren,0
Abraham Lincoln,145,Donald Trump George W. Bush,0
Abraham Lincoln,145,Donald Trump Hillary Clinton,0
Abraham Lincoln,145,Donald Trump Joe Biden,0
Abraham Lincoln,145,Donald Trump Richard Nixon,0
Abraham Lincoln,145,Donald Trump Ronald Reagan,0
Abraham Lincoln,145,Elizabeth Warren George W. Bush,0
Abraham Lincoln,145,Elizabeth Warren Hillary Clinton,0
Abraham Lincoln,145,Elizabeth Warren Richard Nixon,0
Abraham Lincoln,145,Elizabeth Warren Ronald Reagan,0
Abraham Lincoln,145,George W. Bush Hillary Clinton,0
Abraham Lincoln,145,George W. Bush Richard Nixon,0
Abraham Lincoln,145,George W. Bush Ronald Reagan,0
Abraham Lincoln,145,Hillary Clinton Joe Biden,1
Abraham Lincoln,145,Hillary Clinton Richard Nixon,0
Abraham Lincoln,145,Hillary Clinton Ronald Reagan,1
Abraham Lincoln,145,Richard Nixon Ronald Reagan,0
Richard Nixon,146,Abraham Lincoln Barack Obama,0
Richard Nixon,146,Abraham Lincoln Bernie Sanders,0
Richard Nixon,146,Abraham Lincoln Donald Trump,0
Richard Nixon,146,Abraham Lincoln Elizabeth Warren,0
Richard Nixon,146,Abraham Lincoln George W. Bush,0
Richard Nixon,146,Abraham Lincoln Hillary Clinton,0
Richard Nixon,146,Abraham Lincoln Joe Biden,1
Richard Nixon,146,Abraham Lincoln Ronald Reagan,0
Richard Nixon,146,Barack Obama Bernie Sanders,0
Richard Nixon,146,Barack Obama George W. Bush,0
Richard Nixon,146,Barack Obama Hillary Clinton,0
Richard Nixon,146,Barack Obama Joe Biden,0
Richard Nixon,146,Barack Obama Ronald Reagan,0
Richard Nixon,146,Bernie Sanders Donald Trump,0
Richard Nixon,146,Bernie Sanders Elizabeth Warren,0
Richard Nixon,146,Bernie Sanders George W. Bush,0
Richard Nixon,146,Bernie Sanders Hillary Clinton,0
Richard Nixon,146,Bernie Sanders Joe Biden,0
Richard Nixon,146,Bernie Sanders Ronald Reagan,0
Richard Nixon,146,Donald Trump Elizabeth Warren,0
Richard Nixon,146,Donald Trump George W. Bush,0
Richard Nixon,146,Donald Trump Hillary Clinton,1
Richard Nixon,146,Elizabeth Warren George W. Bush,0
Richard Nixon,146,Elizabeth Warren Hillary Clinton,0
Richard Nixon,146,Elizabeth Warren Joe Biden,1
Richard Nixon,146,Elizabeth Warren Ronald Reagan,0
Richard Nixon,146,George W. Bush Hillary Clinton,0
Richard Nixon,146,George W. Bush Joe Biden,0
Richard Nixon,146,George W. Bush Ronald Reagan,0
Richard Nixon,146,Hillary Clinton Ronald Reagan,0
Richard Nixon,146,Joe Biden Ronald Reagan,0
Richard Nixon,147,Abraham Lincoln Barack Obama,0
Richard Nixon,147,Abraham Lincoln Bernie Sanders,0
Richard Nixon,147,Abraham Lincoln Donald Trump,0
Richard Nixon,147,Abraham Lincoln Elizabeth Warren,0
Richard Nixon,147,Abraham Lincoln George W. Bush,0
Richard Nixon,147,Abraham Lincoln Hillary Clinton,0
Richard Nixon,147,Abraham Lincoln Joe Biden,0
Richard Nixon,147,Abraham Lincoln Ronald Reagan,0
Richard Nixon,147,Barack Obama Bernie Sanders,0
Richard Nixon,147,Barack Obama Donald Trump,0
Richard Nixon,147,Barack Obama Elizabeth Warren,1
Richard Nixon,147,Barack Obama George W. Bush,0
Richard Nixon,147,Barack Obama Hillary Clinton,1
Richard Nixon,147,Barack Obama Joe Biden,1
Richard Nixon,147,Barack Obama Ronald Reagan,0
Richard Nixon,147,Bernie Sanders Donald Trump,0
Richard Nixon,147,Bernie Sanders Elizabeth Warren,0
Richard Nixon,147,Bernie Sanders George W. Bush,0
Richard Nixon,147,Bernie Sanders Hillary Clinton,1
Richard Nixon,147,Bernie Sanders Joe Biden,0
Richard Nixon,147,Bernie Sanders Ronald Reagan,0
Richard Nixon,147,Donald Trump Elizabeth Warren,0
Richard Nixon,147,Donald Trump George W. Bush,0
Richard Nixon,147,Donald Trump Joe Biden,0
Richard Nixon,147,Donald Trump Ronald Reagan,0
Richard Nixon,147,Elizabeth Warren George W. Bush,0
Richard Nixon,147,Elizabeth Warren Hillary Clinton,0
Richard Nixon,147,Elizabeth Warren Joe Biden,0
Richard Nixon,147,Elizabeth Warren Ronald Reagan,0
Richard Nixon,147,George W. Bush Hillary Clinton,0
Richard Nixon,147,George W. Bush Ronald Reagan,0
Richard Nixon,147,Hillary Clinton Joe Biden,0
Richard Nixon,147,Hillary Clinton Ronald Reagan,0
Richard Nixon,147,Joe Biden Ronald Reagan,0
Donald Trump,148,Abraham Lincoln Barack Obama,0
Donald Trump,148,Abraham Lincoln Bernie Sanders,0
Donald Trump,148,Abraham Lincoln Elizabeth Warren,0
Donald Trump,148,Abraham Lincoln George W. Bush,0
Donald Trump,148,Abraham Lincoln Hillary Clinton,0
Donald Trump,148,Abraham Lincoln Richard Nixon,0
Donald Trump,148,Abraham Lincoln Ronald Reagan,0
Donald Trump,148,Barack Obama Bernie Sanders,0
Donald Trump,148,Barack Obama Elizabeth Warren,0
Donald Trump,148,Barack Obama George W. Bush,0
Donald Trump,148,Barack Obama Hillary Clinton,0
Donald Trump,148,Barack Obama Joe Biden,0
Donald Trump,148,Barack Obama Richard Nixon,0
Donald Trump,148,Barack Obama Ronald Reagan,0
Donald Trump,148,Bernie Sanders Elizabeth Warren,0
Donald Trump,148,Bernie Sanders George W. Bush,0
Donald Trump,148,Bernie Sanders Hillary Clinton,0
Donald Trump,148,Bernie Sanders Joe Biden,0
Donald Trump,148,Bernie Sanders Richard Nixon,1
Donald Trump,148,Bernie Sanders Ronald Reagan,1
Donald Trump,148,Elizabeth Warren George W. Bush,0
Donald Trump,148,Elizabeth Warren Hillary Clinton,0
Donald Trump,148,Elizabeth Warren Joe Biden,0
Donald Trump,148,Elizabeth Warren Ronald Reagan,0
Donald Trump,148,George W. Bush Hillary Clinton,0
Donald Trump,148,George W. Bush Joe Biden,0
Donald Trump,148,George W. Bush Richard Nixon,1
Donald Trump,148,George W. Bush Ronald Reagan,1
Donald Trump,148,Hillary Clinton Joe Biden,1
Donald Trump,148,Hillary Clinton Richard Nixon,0
Donald Trump,148,Joe Biden Richard Nixon,0
Donald Trump,148,Joe Biden Ronald Reagan,0
Donald Trump,148,Richard Nixon Ronald Reagan,0
Richard Nixon,149,Abraham Lincoln Bernie Sanders,0
Richard Nixon,149,Abraham Lincoln Donald Trump,0
Richard Nixon,149,Abraham Lincoln Elizabeth Warren,0
Richard Nixon,149,Abraham Lincoln George W. Bush,0
Richard Nixon,149,Abraham Lincoln Hillary Clinton,0
Richard Nixon,149,Abraham Lincoln Joe Biden,0
Richard Nixon,149,Abraham Lincoln Ronald Reagan,0
Richard Nixon,149,Barack Obama Bernie Sanders,1
Richard Nixon,149,Barack Obama Donald Trump,0
Richard Nixon,149,Barack Obama Elizabeth Warren,0
Richard Nixon,149,Barack Obama George W. Bush,0
Richard Nixon,149,Barack Obama Hillary Clinton,0
Richard Nixon,149,Barack Obama Joe Biden,0
Richard Nixon,149,Barack Obama Ronald Reagan,0
Richard Nixon,149,Bernie Sanders Donald Trump,1
Richard Nixon,149,Bernie Sanders Elizabeth Warren,0
Richard Nixon,149,Bernie Sanders George W. Bush,0
Richard Nixon,149,Bernie Sanders Hillary Clinton,0
Richard Nixon,149,Bernie Sanders Joe Biden,1
Richard Nixon,149,Bernie Sanders Ronald Reagan,0
Richard Nixon,149,Donald Trump Elizabeth Warren,1
Richard Nixon,149,Donald Trump George W. Bush,0
Richard Nixon,149,Donald Trump Hillary Clinton,1
Richard Nixon,149,Donald Trump Joe Biden,0
Richard Nixon,149,Donald Trump Ronald Reagan,0
Richard Nixon,149,Elizabeth Warren George W. Bush,0
Richard Nixon,149,Elizabeth Warren Hillary Clinton,0
Richard Nixon,149,Elizabeth Warren Joe Biden,0
Richard Nixon,149,Elizabeth Warren Ronald Reagan,0
Richard Nixon,149,George W. Bush Hillary Clinton,0
Richard Nixon,149,George W. Bush Joe Biden,0
Richard Nixon,149,George W. Bush Ronald Reagan,0
Richard Nixon,149,Hillary Clinton Joe Biden,0
Richard Nixon,149,Hillary Clinton Ronald Reagan,0
Richard Nixon,149,Joe Biden Ronald Reagan,0
Bernie Sanders,150,Abraham Lincoln Barack Obama,0
Bernie Sanders,150,Abraham Lincoln Donald Trump,0
Bernie Sanders,150,Abraham Lincoln Elizabeth Warren,0
Bernie Sanders,150,Abraham Lincoln George W. Bush,0
Bernie Sanders,150,Abraham Lincoln Hillary Clinton,0
Bernie Sanders,150,Abraham Lincoln Joe Biden,0
Bernie Sanders,150,Abraham Lincoln Richard Nixon,0
Bernie Sanders,150,Abraham Lincoln Ronald Reagan,0
Bernie Sanders,150,Barack Obama Donald Trump,0
Bernie Sanders,150,Barack Obama Elizabeth Warren,0
Bernie Sanders,150,Barack Obama George W. Bush,0
Bernie Sanders,150,Barack Obama Hillary Clinton,0
Bernie Sanders,150,Barack Obama Joe Biden,0
Bernie Sanders,150,Barack Obama Richard Nixon,0
Bernie Sanders,150,Barack Obama Ronald Reagan,0
Bernie Sanders,150,Donald Trump Elizabeth Warren,0
Bernie Sanders,150,Donald Trump George W. Bush,0
Bernie Sanders,150,Donald Trump Hillary Clinton,0
Bernie Sanders,150,Donald Trump Joe Biden,0
Bernie Sanders,150,Donald Trump Richard Nixon,0
Bernie Sanders,150,Donald Trump Ronald Reagan,1
Bernie Sanders,150,Elizabeth Warren George W. Bush,0
Bernie Sanders,150,Elizabeth Warren Hillary Clinton,0
Bernie Sanders,150,Elizabeth Warren Joe Biden,0
Bernie Sanders,150,Elizabeth Warren Richard Nixon,0
Bernie Sanders,150,Elizabeth Warren Ronald Reagan,0
Bernie Sanders,150,George W. Bush Hillary Clinton,0
Bernie Sanders,150,George W. Bush Joe Biden,0
Bernie Sanders,150,George W. Bush Richard Nixon,0
Bernie Sanders,150,George W. Bush Ronald Reagan,0
Bernie Sanders,150,Hillary Clinton Joe Biden,0
Bernie Sanders,150,Hillary Clinton Richard Nixon,0
Bernie Sanders,150,Hillary Clinton Ronald Reagan,0
Bernie Sanders,150,Joe Biden Richard Nixon,0
Bernie Sanders,150,Joe Biden Ronald Reagan,0
Bernie Sanders,150,Richard Nixon Ronald Reagan,0
Hillary Clinton,151,Abraham Lincoln Barack Obama,0
Hillary Clinton,151,Abraham Lincoln Bernie Sanders,0
Hillary Clinton,151,Abraham Lincoln Donald Trump,0
Hillary Clinton,151,Abraham Lincoln Elizabeth Warren,0
Hillary Clinton,151,Abraham Lincoln George W. Bush,0
Hillary Clinton,151,Abraham Lincoln Joe Biden,0
Hillary Clinton,151,Abraham Lincoln Richard Nixon,0
Hillary Clinton,151,Abraham Lincoln Ronald Reagan,0
Hillary Clinton,151,Barack Obama Bernie Sanders,0
Hillary Clinton,151,Barack Obama Donald Trump,0
Hillary Clinton,151,Barack Obama Elizabeth Warren,0
Hillary Clinton,151,Barack Obama George W. Bush,0
Hillary Clinton,151,Barack Obama Joe Biden,0
Hillary Clinton,151,Barack Obama Richard Nixon,0
Hillary Clinton,151,Barack Obama Ronald Reagan,0
Hillary Clinton,151,Bernie Sanders Donald Trump,0
Hillary Clinton,151,Bernie Sanders Elizabeth Warren,0
Hillary Clinton,151,Bernie Sanders George W. Bush,0
Hillary Clinton,151,Bernie Sanders Joe Biden,1
Hillary Clinton,151,Bernie Sanders Richard Nixon,0
Hillary Clinton,151,Bernie Sanders Ronald Reagan,0
Hillary Clinton,151,Donald Trump Elizabeth Warren,0
Hillary Clinton,151,Donald Trump George W. Bush,1
Hillary Clinton,151,Donald Trump Richard Nixon,0
Hillary Clinton,151,Donald Trump Ronald Reagan,0
Hillary Clinton,151,Elizabeth Warren George W. Bush,0
Hillary Clinton,151,Elizabeth Warren Joe Biden,0
Hillary Clinton,151,Elizabeth Warren Richard Nixon,0
Hillary Clinton,151,Elizabeth Warren Ronald Reagan,0
Hillary Clinton,151,George W. Bush Joe Biden,0
Hillary Clinton,151,George W. Bush Richard Nixon,0
Hillary Clinton,151,George W. Bush Ronald Reagan,0
Hillary Clinton,151,Joe Biden Richard Nixon,1
Hillary Clinton,151,Joe Biden Ronald Reagan,1
Hillary Clinton,151,Richard Nixon Ronald Reagan,0
George W. Bush,152,Abraham Lincoln Barack Obama,0
George W. Bush,152,Abraham Lincoln Bernie Sanders,0
George W. Bush,152,Abraham Lincoln Donald Trump,0
George W. Bush,152,Abraham Lincoln Elizabeth Warren,0
George W. Bush,152,Abraham Lincoln Hillary Clinton,1
George W. Bush,152,Abraham Lincoln Joe Biden,0
George W. Bush,152,Abraham Lincoln Richard Nixon,0
George W. Bush,152,Abraham Lincoln Ronald Reagan,0
George W. Bush,152,Barack Obama Bernie Sanders,0
George W. Bush,152,Barack Obama Donald Trump,0
George W. Bush,152,Barack Obama Hillary Clinton,0
George W. Bush,152,Barack Obama Joe Biden,0
George W. Bush,152,Barack Obama Richard Nixon,0
George W. Bush,152,Barack Obama Ronald Reagan,0
George W. Bush,152,Bernie Sanders Donald Trump,0
George W. Bush,152,Bernie Sanders Elizabeth Warren,0
George W. Bush,152,Bernie Sanders Joe Biden,0
George W. Bush,152,Bernie Sanders Richard Nixon,0
George W. Bush,152,Bernie Sanders Ronald Reagan,0
George W. Bush,152,Donald Trump Elizabeth Warren,0
George W. Bush,152,Donald Trump Hillary Clinton,0
George W. Bush,152,Donald Trump Joe Biden,0
George W. Bush,152,Donald Trump Richard Nixon,0
George W. Bush,152,Donald Trump Ronald Reagan,0
George W. Bush,152,Elizabeth Warren Hillary Clinton,0
George W. Bush,152,Elizabeth Warren Joe Biden,0
George W. Bush,152,Elizabeth Warren Ronald Reagan,0
George W. Bush,152,Hillary Clinton Joe Biden,0
George W. Bush,152,Hillary Clinton Richard Nixon,0
George W. Bush,152,Joe Biden Richard Nixon,0
George W. Bush,152,Joe Biden Ronald Reagan,0
George W. Bush,152,Richard Nixon Ronald Reagan,1
Joe Biden,153,Abraham Lincoln Barack Obama,0
Joe Biden,153,Abraham Lincoln Bernie Sanders,0
Joe Biden,153,Abraham Lincoln Donald Trump,0
Joe Biden,153,Abraham Lincoln Elizabeth Warren,0
Joe Biden,153,Abraham Lincoln Hillary Clinton,0
Joe Biden,153,Abraham Lincoln Richard Nixon,0
Joe Biden,153,Abraham Lincoln Ronald Reagan,0
Joe Biden,153,Barack Obama Bernie Sanders,0
Joe Biden,153,Barack Obama Donald Trump,0
Joe Biden,153,Barack Obama Elizabeth Warren,0
Joe Biden,153,Barack Obama George W. Bush,0
Joe Biden,153,Barack Obama Hillary Clinton,0
Joe Biden,153,Barack Obama Richard Nixon,0
Joe Biden,153,Barack Obama Ronald Reagan,0
Joe Biden,153,Bernie Sanders Donald Trump,0
Joe Biden,153,Bernie Sanders Elizabeth Warren,0
Joe Biden,153,Bernie Sanders George W. Bush,0
Joe Biden,153,Bernie Sanders Hillary Clinton,0
Joe Biden,153,Bernie Sanders Richard Nixon,0
Joe Biden,153,Bernie Sanders Ronald Reagan,0
Joe Biden,153,Donald Trump Elizabeth Warren,0
Joe Biden,153,Donald Trump George W. Bush,0
Joe Biden,153,Donald Trump Richard Nixon,0
Joe Biden,153,Donald Trump Ronald Reagan,0
Joe Biden,153,Elizabeth Warren George W. Bush,0
Joe Biden,153,Elizabeth Warren Hillary Clinton,0
Joe Biden,153,Elizabeth Warren Richard Nixon,0
Joe Biden,153,Elizabeth Warren Ronald Reagan,0
Joe Biden,153,George W. Bush Hillary Clinton,0
Joe Biden,153,George W. Bush Richard Nixon,0
Joe Biden,153,George W. Bush Ronald Reagan,0
Joe Biden,153,Hillary Clinton Richard Nixon,1
Joe Biden,153,Hillary Clinton Ronald Reagan,0
Joe Biden,153,Richard Nixon Ronald Reagan,0
Richard Nixon,154,Abraham Lincoln Barack Obama,0
Richard Nixon,154,Abraham Lincoln Bernie Sanders,0
Richard Nixon,154,Abraham Lincoln Donald Trump,0
Richard Nixon,154,Abraham Lincoln Elizabeth Warren,0
Richard Nixon,154,Abraham Lincoln George W. Bush,0
Richard Nixon,154,Abraham Lincoln Hillary Clinton,0
Richard Nixon,154,Abraham Lincoln Joe Biden,0
Richard Nixon,154,Abraham Lincoln Ronald Reagan,0
Richard Nixon,154,Barack Obama Bernie Sanders,0
Richard Nixon,154,Barack Obama Donald Trump,0
Richard Nixon,154,Barack Obama Elizabeth Warren,0
Richard Nixon,154,Barack Obama George W. Bush,0
Richard Nixon,154,Barack Obama Hillary Clinton,0
Richard Nixon,154,Barack Obama Joe Biden,0
Richard Nixon,154,Barack Obama Ronald Reagan,0
Richard Nixon,154,Bernie Sanders Donald Trump,0
Richard Nixon,154,Bernie Sanders Elizabeth Warren,0
Richard Nixon,154,Bernie Sanders George W. Bush,0
Richard Nixon,154,Bernie Sanders Hillary Clinton,0
Richard Nixon,154,Bernie Sanders Joe Biden,0
Richard Nixon,154,Bernie Sanders Ronald Reagan,1
Richard Nixon,154,Donald Trump Elizabeth Warren,0
Richard Nixon,154,Donald Trump George W. Bush,1
Richard Nixon,154,Donald Trump Hillary Clinton,1
Richard Nixon,154,Donald Trump Joe Biden,0
Richard Nixon,154,Donald Trump Ronald Reagan,0
Richard Nixon,154,Elizabeth Warren George W. Bush,0
Richard Nixon,154,Elizabeth Warren Joe Biden,0
Richard Nixon,154,Elizabeth Warren Ronald Reagan,0
Richard Nixon,154,George W. Bush Hillary Clinton,0
Richard Nixon,154,George W. Bush Joe Biden,0
Richard Nixon,154,George W. Bush Ronald Reagan,0
Richard Nixon,154,Hillary Clinton Joe Biden,0
Richard Nixon,154,Hillary Clinton Ronald Reagan,0
Richard Nixon,154,Joe Biden Ronald Reagan,0
Elizabeth Warren,155,Abraham Lincoln Barack Obama,0
Elizabeth Warren,155,Abraham Lincoln Bernie Sanders,0
Elizabeth Warren,155,Abraham Lincoln Donald Trump,0
Elizabeth Warren,155,Abraham Lincoln George W. Bush,0
Elizabeth Warren,155,Abraham Lincoln Hillary Clinton,0
Elizabeth Warren,155,Abraham Lincoln Joe Biden,0
Elizabeth Warren,155,Abraham Lincoln Richard Nixon,0
Elizabeth Warren,155,Abraham Lincoln Ronald Reagan,0
Elizabeth Warren,155,Barack Obama Bernie Sanders,0
Elizabeth Warren,155,Barack Obama Donald Trump,0
Elizabeth Warren,155,Barack Obama George W. Bush,0
Elizabeth Warren,155,Barack Obama Hillary Clinton,0
Elizabeth Warren,155,Barack Obama Joe Biden,0
Elizabeth Warren,155,Barack Obama Richard Nixon,0
Elizabeth Warren,155,Barack Obama Ronald Reagan,0
Elizabeth Warren,155,Bernie Sanders Donald Trump,0
Elizabeth Warren,155,Bernie Sanders George W. Bush,0
Elizabeth Warren,155,Bernie Sanders Hillary Clinton,0
Elizabeth Warren,155,Bernie Sanders Joe Biden,0
Elizabeth Warren,155,Bernie Sanders Richard Nixon,0
Elizabeth Warren,155,Bernie Sanders Ronald Reagan,0
Elizabeth Warren,155,Donald Trump George W. Bush,0
Elizabeth Warren,155,Donald Trump Hillary Clinton,0
Elizabeth Warren,155,Donald Trump Joe Biden,0
Elizabeth Warren,155,Donald Trump Richard Nixon,0
Elizabeth Warren,155,Donald Trump Ronald Reagan,0
Elizabeth Warren,155,George W. Bush Hillary Clinton,1
Elizabeth Warren,155,George W. Bush Joe Biden,0
Elizabeth Warren,155,George W. Bush Richard Nixon,0
Elizabeth Warren,155,George W. Bush Ronald Reagan,0
Elizabeth Warren,155,Hillary Clinton Joe Biden,0
Elizabeth Warren,155,Hillary Clinton Richard Nixon,0
Elizabeth Warren,155,Hillary Clinton Ronald Reagan,0
Elizabeth Warren,155,Joe Biden Richard Nixon,0
Elizabeth Warren,155,Joe Biden Ronald Reagan,0
Elizabeth Warren,155,Richard Nixon Ronald Reagan,1
Abraham Lincoln,156,Barack Obama Bernie Sanders,0
Abraham Lincoln,156,Barack Obama Elizabeth Warren,0
Abraham Lincoln,156,Barack Obama George W. Bush,0
Abraham Lincoln,156,Barack Obama Hillary Clinton,0
Abraham Lincoln,156,Barack Obama Joe Biden,0
Abraham Lincoln,156,Barack Obama Richard Nixon,0
Abraham Lincoln,156,Barack Obama Ronald Reagan,0
Abraham Lincoln,156,Bernie Sanders Elizabeth Warren,0
Abraham Lincoln,156,Bernie Sanders George W. Bush,0
Abraham Lincoln,156,Bernie Sanders Hillary Clinton,0
Abraham Lincoln,156,Bernie Sanders Joe Biden,0
Abraham Lincoln,156,Bernie Sanders Richard Nixon,0
Abraham Lincoln,156,Bernie Sanders Ronald Reagan,0
Abraham Lincoln,156,Donald Trump Elizabeth Warren,0
Abraham Lincoln,156,Donald Trump George W. Bush,0
Abraham Lincoln,156,Donald Trump Joe Biden,0
Abraham Lincoln,156,Donald Trump Richard Nixon,0
Abraham Lincoln,156,Donald Trump Ronald Reagan,0
Abraham Lincoln,156,Elizabeth Warren George W. Bush,0
Abraham Lincoln,156,Elizabeth Warren Hillary Clinton,0
Abraham Lincoln,156,Elizabeth Warren Joe Biden,0
Abraham Lincoln,156,Elizabeth Warren Richard Nixon,0
Abraham Lincoln,156,Elizabeth Warren Ronald Reagan,0
Abraham Lincoln,156,George W. Bush Hillary Clinton,0
Abraham Lincoln,156,George W. Bush Joe Biden,0
Abraham Lincoln,156,George W. Bush Richard Nixon,0
Abraham Lincoln,156,George W. Bush Ronald Reagan,0
Abraham Lincoln,156,Hillary Clinton Joe Biden,0
Abraham Lincoln,156,Hillary Clinton Richard Nixon,0
Abraham Lincoln,156,Hillary Clinton Ronald Reagan,0
Abraham Lincoln,156,Joe Biden Richard Nixon,0
Abraham Lincoln,156,Joe Biden Ronald Reagan,0
Abraham Lincoln,156,Richard Nixon Ronald Reagan,0
Bernie Sanders,157,Abraham Lincoln Barack Obama,0
Bernie Sanders,157,Abraham Lincoln Donald Trump,0
Bernie Sanders,157,Abraham Lincoln Elizabeth Warren,1
Bernie Sanders,157,Abraham Lincoln George W. Bush,0
Bernie Sanders,157,Abraham Lincoln Hillary Clinton,0
Bernie Sanders,157,Abraham Lincoln Joe Biden,0
Bernie Sanders,157,Abraham Lincoln Richard Nixon,0
Bernie Sanders,157,Abraham Lincoln Ronald Reagan,0
Bernie Sanders,157,Barack Obama Donald Trump,0
Bernie Sanders,157,Barack Obama Elizabeth Warren,0
Bernie Sanders,157,Barack Obama George W. Bush,0
Bernie Sanders,157,Barack Obama Hillary Clinton,0
Bernie Sanders,157,Barack Obama Joe Biden,0
Bernie Sanders,157,Barack Obama Ronald Reagan,0
Bernie Sanders,157,Donald Trump Hillary Clinton,0
Bernie Sanders,157,Donald Trump Joe Biden,1
Bernie Sanders,157,Donald Trump Richard Nixon,0
Bernie Sanders,157,Donald Trump Ronald Reagan,0
Bernie Sanders,157,Elizabeth Warren George W. Bush,0
Bernie Sanders,157,Elizabeth Warren Hillary Clinton,0
Bernie Sanders,157,Elizabeth Warren Joe Biden,0
Bernie Sanders,157,Elizabeth Warren Richard Nixon,0
Bernie Sanders,157,Elizabeth Warren Ronald Reagan,0
Bernie Sanders,157,George W. Bush Joe Biden,0
Bernie Sanders,157,George W. Bush Richard Nixon,0
Bernie Sanders,157,George W. Bush Ronald Reagan,0
Bernie Sanders,157,Hillary Clinton Joe Biden,0
Bernie Sanders,157,Hillary Clinton Richard Nixon,1
Bernie Sanders,157,Hillary Clinton Ronald Reagan,0
Bernie Sanders,157,Joe Biden Richard Nixon,0
Bernie Sanders,157,Joe Biden Ronald Reagan,0
Bernie Sanders,157,Richard Nixon Ronald Reagan,1
Ronald Reagan,158,Abraham Lincoln Barack Obama,0
Ronald Reagan,158,Abraham Lincoln Bernie Sanders,0
Ronald Reagan,158,Abraham Lincoln Donald Trump,0
Ronald Reagan,158,Abraham Lincoln Elizabeth Warren,0
Ronald Reagan,158,Abraham Lincoln George W. Bush,0
Ronald Reagan,158,Abraham Lincoln Hillary Clinton,0
Ronald Reagan,158,Abraham Lincoln Joe Biden,0
Ronald Reagan,158,Abraham Lincoln Richard Nixon,1
Ronald Reagan,158,Barack Obama Bernie Sanders,0
Ronald Reagan,158,Barack Obama Donald Trump,0
Ronald Reagan,158,Barack Obama Elizabeth Warren,0
Ronald Reagan,158,Barack Obama George W. Bush,0
Ronald Reagan,158,Barack Obama Hillary Clinton,0
Ronald Reagan,158,Barack Obama Joe Biden,0
Ronald Reagan,158,Barack Obama Richard Nixon,0
Ronald Reagan,158,Bernie Sanders Donald Trump,0
Ronald Reagan,158,Bernie Sanders Elizabeth Warren,0
Ronald Reagan,158,Bernie Sanders George W. Bush,0
Ronald Reagan,158,Bernie Sanders Joe Biden,1
Ronald Reagan,158,Bernie Sanders Richard Nixon,0
Ronald Reagan,158,Donald Trump George W. Bush,1
Ronald Reagan,158,Donald Trump Hillary Clinton,0
Ronald Reagan,158,Donald Trump Joe Biden,0
Ronald Reagan,158,Donald Trump Richard Nixon,0
Ronald Reagan,158,Elizabeth Warren George W. Bush,0
Ronald Reagan,158,Elizabeth Warren Hillary Clinton,0
Ronald Reagan,158,Elizabeth Warren Joe Biden,0
Ronald Reagan,158,Elizabeth Warren Richard Nixon,0
Ronald Reagan,158,George W. Bush Hillary Clinton,0
Ronald Reagan,158,George W. Bush Richard Nixon,0
Ronald Reagan,158,Hillary Clinton Joe Biden,0
Ronald Reagan,158,Hillary Clinton Richard Nixon,0
Ronald Reagan,158,Joe Biden Richard Nixon,0
Joe Biden,159,Abraham Lincoln Barack Obama,0
Joe Biden,159,Abraham Lincoln Bernie Sanders,0
Joe Biden,159,Abraham Lincoln Donald Trump,0
Joe Biden,159,Abraham Lincoln Elizabeth Warren,0
Joe Biden,159,Abraham Lincoln George W. Bush,0
Joe Biden,159,Abraham Lincoln Hillary Clinton,0
Joe Biden,159,Abraham Lincoln Richard Nixon,0
Joe Biden,159,Abraham Lincoln Ronald Reagan,1
Joe Biden,159,Barack Obama Bernie Sanders,0
Joe Biden,159,Barack Obama Elizabeth Warren,0
Joe Biden,159,Barack Obama George W. Bush,0
Joe Biden,159,Barack Obama Hillary Clinton,0
Joe Biden,159,Barack Obama Ronald Reagan,0
Joe Biden,159,Bernie Sanders Donald Trump,0
Joe Biden,159,Bernie Sanders Elizabeth Warren,0
Joe Biden,159,Bernie Sanders George W. Bush,0
Joe Biden,159,Bernie Sanders Hillary Clinton,0
Joe Biden,159,Bernie Sanders Richard Nixon,0
Joe Biden,159,Bernie Sanders Ronald Reagan,0
Joe Biden,159,Donald Trump Elizabeth Warren,0
Joe Biden,159,Donald Trump George W. Bush,0
Joe Biden,159,Donald Trump Hillary Clinton,0
Joe Biden,159,Donald Trump Richard Nixon,0
Joe Biden,159,Donald Trump Ronald Reagan,0
Joe Biden,159,Elizabeth Warren Hillary Clinton,0
Joe Biden,159,Elizabeth Warren Richard Nixon,0
Joe Biden,159,Elizabeth Warren Ronald Reagan,0
Joe Biden,159,George W. Bush Hillary Clinton,0
Joe Biden,159,George W. Bush Richard Nixon,0
Joe Biden,159,George W. Bush Ronald Reagan,0
Joe Biden,159,Hillary Clinton Richard Nixon,0
Joe Biden,159,Hillary Clinton Ronald Reagan,0
Joe Biden,159,Richard Nixon Ronald Reagan,1
George W. Bush,160,Abraham Lincoln Barack Obama,0
George W. Bush,160,Abraham Lincoln Bernie Sanders,0
George W. Bush,160,Abraham Lincoln Elizabeth Warren,0
George W. Bush,160,Abraham Lincoln Joe Biden,0
George W. Bush,160,Abraham Lincoln Richard Nixon,1
George W. Bush,160,Abraham Lincoln Ronald Reagan,0
George W. Bush,160,Barack Obama Bernie Sanders,0
George W. Bush,160,Barack Obama Donald Trump,0
George W. Bush,160,Barack Obama Elizabeth Warren,0
George W. Bush,160,Barack Obama Hillary Clinton,0
George W. Bush,160,Barack Obama Joe Biden,0
George W. Bush,160,Barack Obama Richard Nixon,0
George W. Bush,160,Barack Obama Ronald Reagan,0
George W. Bush,160,Bernie Sanders Donald Trump,0
George W. Bush,160,Bernie Sanders Elizabeth Warren,0
George W. Bush,160,Bernie Sanders Hillary Clinton,0
George W. Bush,160,Bernie Sanders Joe Biden,0
George W. Bush,160,Bernie Sanders Richard Nixon,0
George W. Bush,160,Bernie Sanders Ronald Reagan,0
George W. Bush,160,Donald Trump Elizabeth Warren,0
George W. Bush,160,Donald Trump Hillary Clinton,0
George W. Bush,160,Donald Trump Joe Biden,0
George W. Bush,160,Elizabeth Warren Hillary Clinton,0
George W. Bush,160,Elizabeth Warren Joe Biden,0
George W. Bush,160,Elizabeth Warren Richard Nixon,0
George W. Bush,160,Elizabeth Warren Ronald Reagan,0
George W. Bush,160,Hillary Clinton Joe Biden,0
George W. Bush,160,Hillary Clinton Richard Nixon,0
George W. Bush,160,Hillary Clinton Ronald Reagan,0
George W. Bush,160,Joe Biden Ronald Reagan,0
George W. Bush,160,Richard Nixon Ronald Reagan,0
Joe Biden,161,Abraham Lincoln Barack Obama,0
Joe Biden,161,Abraham Lincoln Bernie Sanders,0
Joe Biden,161,Abraham Lincoln Donald Trump,0
Joe Biden,161,Abraham Lincoln Elizabeth Warren,0
Joe Biden,161,Abraham Lincoln George W. Bush,0
Joe Biden,161,Abraham Lincoln Hillary Clinton,0
Joe Biden,161,Abraham Lincoln Richard Nixon,0
Joe Biden,161,Abraham Lincoln Ronald Reagan,0
Joe Biden,161,Barack Obama Donald Trump,0
Joe Biden,161,Barack Obama Elizabeth Warren,0
Joe Biden,161,Barack Obama George W. Bush,0
Joe Biden,161,Barack Obama Hillary Clinton,0
Joe Biden,161,Barack Obama Richard Nixon,0
Joe Biden,161,Barack Obama Ronald Reagan,0
Joe Biden,161,Bernie Sanders Elizabeth Warren,0
Joe Biden,161,Bernie Sanders George W. Bush,0
Joe Biden,161,Bernie Sanders Hillary Clinton,0
Joe Biden,161,Bernie Sanders Richard Nixon,0
Joe Biden,161,Bernie Sanders Ronald Reagan,0
Joe Biden,161,Donald Trump Elizabeth Warren,0
Joe Biden,161,Donald Trump George W. Bush,0
Joe Biden,161,Donald Trump Hillary Clinton,1
Joe Biden,161,Donald Trump Richard Nixon,0
Joe Biden,161,Donald Trump Ronald Reagan,0
Joe Biden,161,Elizabeth Warren George W. Bush,0
Joe Biden,161,Elizabeth Warren Hillary Clinton,0
Joe Biden,161,Elizabeth Warren Richard Nixon,0
Joe Biden,161,Elizabeth Warren Ronald Reagan,0
Joe Biden,161,George W. Bush Hillary Clinton,0
Joe Biden,161,George W. Bush Richard Nixon,0
Joe Biden,161,George W. Bush Ronald Reagan,0
Joe Biden,161,Hillary Clinton Richard Nixon,0
Joe Biden,161,Hillary Clinton Ronald Reagan,0
Joe Biden,161,Richard Nixon Ronald Reagan,0
Richard Nixon,162,Abraham Lincoln Barack Obama,0
Richard Nixon,162,Abraham Lincoln Bernie Sanders,0
Richard Nixon,162,Abraham Lincoln Donald Trump,0
Richard Nixon,162,Abraham Lincoln Elizabeth Warren,0
Richard Nixon,162,Abraham Lincoln George W. Bush,0
Richard Nixon,162,Abraham Lincoln Hillary Clinton,0
Richard Nixon,162,Abraham Lincoln Joe Biden,0
Richard Nixon,162,Abraham Lincoln Ronald Reagan,0
Richard Nixon,162,Barack Obama Bernie Sanders,1
Richard Nixon,162,Barack Obama Donald Trump,0
Richard Nixon,162,Barack Obama Elizabeth Warren,0
Richard Nixon,162,Barack Obama George W. Bush,0
Richard Nixon,162,Barack Obama Hillary Clinton,0
Richard Nixon,162,Barack Obama Joe Biden,0
Richard Nixon,162,Barack Obama Ronald Reagan,0
Richard Nixon,162,Bernie Sanders Donald Trump,0
Richard Nixon,162,Bernie Sanders Elizabeth Warren,0
Richard Nixon,162,Bernie Sanders Joe Biden,0
Richard Nixon,162,Bernie Sanders Ronald Reagan,0
Richard Nixon,162,Donald Trump Elizabeth Warren,0
Richard Nixon,162,Donald Trump George W. Bush,0
Richard Nixon,162,Donald Trump Hillary Clinton,0
Richard Nixon,162,Donald Trump Joe Biden,0
Richard Nixon,162,Elizabeth Warren George W. Bush,0
Richard Nixon,162,Elizabeth Warren Hillary Clinton,1
Richard Nixon,162,Elizabeth Warren Joe Biden,0
Richard Nixon,162,Elizabeth Warren Ronald Reagan,0
Richard Nixon,162,George W. Bush Hillary Clinton,0
Richard Nixon,162,George W. Bush Joe Biden,0
Richard Nixon,162,George W. Bush Ronald Reagan,0
Richard Nixon,162,Hillary Clinton Joe Biden,0
Richard Nixon,162,Hillary Clinton Ronald Reagan,0
Richard Nixon,162,Joe Biden Ronald Reagan,0
Donald Trump,163,Abraham Lincoln Barack Obama,0
Donald Trump,163,Abraham Lincoln Bernie Sanders,0
Donald Trump,163,Abraham Lincoln Elizabeth Warren,0
Donald Trump,163,Abraham Lincoln George W. Bush,0
Donald Trump,163,Abraham Lincoln Hillary Clinton,0
Donald Trump,163,Abraham Lincoln Joe Biden,0
Donald Trump,163,Abraham Lincoln Richard Nixon,0
Donald Trump,163,Abraham Lincoln Ronald Reagan,0
Donald Trump,163,Barack Obama Bernie Sanders,0
Donald Trump,163,Barack Obama Elizabeth Warren,0
Donald Trump,163,Barack Obama George W. Bush,0
Donald Trump,163,Barack Obama Hillary Clinton,0
Donald Trump,163,Barack Obama Joe Biden,0
Donald Trump,163,Barack Obama Richard Nixon,0
Donald Trump,163,Barack Obama Ronald Reagan,0
Donald Trump,163,Bernie Sanders Elizabeth Warren,0
Donald Trump,163,Bernie Sanders George W. Bush,0
Donald Trump,163,Bernie Sanders Hillary Clinton,0
Donald Trump,163,Bernie Sanders Joe Biden,0
Donald Trump,163,Bernie Sanders Richard Nixon,1
Donald Trump,163,Bernie Sanders Ronald Reagan,1
Donald Trump,163,Elizabeth Warren George W. Bush,0
Donald Trump,163,Elizabeth Warren Hillary Clinton,0
Donald Trump,163,Elizabeth Warren Joe Biden,0
Donald Trump,163,Elizabeth Warren Richard Nixon,0
Donald Trump,163,Elizabeth Warren Ronald Reagan,0
Donald Trump,163,George W. Bush Hillary Clinton,0
Donald Trump,163,George W. Bush Joe Biden,0
Donald Trump,163,George W. Bush Richard Nixon,0
Donald Trump,163,George W. Bush Ronald Reagan,0
Donald Trump,163,Hillary Clinton Joe Biden,0
Donald Trump,163,Hillary Clinton Richard Nixon,0
Donald Trump,163,Hillary Clinton Ronald Reagan,0
Donald Trump,163,Joe Biden Ronald Reagan,1
Donald Trump,163,Richard Nixon Ronald Reagan,0
Abraham Lincoln,164,Barack Obama Donald Trump,0
Abraham Lincoln,164,Barack Obama Elizabeth Warren,0
Abraham Lincoln,164,Barack Obama George W. Bush,0
Abraham Lincoln,164,Barack Obama Hillary Clinton,0
Abraham Lincoln,164,Barack Obama Joe Biden,0
Abraham Lincoln,164,Barack Obama Richard Nixon,0
Abraham Lincoln,164,Bernie Sanders Donald Trump,0
Abraham Lincoln,164,Bernie Sanders Elizabeth Warren,0
Abraham Lincoln,164,Bernie Sanders George W. Bush,0
Abraham Lincoln,164,Bernie Sanders Hillary Clinton,0
Abraham Lincoln,164,Bernie Sanders Joe Biden,0
Abraham Lincoln,164,Bernie Sanders Ronald Reagan,0
Abraham Lincoln,164,Donald Trump Elizabeth Warren,0
Abraham Lincoln,164,Donald Trump Hillary Clinton,0
Abraham Lincoln,164,Donald Trump Joe Biden,0
Abraham Lincoln,164,Donald Trump Richard Nixon,0
Abraham Lincoln,164,Donald Trump Ronald Reagan,1
Abraham Lincoln,164,Elizabeth Warren George W. Bush,0
Abraham Lincoln,164,Elizabeth Warren Hillary Clinton,0
Abraham Lincoln,164,Elizabeth Warren Richard Nixon,0
Abraham Lincoln,164,Elizabeth Warren Ronald Reagan,0
Abraham Lincoln,164,George W. Bush Joe Biden,0
Abraham Lincoln,164,George W. Bush Richard Nixon,0
Abraham Lincoln,164,George W. Bush Ronald Reagan,0
Abraham Lincoln,164,Hillary Clinton Joe Biden,0
Abraham Lincoln,164,Hillary Clinton Richard Nixon,0
Abraham Lincoln,164,Hillary Clinton Ronald Reagan,0
Abraham Lincoln,164,Joe Biden Richard Nixon,0
Abraham Lincoln,164,Joe Biden Ronald Reagan,0
Abraham Lincoln,164,Richard Nixon Ronald Reagan,0
Abraham Lincoln,165,Barack Obama Bernie Sanders,0
Abraham Lincoln,165,Barack Obama Elizabeth Warren,0
Abraham Lincoln,165,Barack Obama Joe Biden,0
Abraham Lincoln,165,Barack Obama Richard Nixon,0
Abraham Lincoln,165,Barack Obama Ronald Reagan,0
Abraham Lincoln,165,Bernie Sanders Donald Trump,0
Abraham Lincoln,165,Bernie Sanders Elizabeth Warren,0
Abraham Lincoln,165,Bernie Sanders George W. Bush,0
Abraham Lincoln,165,Bernie Sanders Hillary Clinton,0
Abraham Lincoln,165,Bernie Sanders Joe Biden,0
Abraham Lincoln,165,Bernie Sanders Richard Nixon,0
Abraham Lincoln,165,Bernie Sanders Ronald Reagan,0
Abraham Lincoln,165,Donald Trump Elizabeth Warren,0
Abraham Lincoln,165,Donald Trump Hillary Clinton,0
Abraham Lincoln,165,Donald Trump Joe Biden,1
Abraham Lincoln,165,Donald Trump Richard Nixon,0
Abraham Lincoln,165,Donald Trump Ronald Reagan,0
Abraham Lincoln,165,Elizabeth Warren George W. Bush,0
Abraham Lincoln,165,Elizabeth Warren Hillary Clinton,0
Abraham Lincoln,165,Elizabeth Warren Joe Biden,0
Abraham Lincoln,165,Elizabeth Warren Richard Nixon,0
Abraham Lincoln,165,Elizabeth Warren Ronald Reagan,0
Abraham Lincoln,165,George W. Bush Hillary Clinton,0
Abraham Lincoln,165,George W. Bush Joe Biden,0
Abraham Lincoln,165,George W. Bush Richard Nixon,0
Abraham Lincoln,165,George W. Bush Ronald Reagan,0
Abraham Lincoln,165,Hillary Clinton Joe Biden,0
Abraham Lincoln,165,Hillary Clinton Richard Nixon,0
Abraham Lincoln,165,Hillary Clinton Ronald Reagan,1
Abraham Lincoln,165,Joe Biden Richard Nixon,0
Abraham Lincoln,165,Joe Biden Ronald Reagan,0
Abraham Lincoln,165,Richard Nixon Ronald Reagan,0
Ronald Reagan,166,Abraham Lincoln Barack Obama,0
Ronald Reagan,166,Abraham Lincoln Bernie Sanders,0
Ronald Reagan,166,Abraham Lincoln Elizabeth Warren,0
Ronald Reagan,166,Abraham Lincoln George W. Bush,0
Ronald Reagan,166,Abraham Lincoln Hillary Clinton,1
Ronald Reagan,166,Abraham Lincoln Joe Biden,0
Ronald Reagan,166,Abraham Lincoln Richard Nixon,0
Ronald Reagan,166,Barack Obama Bernie Sanders,0
Ronald Reagan,166,Barack Obama Donald Trump,1
Ronald Reagan,166,Barack Obama Elizabeth Warren,0
Ronald Reagan,166,Barack Obama George W. Bush,0
Ronald Reagan,166,Barack Obama Hillary Clinton,0
Ronald Reagan,166,Barack Obama Joe Biden,0
Ronald Reagan,166,Barack Obama Richard Nixon,0
Ronald Reagan,166,Bernie Sanders Donald Trump,0
Ronald Reagan,166,Bernie Sanders Elizabeth Warren,0
Ronald Reagan,166,Bernie Sanders George W. Bush,0
Ronald Reagan,166,Bernie Sanders Hillary Clinton,0
Ronald Reagan,166,Bernie Sanders Joe Biden,0
Ronald Reagan,166,Bernie Sanders Richard Nixon,0
Ronald Reagan,166,Donald Trump Elizabeth Warren,0
Ronald Reagan,166,Donald Trump Hillary Clinton,0
Ronald Reagan,166,Donald Trump Joe Biden,0
Ronald Reagan,166,Donald Trump Richard Nixon,0
Ronald Reagan,166,Elizabeth Warren George W. Bush,0
Ronald Reagan,166,Elizabeth Warren Hillary Clinton,0
Ronald Reagan,166,Elizabeth Warren Joe Biden,0
Ronald Reagan,166,Elizabeth Warren Richard Nixon,0
Ronald Reagan,166,George W. Bush Joe Biden,0
Ronald Reagan,166,George W. Bush Richard Nixon,0
Ronald Reagan,166,Hillary Clinton Joe Biden,1
Ronald Reagan,166,Hillary Clinton Richard Nixon,0
Ronald Reagan,166,Joe Biden Richard Nixon,0
Donald Trump,167,Abraham Lincoln Barack Obama,0
Donald Trump,167,Abraham Lincoln Bernie Sanders,0
Donald Trump,167,Abraham Lincoln Elizabeth Warren,0
Donald Trump,167,Abraham Lincoln George W. Bush,0
Donald Trump,167,Abraham Lincoln Hillary Clinton,0
Donald Trump,167,Abraham Lincoln Joe Biden,0
Donald Trump,167,Abraham Lincoln Richard Nixon,0
Donald Trump,167,Abraham Lincoln Ronald Reagan,0
Donald Trump,167,Barack Obama Bernie Sanders,0
Donald Trump,167,Barack Obama George W. Bush,0
Donald Trump,167,Barack Obama Hillary Clinton,1
Donald Trump,167,Barack Obama Joe Biden,0
Donald Trump,167,Barack Obama Richard Nixon,0
Donald Trump,167,Barack Obama Ronald Reagan,0
Donald Trump,167,Bernie Sanders Elizabeth Warren,0
Donald Trump,167,Bernie Sanders George W. Bush,0
Donald Trump,167,Bernie Sanders Joe Biden,0
Donald Trump,167,Bernie Sanders Richard Nixon,0
Donald Trump,167,Bernie Sanders Ronald Reagan,1
Donald Trump,167,Elizabeth Warren George W. Bush,0
Donald Trump,167,Elizabeth Warren Hillary Clinton,0
Donald Trump,167,Elizabeth Warren Joe Biden,0
Donald Trump,167,Elizabeth Warren Richard Nixon,0
Donald Trump,167,Elizabeth Warren Ronald Reagan,1
Donald Trump,167,George W. Bush Hillary Clinton,0
Donald Trump,167,George W. Bush Joe Biden,0
Donald Trump,167,George W. Bush Richard Nixon,1
Donald Trump,167,George W. Bush Ronald Reagan,0
Donald Trump,167,Hillary Clinton Joe Biden,0
Donald Trump,167,Hillary Clinton Richard Nixon,0
Donald Trump,167,Hillary Clinton Ronald Reagan,0
Donald Trump,167,Joe Biden Richard Nixon,1
Donald Trump,167,Joe Biden Ronald Reagan,0
Donald Trump,167,Richard Nixon Ronald Reagan,0
Hillary Clinton,168,Abraham Lincoln Barack Obama,0
Hillary Clinton,168,Abraham Lincoln Bernie Sanders,0
Hillary Clinton,168,Abraham Lincoln Donald Trump,0
Hillary Clinton,168,Abraham Lincoln Elizabeth Warren,1
Hillary Clinton,168,Abraham Lincoln Joe Biden,1
Hillary Clinton,168,Abraham Lincoln Richard Nixon,0
Hillary Clinton,168,Abraham Lincoln Ronald Reagan,0
Hillary Clinton,168,Barack Obama Bernie Sanders,0
Hillary Clinton,168,Barack Obama Donald Trump,0
Hillary Clinton,168,Barack Obama Elizabeth Warren,0
Hillary Clinton,168,Barack Obama George W. Bush,0
Hillary Clinton,168,Barack Obama Joe Biden,0
Hillary Clinton,168,Barack Obama Richard Nixon,0
Hillary Clinton,168,Bernie Sanders Donald Trump,0
Hillary Clinton,168,Bernie Sanders Elizabeth Warren,0
Hillary Clinton,168,Bernie Sanders George W. Bush,0
Hillary Clinton,168,Bernie Sanders Joe Biden,0
Hillary Clinton,168,Bernie Sanders Richard Nixon,1
Hillary Clinton,168,Bernie Sanders Ronald Reagan,0
Hillary Clinton,168,Donald Trump Elizabeth Warren,0
Hillary Clinton,168,Donald Trump George W. Bush,0
Hillary Clinton,168,Donald Trump Joe Biden,0
Hillary Clinton,168,Donald Trump Richard Nixon,0
Hillary Clinton,168,Donald Trump Ronald Reagan,1
Hillary Clinton,168,Elizabeth Warren George W. Bush,0
Hillary Clinton,168,Elizabeth Warren Joe Biden,0
Hillary Clinton,168,Elizabeth Warren Richard Nixon,0
Hillary Clinton,168,Elizabeth Warren Ronald Reagan,0
Hillary Clinton,168,George W. Bush Richard Nixon,0
Hillary Clinton,168,George W. Bush Ronald Reagan,0
Hillary Clinton,168,Joe Biden Richard Nixon,0
Hillary Clinton,168,Joe Biden Ronald Reagan,0
Hillary Clinton,168,Richard Nixon Ronald Reagan,0
Barack Obama,169,Abraham Lincoln Bernie Sanders,0
Barack Obama,169,Abraham Lincoln Donald Trump,0
Barack Obama,169,Abraham Lincoln Elizabeth Warren,0
Barack Obama,169,Abraham Lincoln George W. Bush,0
Barack Obama,169,Abraham Lincoln Hillary Clinton,0
Barack Obama,169,Abraham Lincoln Joe Biden,0
Barack Obama,169,Abraham Lincoln Richard Nixon,0
Barack Obama,169,Abraham Lincoln Ronald Reagan,0
Barack Obama,169,Bernie Sanders Donald Trump,0
Barack Obama,169,Bernie Sanders Elizabeth Warren,0
Barack Obama,169,Bernie Sanders George W. Bush,0
Barack Obama,169,Bernie Sanders Hillary Clinton,0
Barack Obama,169,Bernie Sanders Joe Biden,0
Barack Obama,169,Bernie Sanders Richard Nixon,0
Barack Obama,169,Bernie Sanders Ronald Reagan,0
Barack Obama,169,Donald Trump Elizabeth Warren,0
Barack Obama,169,Donald Trump Hillary Clinton,0
Barack Obama,169,Donald Trump Joe Biden,0
Barack Obama,169,Donald Trump Richard Nixon,0
Barack Obama,169,Donald Trump Ronald Reagan,0
Barack Obama,169,Elizabeth Warren George W. Bush,0
Barack Obama,169,Elizabeth Warren Hillary Clinton,0
Barack Obama,169,Elizabeth Warren Joe Biden,0
Barack Obama,169,Elizabeth Warren Richard Nixon,1
Barack Obama,169,Elizabeth Warren Ronald Reagan,0
Barack Obama,169,George W. Bush Hillary Clinton,0
Barack Obama,169,George W. Bush Joe Biden,0
Barack Obama,169,George W. Bush Richard Nixon,0
Barack Obama,169,George W. Bush Ronald Reagan,0
Barack Obama,169,Hillary Clinton Joe Biden,0
Barack Obama,169,Hillary Clinton Richard Nixon,0
Barack Obama,169,Hillary Clinton Ronald Reagan,0
Barack Obama,169,Joe Biden Richard Nixon,0
Barack Obama,169,Joe Biden Ronald Reagan,0
Barack Obama,169,Richard Nixon Ronald Reagan,0
Bernie Sanders,170,Abraham Lincoln Barack Obama,0
Bernie Sanders,170,Abraham Lincoln Donald Trump,0
Bernie Sanders,170,Abraham Lincoln Elizabeth Warren,0
Bernie Sanders,170,Abraham Lincoln George W. Bush,0
Bernie Sanders,170,Abraham Lincoln Hillary Clinton,0
Bernie Sanders,170,Abraham Lincoln Joe Biden,0
Bernie Sanders,170,Abraham Lincoln Richard Nixon,0
Bernie Sanders,170,Abraham Lincoln Ronald Reagan,0
Bernie Sanders,170,Barack Obama Donald Trump,0
Bernie Sanders,170,Barack Obama Elizabeth Warren,0
Bernie Sanders,170,Barack Obama George W. Bush,0
Bernie Sanders,170,Barack Obama Hillary Clinton,0
Bernie Sanders,170,Barack Obama Joe Biden,0
Bernie Sanders,170,Barack Obama Richard Nixon,0
Bernie Sanders,170,Barack Obama Ronald Reagan,1
Bernie Sanders,170,Donald Trump Elizabeth Warren,0
Bernie Sanders,170,Donald Trump George W. Bush,0
Bernie Sanders,170,Donald Trump Hillary Clinton,0
Bernie Sanders,170,Donald Trump Joe Biden,0
Bernie Sanders,170,Donald Trump Richard Nixon,0
Bernie Sanders,170,Donald Trump Ronald Reagan,0
Bernie Sanders,170,Elizabeth Warren George W. Bush,0
Bernie Sanders,170,Elizabeth Warren Hillary Clinton,0
Bernie Sanders,170,Elizabeth Warren Joe Biden,0
Bernie Sanders,170,Elizabeth Warren Richard Nixon,0
Bernie Sanders,170,Elizabeth Warren Ronald Reagan,0
Bernie Sanders,170,George W. Bush Hillary Clinton,0
Bernie Sanders,170,George W. Bush Joe Biden,0
Bernie Sanders,170,George W. Bush Richard Nixon,0
Bernie Sanders,170,George W. Bush Ronald Reagan,1
Bernie Sanders,170,Hillary Clinton Joe Biden,0
Bernie Sanders,170,Hillary Clinton Richard Nixon,0
Bernie Sanders,170,Hillary Clinton Ronald Reagan,0
Bernie Sanders,170,Joe Biden Richard Nixon,0
Bernie Sanders,170,Richard Nixon Ronald Reagan,0
Abraham Lincoln,171,Barack Obama Donald Trump,0
Abraham Lincoln,171,Barack Obama Elizabeth Warren,0
Abraham Lincoln,171,Barack Obama George W. Bush,0
Abraham Lincoln,171,Barack Obama Hillary Clinton,0
Abraham Lincoln,171,Barack Obama Joe Biden,0
Abraham Lincoln,171,Barack Obama Richard Nixon,0
Abraham Lincoln,171,Barack Obama Ronald Reagan,0
Abraham Lincoln,171,Bernie Sanders Donald Trump,0
Abraham Lincoln,171,Bernie Sanders Elizabeth Warren,0
Abraham Lincoln,171,Bernie Sanders George W. Bush,0
Abraham Lincoln,171,Bernie Sanders Hillary Clinton,0
Abraham Lincoln,171,Bernie Sanders Joe Biden,0
Abraham Lincoln,171,Bernie Sanders Richard Nixon,0
Abraham Lincoln,171,Bernie Sanders Ronald Reagan,0
Abraham Lincoln,171,Donald Trump Elizabeth Warren,0
Abraham Lincoln,171,Donald Trump George W. Bush,0
Abraham Lincoln,171,Donald Trump Joe Biden,0
Abraham Lincoln,171,Donald Trump Ronald Reagan,0
Abraham Lincoln,171,Elizabeth Warren George W. Bush,0
Abraham Lincoln,171,Elizabeth Warren Hillary Clinton,0
Abraham Lincoln,171,Elizabeth Warren Joe Biden,0
Abraham Lincoln,171,Elizabeth Warren Ronald Reagan,0
Abraham Lincoln,171,George W. Bush Hillary Clinton,0
Abraham Lincoln,171,George W. Bush Joe Biden,0
Abraham Lincoln,171,George W. Bush Richard Nixon,0
Abraham Lincoln,171,George W. Bush Ronald Reagan,0
Abraham Lincoln,171,Hillary Clinton Joe Biden,0
Abraham Lincoln,171,Hillary Clinton Richard Nixon,1
Abraham Lincoln,171,Hillary Clinton Ronald Reagan,1
Abraham Lincoln,171,Joe Biden Richard Nixon,0
Abraham Lincoln,171,Joe Biden Ronald Reagan,0
Abraham Lincoln,171,Richard Nixon Ronald Reagan,0
Elizabeth Warren,172,Abraham Lincoln Barack Obama,0
Elizabeth Warren,172,Abraham Lincoln Bernie Sanders,0
Elizabeth Warren,172,Abraham Lincoln Donald Trump,0
Elizabeth Warren,172,Abraham Lincoln Hillary Clinton,1
Elizabeth Warren,172,Abraham Lincoln Joe Biden,0
Elizabeth Warren,172,Abraham Lincoln Richard Nixon,0
Elizabeth Warren,172,Abraham Lincoln Ronald Reagan,0
Elizabeth Warren,172,Barack Obama Bernie Sanders,0
Elizabeth Warren,172,Barack Obama Donald Trump,0
Elizabeth Warren,172,Barack Obama George W. Bush,0
Elizabeth Warren,172,Barack Obama Hillary Clinton,0
Elizabeth Warren,172,Barack Obama Joe Biden,0
Elizabeth Warren,172,Barack Obama Richard Nixon,0
Elizabeth Warren,172,Barack Obama Ronald Reagan,0
Elizabeth Warren,172,Bernie Sanders Donald Trump,0
Elizabeth Warren,172,Bernie Sanders George W. Bush,0
Elizabeth Warren,172,Bernie Sanders Hillary Clinton,0
Elizabeth Warren,172,Bernie Sanders Joe Biden,1
Elizabeth Warren,172,Bernie Sanders Richard Nixon,0
Elizabeth Warren,172,Bernie Sanders Ronald Reagan,0
Elizabeth Warren,172,Donald Trump George W. Bush,0
Elizabeth Warren,172,Donald Trump Hillary Clinton,0
Elizabeth Warren,172,Donald Trump Joe Biden,0
Elizabeth Warren,172,Donald Trump Richard Nixon,0
Elizabeth Warren,172,Donald Trump Ronald Reagan,0
Elizabeth Warren,172,George W. Bush Hillary Clinton,1
Elizabeth Warren,172,George W. Bush Joe Biden,0
Elizabeth Warren,172,George W. Bush Richard Nixon,1
Elizabeth Warren,172,George W. Bush Ronald Reagan,0
Elizabeth Warren,172,Hillary Clinton Richard Nixon,0
Elizabeth Warren,172,Hillary Clinton Ronald Reagan,0
Elizabeth Warren,172,Joe Biden Richard Nixon,1
Elizabeth Warren,172,Joe Biden Ronald Reagan,1
Elizabeth Warren,172,Richard Nixon Ronald Reagan,0
Abraham Lincoln,173,Barack Obama Bernie Sanders,1
Abraham Lincoln,173,Barack Obama Donald Trump,0
Abraham Lincoln,173,Barack Obama Elizabeth Warren,0
Abraham Lincoln,173,Barack Obama George W. Bush,0
Abraham Lincoln,173,Barack Obama Hillary Clinton,0
Abraham Lincoln,173,Barack Obama Joe Biden,0
Abraham Lincoln,173,Barack Obama Richard Nixon,0
Abraham Lincoln,173,Barack Obama Ronald Reagan,0
Abraham Lincoln,173,Bernie Sanders Donald Trump,0
Abraham Lincoln,173,Bernie Sanders Elizabeth Warren,0
Abraham Lincoln,173,Bernie Sanders George W. Bush,0
Abraham Lincoln,173,Bernie Sanders Hillary Clinton,0
Abraham Lincoln,173,Bernie Sanders Joe Biden,0
Abraham Lincoln,173,Bernie Sanders Richard Nixon,0
Abraham Lincoln,173,Bernie Sanders Ronald Reagan,0
Abraham Lincoln,173,Donald Trump Elizabeth Warren,0
Abraham Lincoln,173,Donald Trump Hillary Clinton,0
Abraham Lincoln,173,Donald Trump Richard Nixon,0
Abraham Lincoln,173,Donald Trump Ronald Reagan,0
Abraham Lincoln,173,Elizabeth Warren George W. Bush,0
Abraham Lincoln,173,Elizabeth Warren Hillary Clinton,0
Abraham Lincoln,173,Elizabeth Warren Joe Biden,0
Abraham Lincoln,173,Elizabeth Warren Richard Nixon,0
Abraham Lincoln,173,Elizabeth Warren Ronald Reagan,0
Abraham Lincoln,173,George W. Bush Hillary Clinton,0
Abraham Lincoln,173,George W. Bush Joe Biden,0
Abraham Lincoln,173,George W. Bush Richard Nixon,0
Abraham Lincoln,173,George W. Bush Ronald Reagan,0
Abraham Lincoln,173,Hillary Clinton Joe Biden,0
Abraham Lincoln,173,Hillary Clinton Richard Nixon,0
Abraham Lincoln,173,Hillary Clinton Ronald Reagan,0
Abraham Lincoln,173,Joe Biden Richard Nixon,0
Abraham Lincoln,173,Joe Biden Ronald Reagan,0
Abraham Lincoln,173,Richard Nixon Ronald Reagan,0
Joe Biden,174,Abraham Lincoln Barack Obama,0
Joe Biden,174,Abraham Lincoln Bernie Sanders,0
Joe Biden,174,Abraham Lincoln Donald Trump,0
Joe Biden,174,Abraham Lincoln Elizabeth Warren,0
Joe Biden,174,Abraham Lincoln George W. Bush,0
Joe Biden,174,Abraham Lincoln Hillary Clinton,0
Joe Biden,174,Abraham Lincoln Richard Nixon,0
Joe Biden,174,Abraham Lincoln Ronald Reagan,0
Joe Biden,174,Barack Obama Bernie Sanders,0
Joe Biden,174,Barack Obama Donald Trump,0
Joe Biden,174,Barack Obama Elizabeth Warren,0
Joe Biden,174,Barack Obama George W. Bush,0
Joe Biden,174,Barack Obama Hillary Clinton,0
Joe Biden,174,Barack Obama Richard Nixon,0
Joe Biden,174,Barack Obama Ronald Reagan,0
Joe Biden,174,Bernie Sanders Donald Trump,0
Joe Biden,174,Bernie Sanders Elizabeth Warren,0
Joe Biden,174,Bernie Sanders George W. Bush,0
Joe Biden,174,Bernie Sanders Hillary Clinton,0
Joe Biden,174,Bernie Sanders Richard Nixon,0
Joe Biden,174,Bernie Sanders Ronald Reagan,0
Joe Biden,174,Donald Trump Elizabeth Warren,0
Joe Biden,174,Donald Trump George W. Bush,0
Joe Biden,174,Donald Trump Hillary Clinton,1
Joe Biden,174,Donald Trump Richard Nixon,0
Joe Biden,174,Donald Trump Ronald Reagan,0
Joe Biden,174,Elizabeth Warren George W. Bush,0
Joe Biden,174,Elizabeth Warren Hillary Clinton,0
Joe Biden,174,Elizabeth Warren Richard Nixon,0
Joe Biden,174,Elizabeth Warren Ronald Reagan,0
Joe Biden,174,George W. Bush Hillary Clinton,0
Joe Biden,174,George W. Bush Richard Nixon,0
Joe Biden,174,George W. Bush Ronald Reagan,0
Joe Biden,174,Hillary Clinton Ronald Reagan,1
Joe Biden,174,Richard Nixon Ronald Reagan,0
Abraham Lincoln,175,Barack Obama Bernie Sanders,0
Abraham Lincoln,175,Barack Obama Donald Trump,0
Abraham Lincoln,175,Barack Obama Elizabeth Warren,0
Abraham Lincoln,175,Barack Obama George W. Bush,0
Abraham Lincoln,175,Barack Obama Hillary Clinton,0
Abraham Lincoln,175,Barack Obama Joe Biden,0
Abraham Lincoln,175,Barack Obama Richard Nixon,1
Abraham Lincoln,175,Barack Obama Ronald Reagan,0
Abraham Lincoln,175,Bernie Sanders Elizabeth Warren,0
Abraham Lincoln,175,Bernie Sanders George W. Bush,0
Abraham Lincoln,175,Bernie Sanders Hillary Clinton,0
Abraham Lincoln,175,Bernie Sanders Joe Biden,0
Abraham Lincoln,175,Bernie Sanders Richard Nixon,0
Abraham Lincoln,175,Donald Trump Elizabeth Warren,0
Abraham Lincoln,175,Donald Trump George W. Bush,0
Abraham Lincoln,175,Donald Trump Joe Biden,0
Abraham Lincoln,175,Donald Trump Richard Nixon,0
Abraham Lincoln,175,Donald Trump Ronald Reagan,0
Abraham Lincoln,175,Elizabeth Warren George W. Bush,0
Abraham Lincoln,175,Elizabeth Warren Hillary Clinton,0
Abraham Lincoln,175,Elizabeth Warren Joe Biden,0
Abraham Lincoln,175,Elizabeth Warren Richard Nixon,0
Abraham Lincoln,175,Elizabeth Warren Ronald Reagan,0
Abraham Lincoln,175,George W. Bush Hillary Clinton,0
Abraham Lincoln,175,George W. Bush Richard Nixon,0
Abraham Lincoln,175,George W. Bush Ronald Reagan,0
Abraham Lincoln,175,Hillary Clinton Joe Biden,0
Abraham Lincoln,175,Hillary Clinton Richard Nixon,0
Abraham Lincoln,175,Hillary Clinton Ronald Reagan,1
Abraham Lincoln,175,Joe Biden Richard Nixon,0
Abraham Lincoln,175,Joe Biden Ronald Reagan,0
Abraham Lincoln,175,Richard Nixon Ronald Reagan,0
Abraham Lincoln,176,Barack Obama Bernie Sanders,0
Abraham Lincoln,176,Barack Obama Donald Trump,0
Abraham Lincoln,176,Barack Obama Elizabeth Warren,0
Abraham Lincoln,176,Barack Obama George W. Bush,0
Abraham Lincoln,176,Barack Obama Hillary Clinton,0
Abraham Lincoln,176,Barack Obama Joe Biden,0
Abraham Lincoln,176,Barack Obama Richard Nixon,1
Abraham Lincoln,176,Barack Obama Ronald Reagan,0
Abraham Lincoln,176,Bernie Sanders Donald Trump,0
Abraham Lincoln,176,Bernie Sanders Elizabeth Warren,0
Abraham Lincoln,176,Bernie Sanders George W. Bush,1
Abraham Lincoln,176,Bernie Sanders Hillary Clinton,0
Abraham Lincoln,176,Bernie Sanders Joe Biden,0
Abraham Lincoln,176,Bernie Sanders Richard Nixon,0
Abraham Lincoln,176,Bernie Sanders Ronald Reagan,0
Abraham Lincoln,176,Donald Trump Elizabeth Warren,0
Abraham Lincoln,176,Donald Trump George W. Bush,0
Abraham Lincoln,176,Donald Trump Hillary Clinton,0
Abraham Lincoln,176,Donald Trump Joe Biden,0
Abraham Lincoln,176,Donald Trump Richard Nixon,0
Abraham Lincoln,176,Donald Trump Ronald Reagan,0
Abraham Lincoln,176,Elizabeth Warren George W. Bush,0
Abraham Lincoln,176,Elizabeth Warren Hillary Clinton,0
Abraham Lincoln,176,Elizabeth Warren Joe Biden,0
Abraham Lincoln,176,Elizabeth Warren Richard Nixon,0
Abraham Lincoln,176,Elizabeth Warren Ronald Reagan,0
Abraham Lincoln,176,George W. Bush Hillary Clinton,0
Abraham Lincoln,176,George W. Bush Joe Biden,1
Abraham Lincoln,176,George W. Bush Richard Nixon,0
Abraham Lincoln,176,George W. Bush Ronald Reagan,0
Abraham Lincoln,176,Hillary Clinton Richard Nixon,0
Abraham Lincoln,176,Hillary Clinton Ronald Reagan,0
Abraham Lincoln,176,Joe Biden Richard Nixon,0
Abraham Lincoln,176,Joe Biden Ronald Reagan,0
Barack Obama,177,Abraham Lincoln Bernie Sanders,0
Barack Obama,177,Abraham Lincoln Donald Trump,0
Barack Obama,177,Abraham Lincoln Elizabeth Warren,0
Barack Obama,177,Abraham Lincoln George W. Bush,0
Barack Obama,177,Abraham Lincoln Hillary Clinton,0
Barack Obama,177,Abraham Lincoln Joe Biden,0
Barack Obama,177,Abraham Lincoln Richard Nixon,0
Barack Obama,177,Abraham Lincoln Ronald Reagan,0
Barack Obama,177,Bernie Sanders Donald Trump,0
Barack Obama,177,Bernie Sanders Elizabeth Warren,0
Barack Obama,177,Bernie Sanders George W. Bush,0
Barack Obama,177,Bernie Sanders Hillary Clinton,0
Barack Obama,177,Bernie Sanders Joe Biden,0
Barack Obama,177,Bernie Sanders Ronald Reagan,0
Barack Obama,177,Donald Trump Elizabeth Warren,0
Barack Obama,177,Donald Trump Hillary Clinton,0
Barack Obama,177,Donald Trump Joe Biden,0
Barack Obama,177,Donald Trump Ronald Reagan,0
Barack Obama,177,Elizabeth Warren George W. Bush,0
Barack Obama,177,Elizabeth Warren Hillary Clinton,0
Barack Obama,177,Elizabeth Warren Joe Biden,0
Barack Obama,177,Elizabeth Warren Richard Nixon,0
Barack Obama,177,Elizabeth Warren Ronald Reagan,0
Barack Obama,177,George W. Bush Hillary Clinton,0
Barack Obama,177,George W. Bush Joe Biden,1
Barack Obama,177,George W. Bush Richard Nixon,0
Barack Obama,177,George W. Bush Ronald Reagan,0
Barack Obama,177,Hillary Clinton Joe Biden,0
Barack Obama,177,Hillary Clinton Richard Nixon,0
Barack Obama,177,Hillary Clinton Ronald Reagan,0
Barack Obama,177,Joe Biden Richard Nixon,0
Barack Obama,177,Joe Biden Ronald Reagan,0
Barack Obama,177,Richard Nixon Ronald Reagan,0
Barack Obama,178,Abraham Lincoln Bernie Sanders,0
Barack Obama,178,Abraham Lincoln Donald Trump,0
Barack Obama,178,Abraham Lincoln Elizabeth Warren,0
Barack Obama,178,Abraham Lincoln George W. Bush,0
Barack Obama,178,Abraham Lincoln Joe Biden,0
Barack Obama,178,Abraham Lincoln Richard Nixon,0
Barack Obama,178,Abraham Lincoln Ronald Reagan,0
Barack Obama,178,Bernie Sanders Donald Trump,0
Barack Obama,178,Bernie Sanders Elizabeth Warren,0
Barack Obama,178,Bernie Sanders George W. Bush,0
Barack Obama,178,Bernie Sanders Hillary Clinton,0
Barack Obama,178,Bernie Sanders Joe Biden,0
Barack Obama,178,Bernie Sanders Richard Nixon,0
Barack Obama,178,Bernie Sanders Ronald Reagan,0
Barack Obama,178,Donald Trump Elizabeth Warren,0
Barack Obama,178,Donald Trump George W. Bush,0
Barack Obama,178,Donald Trump Hillary Clinton,0
Barack Obama,178,Donald Trump Joe Biden,0
Barack Obama,178,Donald Trump Richard Nixon,0
Barack Obama,178,Donald Trump Ronald Reagan,0
Barack Obama,178,Elizabeth Warren George W. Bush,0
Barack Obama,178,Elizabeth Warren Hillary Clinton,0
Barack Obama,178,Elizabeth Warren Joe Biden,0
Barack Obama,178,Elizabeth Warren Richard Nixon,0
Barack Obama,178,Elizabeth Warren Ronald Reagan,0
Barack Obama,178,George W. Bush Hillary Clinton,0
Barack Obama,178,George W. Bush Joe Biden,0
Barack Obama,178,George W. Bush Ronald Reagan,0
Barack Obama,178,Hillary Clinton Joe Biden,0
Barack Obama,178,Hillary Clinton Richard Nixon,0
Barack Obama,178,Hillary Clinton Ronald Reagan,0
Barack Obama,178,Joe Biden Richard Nixon,0
Barack Obama,178,Richard Nixon Ronald Reagan,0
George W. Bush,179,Abraham Lincoln Barack Obama,0
George W. Bush,179,Abraham Lincoln Bernie Sanders,0
George W. Bush,179,Abraham Lincoln Donald Trump,0
George W. Bush,179,Abraham Lincoln Elizabeth Warren,0
George W. Bush,179,Abraham Lincoln Hillary Clinton,0
George W. Bush,179,Abraham Lincoln Joe Biden,0
George W. Bush,179,Abraham Lincoln Richard Nixon,1
George W. Bush,179,Abraham Lincoln Ronald Reagan,0
George W. Bush,179,Barack Obama Bernie Sanders,0
George W. Bush,179,Barack Obama Donald Trump,0
George W. Bush,179,Barack Obama Elizabeth Warren,0
George W. Bush,179,Barack Obama Joe Biden,0
George W. Bush,179,Barack Obama Richard Nixon,0
George W. Bush,179,Barack Obama Ronald Reagan,0
George W. Bush,179,Bernie Sanders Donald Trump,0
George W. Bush,179,Bernie Sanders Elizabeth Warren,0
George W. Bush,179,Bernie Sanders Hillary Clinton,0
George W. Bush,179,Bernie Sanders Joe Biden,0
George W. Bush,179,Bernie Sanders Richard Nixon,1
George W. Bush,179,Bernie Sanders Ronald Reagan,0
George W. Bush,179,Donald Trump Elizabeth Warren,0
George W. Bush,179,Donald Trump Hillary Clinton,0
George W. Bush,179,Donald Trump Joe Biden,1
George W. Bush,179,Donald Trump Richard Nixon,0
George W. Bush,179,Donald Trump Ronald Reagan,0
George W. Bush,179,Elizabeth Warren Hillary Clinton,0
George W. Bush,179,Elizabeth Warren Joe Biden,0
George W. Bush,179,Elizabeth Warren Richard Nixon,0
George W. Bush,179,Elizabeth Warren Ronald Reagan,0
George W. Bush,179,Hillary Clinton Joe Biden,0
George W. Bush,179,Hillary Clinton Richard Nixon,0
George W. Bush,179,Hillary Clinton Ronald Reagan,0
George W. Bush,179,Joe Biden Richard Nixon,0
George W. Bush,179,Joe Biden Ronald Reagan,1
George W. Bush,179,Richard Nixon Ronald Reagan,0
Hillary Clinton,180,Abraham Lincoln Barack Obama,0
Hillary Clinton,180,Abraham Lincoln Bernie Sanders,0
Hillary Clinton,180,Abraham Lincoln Donald Trump,0
Hillary Clinton,180,Abraham Lincoln Elizabeth Warren,0
Hillary Clinton,180,Abraham Lincoln George W. Bush,0
Hillary Clinton,180,Abraham Lincoln Joe Biden,0
Hillary Clinton,180,Abraham Lincoln Richard Nixon,0
Hillary Clinton,180,Abraham Lincoln Ronald Reagan,0
Hillary Clinton,180,Barack Obama Bernie Sanders,0
Hillary Clinton,180,Barack Obama Donald Trump,0
Hillary Clinton,180,Barack Obama Elizabeth Warren,0
Hillary Clinton,180,Barack Obama George W. Bush,0
Hillary Clinton,180,Barack Obama Joe Biden,0
Hillary Clinton,180,Barack Obama Richard Nixon,1
Hillary Clinton,180,Barack Obama Ronald Reagan,0
Hillary Clinton,180,Bernie Sanders Donald Trump,0
Hillary Clinton,180,Bernie Sanders Elizabeth Warren,1
Hillary Clinton,180,Bernie Sanders George W. Bush,0
Hillary Clinton,180,Bernie Sanders Joe Biden,0
Hillary Clinton,180,Bernie Sanders Richard Nixon,0
Hillary Clinton,180,Bernie Sanders Ronald Reagan,0
Hillary Clinton,180,Donald Trump Elizabeth Warren,0
Hillary Clinton,180,Donald Trump George W. Bush,0
Hillary Clinton,180,Donald Trump Joe Biden,0
Hillary Clinton,180,Donald Trump Richard Nixon,0
Hillary Clinton,180,Donald Trump Ronald Reagan,0
Hillary Clinton,180,Elizabeth Warren George W. Bush,0
Hillary Clinton,180,Elizabeth Warren Joe Biden,0
Hillary Clinton,180,Elizabeth Warren Richard Nixon,0
Hillary Clinton,180,Elizabeth Warren Ronald Reagan,0
Hillary Clinton,180,George W. Bush Joe Biden,0
Hillary Clinton,180,George W. Bush Richard Nixon,0
Hillary Clinton,180,George W. Bush Ronald Reagan,1
Hillary Clinton,180,Joe Biden Richard Nixon,0
Hillary Clinton,180,Joe Biden Ronald Reagan,0
Hillary Clinton,180,Richard Nixon Ronald Reagan,0
Elizabeth Warren,181,Abraham Lincoln Barack Obama,1
Elizabeth Warren,181,Abraham Lincoln Bernie Sanders,0
Elizabeth Warren,181,Abraham Lincoln Donald Trump,0
Elizabeth Warren,181,Abraham Lincoln George W. Bush,0
Elizabeth Warren,181,Abraham Lincoln Hillary Clinton,0
Elizabeth Warren,181,Abraham Lincoln Joe Biden,0
Elizabeth Warren,181,Abraham Lincoln Richard Nixon,0
Elizabeth Warren,181,Abraham Lincoln Ronald Reagan,0
Elizabeth Warren,181,Barack Obama Bernie Sanders,0
Elizabeth Warren,181,Barack Obama Donald Trump,0
Elizabeth Warren,181,Barack Obama George W. Bush,0
Elizabeth Warren,181,Barack Obama Hillary Clinton,0
Elizabeth Warren,181,Barack Obama Joe Biden,0
Elizabeth Warren,181,Barack Obama Richard Nixon,0
Elizabeth Warren,181,Barack Obama Ronald Reagan,0
Elizabeth Warren,181,Bernie Sanders Donald Trump,0
Elizabeth Warren,181,Bernie Sanders Hillary Clinton,0
Elizabeth Warren,181,Bernie Sanders Joe Biden,0
Elizabeth Warren,181,Bernie Sanders Richard Nixon,0
Elizabeth Warren,181,Bernie Sanders Ronald Reagan,0
Elizabeth Warren,181,Donald Trump George W. Bush,0
Elizabeth Warren,181,Donald Trump Hillary Clinton,0
Elizabeth Warren,181,Donald Trump Joe Biden,0
Elizabeth Warren,181,Donald Trump Richard Nixon,0
Elizabeth Warren,181,Donald Trump Ronald Reagan,0
Elizabeth Warren,181,George W. Bush Hillary Clinton,0
Elizabeth Warren,181,George W. Bush Joe Biden,0
Elizabeth Warren,181,George W. Bush Richard Nixon,0
Elizabeth Warren,181,George W. Bush Ronald Reagan,0
Elizabeth Warren,181,Hillary Clinton Joe Biden,0
Elizabeth Warren,181,Hillary Clinton Richard Nixon,0
Elizabeth Warren,181,Hillary Clinton Ronald Reagan,0
Elizabeth Warren,181,Joe Biden Ronald Reagan,0
Elizabeth Warren,181,Richard Nixon Ronald Reagan,0
Abraham Lincoln,182,Barack Obama Bernie Sanders,0
Abraham Lincoln,182,Barack Obama Donald Trump,0
Abraham Lincoln,182,Barack Obama Elizabeth Warren,0
Abraham Lincoln,182,Barack Obama George W. Bush,0
Abraham Lincoln,182,Barack Obama Hillary Clinton,1
Abraham Lincoln,182,Barack Obama Joe Biden,0
Abraham Lincoln,182,Barack Obama Richard Nixon,0
Abraham Lincoln,182,Barack Obama Ronald Reagan,0
Abraham Lincoln,182,Bernie Sanders Donald Trump,0
Abraham Lincoln,182,Bernie Sanders Elizabeth Warren,1
Abraham Lincoln,182,Bernie Sanders George W. Bush,0
Abraham Lincoln,182,Bernie Sanders Hillary Clinton,0
Abraham Lincoln,182,Bernie Sanders Joe Biden,0
Abraham Lincoln,182,Bernie Sanders Richard Nixon,0
Abraham Lincoln,182,Bernie Sanders Ronald Reagan,0
Abraham Lincoln,182,Donald Trump Elizabeth Warren,0
Abraham Lincoln,182,Donald Trump George W. Bush,0
Abraham Lincoln,182,Donald Trump Hillary Clinton,0
Abraham Lincoln,182,Donald Trump Joe Biden,1
Abraham Lincoln,182,Donald Trump Richard Nixon,1
Abraham Lincoln,182,Donald Trump Ronald Reagan,0
Abraham Lincoln,182,Elizabeth Warren George W. Bush,0
Abraham Lincoln,182,Elizabeth Warren Hillary Clinton,0
Abraham Lincoln,182,Elizabeth Warren Joe Biden,0
Abraham Lincoln,182,Elizabeth Warren Richard Nixon,0
Abraham Lincoln,182,Elizabeth Warren Ronald Reagan,0
Abraham Lincoln,182,George W. Bush Hillary Clinton,0
Abraham Lincoln,182,George W. Bush Joe Biden,0
Abraham Lincoln,182,George W. Bush Richard Nixon,0
Abraham Lincoln,182,George W. Bush Ronald Reagan,0
Abraham Lincoln,182,Hillary Clinton Joe Biden,0
Abraham Lincoln,182,Hillary Clinton Richard Nixon,0
Abraham Lincoln,182,Hillary Clinton Ronald Reagan,0
Abraham Lincoln,182,Joe Biden Richard Nixon,0
Abraham Lincoln,182,Joe Biden Ronald Reagan,0
Abraham Lincoln,182,Richard Nixon Ronald Reagan,0
Abraham Lincoln,183,Barack Obama Bernie Sanders,0
Abraham Lincoln,183,Barack Obama Donald Trump,0
Abraham Lincoln,183,Barack Obama Elizabeth Warren,1
Abraham Lincoln,183,Barack Obama Hillary Clinton,0
Abraham Lincoln,183,Barack Obama Richard Nixon,0
Abraham Lincoln,183,Barack Obama Ronald Reagan,0
Abraham Lincoln,183,Bernie Sanders Donald Trump,0
Abraham Lincoln,183,Bernie Sanders Elizabeth Warren,0
Abraham Lincoln,183,Bernie Sanders George W. Bush,0
Abraham Lincoln,183,Bernie Sanders Hillary Clinton,0
Abraham Lincoln,183,Bernie Sanders Joe Biden,0
Abraham Lincoln,183,Bernie Sanders Richard Nixon,0
Abraham Lincoln,183,Bernie Sanders Ronald Reagan,0
Abraham Lincoln,183,Donald Trump Elizabeth Warren,0
Abraham Lincoln,183,Donald Trump George W. Bush,0
Abraham Lincoln,183,Donald Trump Hillary Clinton,1
Abraham Lincoln,183,Donald Trump Joe Biden,0
Abraham Lincoln,183,Donald Trump Ronald Reagan,1
Abraham Lincoln,183,Elizabeth Warren George W. Bush,1
Abraham Lincoln,183,Elizabeth Warren Hillary Clinton,0
Abraham Lincoln,183,Elizabeth Warren Joe Biden,0
Abraham Lincoln,183,Elizabeth Warren Richard Nixon,0
Abraham Lincoln,183,Elizabeth Warren Ronald Reagan,0
Abraham Lincoln,183,George W. Bush Hillary Clinton,0
Abraham Lincoln,183,George W. Bush Joe Biden,0
Abraham Lincoln,183,George W. Bush Richard Nixon,0
Abraham Lincoln,183,George W. Bush Ronald Reagan,0
Abraham Lincoln,183,Hillary Clinton Joe Biden,0
Abraham Lincoln,183,Hillary Clinton Richard Nixon,0
Abraham Lincoln,183,Hillary Clinton Ronald Reagan,1
Abraham Lincoln,183,Joe Biden Ronald Reagan,0
Bernie Sanders,184,Abraham Lincoln Barack Obama,0
Bernie Sanders,184,Abraham Lincoln Donald Trump,0
Bernie Sanders,184,Abraham Lincoln Elizabeth Warren,0
Bernie Sanders,184,Abraham Lincoln George W. Bush,1
Bernie Sanders,184,Abraham Lincoln Hillary Clinton,0
Bernie Sanders,184,Abraham Lincoln Joe Biden,0
Bernie Sanders,184,Abraham Lincoln Richard Nixon,1
Bernie Sanders,184,Abraham Lincoln Ronald Reagan,0
Bernie Sanders,184,Barack Obama Donald Trump,0
Bernie Sanders,184,Barack Obama Elizabeth Warren,0
Bernie Sanders,184,Barack Obama George W. Bush,1
Bernie Sanders,184,Barack Obama Hillary Clinton,0
Bernie Sanders,184,Barack Obama Joe Biden,1
Bernie Sanders,184,Barack Obama Richard Nixon,0
Bernie Sanders,184,Donald Trump Elizabeth Warren,0
Bernie Sanders,184,Donald Trump George W. Bush,0
Bernie Sanders,184,Donald Trump Joe Biden,0
Bernie Sanders,184,Donald Trump Richard Nixon,0
Bernie Sanders,184,Elizabeth Warren George W. Bush,0
Bernie Sanders,184,Elizabeth Warren Hillary Clinton,0
Bernie Sanders,184,Elizabeth Warren Joe Biden,0
Bernie Sanders,184,Elizabeth Warren Richard Nixon,0
Bernie Sanders,184,Elizabeth Warren Ronald Reagan,0
Bernie Sanders,184,George W. Bush Hillary Clinton,0
Bernie Sanders,184,George W. Bush Joe Biden,0
Bernie Sanders,184,George W. Bush Richard Nixon,0
Bernie Sanders,184,George W. Bush Ronald Reagan,0
Bernie Sanders,184,Hillary Clinton Joe Biden,0
Bernie Sanders,184,Hillary Clinton Richard Nixon,0
Bernie Sanders,184,Hillary Clinton Ronald Reagan,0
Bernie Sanders,184,Joe Biden Ronald Reagan,0
Bernie Sanders,184,Richard Nixon Ronald Reagan,0
Barack Obama,185,Abraham Lincoln Bernie Sanders,0
Barack Obama,185,Abraham Lincoln Donald Trump,0
Barack Obama,185,Abraham Lincoln Elizabeth Warren,0
Barack Obama,185,Abraham Lincoln George W. Bush,0
Barack Obama,185,Abraham Lincoln Hillary Clinton,0
Barack Obama,185,Abraham Lincoln Joe Biden,0
Barack Obama,185,Abraham Lincoln Richard Nixon,0
Barack Obama,185,Abraham Lincoln Ronald Reagan,0
Barack Obama,185,Bernie Sanders Donald Trump,0
Barack Obama,185,Bernie Sanders Elizabeth Warren,0
Barack Obama,185,Bernie Sanders George W. Bush,0
Barack Obama,185,Bernie Sanders Hillary Clinton,0
Barack Obama,185,Bernie Sanders Joe Biden,0
Barack Obama,185,Bernie Sanders Richard Nixon,0
Barack Obama,185,Bernie Sanders Ronald Reagan,0
Barack Obama,185,Donald Trump Elizabeth Warren,0
Barack Obama,185,Donald Trump George W. Bush,0
Barack Obama,185,Donald Trump Hillary Clinton,0
Barack Obama,185,Donald Trump Joe Biden,0
Barack Obama,185,Donald Trump Richard Nixon,1
Barack Obama,185,Donald Trump Ronald Reagan,0
Barack Obama,185,Elizabeth Warren George W. Bush,0
Barack Obama,185,Elizabeth Warren Hillary Clinton,0
Barack Obama,185,Elizabeth Warren Joe Biden,0
Barack Obama,185,Elizabeth Warren Richard Nixon,0
Barack Obama,185,Elizabeth Warren Ronald Reagan,0
Barack Obama,185,George W. Bush Hillary Clinton,0
Barack Obama,185,George W. Bush Joe Biden,0
Barack Obama,185,George W. Bush Richard Nixon,0
Barack Obama,185,George W. Bush Ronald Reagan,0
Barack Obama,185,Hillary Clinton Joe Biden,0
Barack Obama,185,Hillary Clinton Ronald Reagan,0
Barack Obama,185,Joe Biden Richard Nixon,0
Barack Obama,185,Joe Biden Ronald Reagan,0
Barack Obama,185,Richard Nixon Ronald Reagan,1
Elizabeth Warren,186,Abraham Lincoln Barack Obama,0
Elizabeth Warren,186,Abraham Lincoln Bernie Sanders,0
Elizabeth Warren,186,Abraham Lincoln Donald Trump,0
Elizabeth Warren,186,Abraham Lincoln George W. Bush,0
Elizabeth Warren,186,Abraham Lincoln Hillary Clinton,0
Elizabeth Warren,186,Abraham Lincoln Joe Biden,0
Elizabeth Warren,186,Abraham Lincoln Richard Nixon,0
Elizabeth Warren,186,Abraham Lincoln Ronald Reagan,0
Elizabeth Warren,186,Barack Obama Bernie Sanders,0
Elizabeth Warren,186,Barack Obama Donald Trump,0
Elizabeth Warren,186,Barack Obama George W. Bush,0
Elizabeth Warren,186,Barack Obama Hillary Clinton,0
Elizabeth Warren,186,Barack Obama Joe Biden,0
Elizabeth Warren,186,Barack Obama Richard Nixon,0
Elizabeth Warren,186,Barack Obama Ronald Reagan,1
Elizabeth Warren,186,Bernie Sanders Donald Trump,0
Elizabeth Warren,186,Bernie Sanders George W. Bush,0
Elizabeth Warren,186,Bernie Sanders Hillary Clinton,0
Elizabeth Warren,186,Bernie Sanders Joe Biden,0
Elizabeth Warren,186,Bernie Sanders Richard Nixon,0
Elizabeth Warren,186,Bernie Sanders Ronald Reagan,0
Elizabeth Warren,186,Donald Trump George W. Bush,0
Elizabeth Warren,186,Donald Trump Hillary Clinton,0
Elizabeth Warren,186,Donald Trump Joe Biden,0
Elizabeth Warren,186,Donald Trump Richard Nixon,0
Elizabeth Warren,186,Donald Trump Ronald Reagan,0
Elizabeth Warren,186,George W. Bush Hillary Clinton,0
Elizabeth Warren,186,George W. Bush Joe Biden,0
Elizabeth Warren,186,George W. Bush Richard Nixon,0
Elizabeth Warren,186,George W. Bush Ronald Reagan,0
Elizabeth Warren,186,Hillary Clinton Joe Biden,0
Elizabeth Warren,186,Hillary Clinton Richard Nixon,0
Elizabeth Warren,186,Joe Biden Richard Nixon,0
Elizabeth Warren,186,Joe Biden Ronald Reagan,0
Elizabeth Warren,186,Richard Nixon Ronald Reagan,0
Ronald Reagan,187,Abraham Lincoln Barack Obama,0
Ronald Reagan,187,Abraham Lincoln Bernie Sanders,0
Ronald Reagan,187,Abraham Lincoln Donald Trump,0
Ronald Reagan,187,Abraham Lincoln Elizabeth Warren,0
Ronald Reagan,187,Abraham Lincoln George W. Bush,0
Ronald Reagan,187,Abraham Lincoln Hillary Clinton,0
Ronald Reagan,187,Abraham Lincoln Joe Biden,0
Ronald Reagan,187,Abraham Lincoln Richard Nixon,0
Ronald Reagan,187,Barack Obama Bernie Sanders,0
Ronald Reagan,187,Barack Obama Donald Trump,0
Ronald Reagan,187,Barack Obama Elizabeth Warren,0
Ronald Reagan,187,Barack Obama George W. Bush,0
Ronald Reagan,187,Barack Obama Hillary Clinton,0
Ronald Reagan,187,Barack Obama Joe Biden,0
Ronald Reagan,187,Barack Obama Richard Nixon,0
Ronald Reagan,187,Bernie Sanders Donald Trump,0
Ronald Reagan,187,Bernie Sanders Elizabeth Warren,0
Ronald Reagan,187,Bernie Sanders George W. Bush,1
Ronald Reagan,187,Bernie Sanders Hillary Clinton,0
Ronald Reagan,187,Bernie Sanders Joe Biden,0
Ronald Reagan,187,Donald Trump Elizabeth Warren,0
Ronald Reagan,187,Donald Trump George W. Bush,0
Ronald Reagan,187,Donald Trump Hillary Clinton,0
Ronald Reagan,187,Donald Trump Joe Biden,0
Ronald Reagan,187,Elizabeth Warren George W. Bush,0
Ronald Reagan,187,Elizabeth Warren Hillary Clinton,0
Ronald Reagan,187,Elizabeth Warren Joe Biden,0
Ronald Reagan,187,Elizabeth Warren Richard Nixon,0
Ronald Reagan,187,George W. Bush Hillary Clinton,0
Ronald Reagan,187,George W. Bush Joe Biden,0
Ronald Reagan,187,George W. Bush Richard Nixon,0
Ronald Reagan,187,Hillary Clinton Joe Biden,0
Ronald Reagan,187,Hillary Clinton Richard Nixon,0
Ronald Reagan,187,Joe Biden Richard Nixon,0
George W. Bush,188,Abraham Lincoln Barack Obama,0
George W. Bush,188,Abraham Lincoln Bernie Sanders,0
George W. Bush,188,Abraham Lincoln Donald Trump,0
George W. Bush,188,Abraham Lincoln Elizabeth Warren,0
George W. Bush,188,Abraham Lincoln Hillary Clinton,0
George W. Bush,188,Abraham Lincoln Richard Nixon,0
George W. Bush,188,Abraham Lincoln Ronald Reagan,0
George W. Bush,188,Barack Obama Bernie Sanders,1
George W. Bush,188,Barack Obama Donald Trump,0
George W. Bush,188,Barack Obama Elizabeth Warren,0
George W. Bush,188,Barack Obama Joe Biden,0
George W. Bush,188,Barack Obama Ronald Reagan,0
George W. Bush,188,Bernie Sanders Donald Trump,0
George W. Bush,188,Bernie Sanders Elizabeth Warren,0
George W. Bush,188,Bernie Sanders Hillary Clinton,0
George W. Bush,188,Bernie Sanders Joe Biden,0
George W. Bush,188,Bernie Sanders Richard Nixon,0
George W. Bush,188,Bernie Sanders Ronald Reagan,0
George W. Bush,188,Donald Trump Elizabeth Warren,0
George W. Bush,188,Donald Trump Hillary Clinton,0
George W. Bush,188,Donald Trump Joe Biden,0
George W. Bush,188,Donald Trump Richard Nixon,0
George W. Bush,188,Donald Trump Ronald Reagan,0
George W. Bush,188,Elizabeth Warren Joe Biden,1
George W. Bush,188,Elizabeth Warren Richard Nixon,0
George W. Bush,188,Elizabeth Warren Ronald Reagan,0
George W. Bush,188,Hillary Clinton Joe Biden,0
George W. Bush,188,Hillary Clinton Richard Nixon,0
George W. Bush,188,Hillary Clinton Ronald Reagan,0
George W. Bush,188,Joe Biden Richard Nixon,0
George W. Bush,188,Joe Biden Ronald Reagan,0
Hillary Clinton,189,Abraham Lincoln Barack Obama,0
Hillary Clinton,189,Abraham Lincoln Bernie Sanders,0
Hillary Clinton,189,Abraham Lincoln Donald Trump,0
Hillary Clinton,189,Abraham Lincoln Elizabeth Warren,0
Hillary Clinton,189,Abraham Lincoln George W. Bush,0
Hillary Clinton,189,Abraham Lincoln Joe Biden,0
Hillary Clinton,189,Abraham Lincoln Richard Nixon,0
Hillary Clinton,189,Abraham Lincoln Ronald Reagan,0
Hillary Clinton,189,Barack Obama Bernie Sanders,0
Hillary Clinton,189,Barack Obama Donald Trump,0
Hillary Clinton,189,Barack Obama Elizabeth Warren,0
Hillary Clinton,189,Barack Obama George W. Bush,0
Hillary Clinton,189,Barack Obama Joe Biden,1
Hillary Clinton,189,Barack Obama Richard Nixon,0
Hillary Clinton,189,Barack Obama Ronald Reagan,0
Hillary Clinton,189,Bernie Sanders Donald Trump,0
Hillary Clinton,189,Bernie Sanders Elizabeth Warren,0
Hillary Clinton,189,Bernie Sanders George W. Bush,0
Hillary Clinton,189,Bernie Sanders Joe Biden,0
Hillary Clinton,189,Bernie Sanders Richard Nixon,0
Hillary Clinton,189,Bernie Sanders Ronald Reagan,0
Hillary Clinton,189,Donald Trump Elizabeth Warren,0
Hillary Clinton,189,Donald Trump George W. Bush,0
Hillary Clinton,189,Donald Trump Joe Biden,0
Hillary Clinton,189,Donald Trump Richard Nixon,0
Hillary Clinton,189,Donald Trump Ronald Reagan,0
Hillary Clinton,189,Elizabeth Warren George W. Bush,0
Hillary Clinton,189,Elizabeth Warren Joe Biden,0
Hillary Clinton,189,Elizabeth Warren Richard Nixon,0
Hillary Clinton,189,Elizabeth Warren Ronald Reagan,0
Hillary Clinton,189,George W. Bush Joe Biden,0
Hillary Clinton,189,George W. Bush Richard Nixon,0
Hillary Clinton,189,George W. Bush Ronald Reagan,0
Hillary Clinton,189,Joe Biden Richard Nixon,0
Hillary Clinton,189,Joe Biden Ronald Reagan,0
Hillary Clinton,189,Richard Nixon Ronald Reagan,1
Donald Trump,190,Abraham Lincoln Barack Obama,0
Donald Trump,190,Abraham Lincoln Bernie Sanders,0
Donald Trump,190,Abraham Lincoln Elizabeth Warren,0
Donald Trump,190,Abraham Lincoln George W. Bush,0
Donald Trump,190,Abraham Lincoln Hillary Clinton,0
Donald Trump,190,Abraham Lincoln Joe Biden,0
Donald Trump,190,Abraham Lincoln Richard Nixon,0
Donald Trump,190,Abraham Lincoln Ronald Reagan,0
Donald Trump,190,Barack Obama Bernie Sanders,0
Donald Trump,190,Barack Obama Elizabeth Warren,0
Donald Trump,190,Barack Obama George W. Bush,1
Donald Trump,190,Barack Obama Hillary Clinton,1
Donald Trump,190,Barack Obama Joe Biden,0
Donald Trump,190,Barack Obama Richard Nixon,1
Donald Trump,190,Barack Obama Ronald Reagan,0
Donald Trump,190,Bernie Sanders Elizabeth Warren,0
Donald Trump,190,Bernie Sanders George W. Bush,0
Donald Trump,190,Bernie Sanders Hillary Clinton,0
Donald Trump,190,Bernie Sanders Joe Biden,0
Donald Trump,190,Bernie Sanders Richard Nixon,0
Donald Trump,190,Bernie Sanders Ronald Reagan,1
Donald Trump,190,Elizabeth Warren George W. Bush,0
Donald Trump,190,Elizabeth Warren Hillary Clinton,0
Donald Trump,190,Elizabeth Warren Joe Biden,0
Donald Trump,190,Elizabeth Warren Richard Nixon,0
Donald Trump,190,Elizabeth Warren Ronald Reagan,0
Donald Trump,190,George W. Bush Hillary Clinton,1
Donald Trump,190,George W. Bush Joe Biden,0
Donald Trump,190,George W. Bush Richard Nixon,0
Donald Trump,190,George W. Bush Ronald Reagan,0
Donald Trump,190,Hillary Clinton Joe Biden,0
Donald Trump,190,Hillary Clinton Richard Nixon,1
Donald Trump,190,Hillary Clinton Ronald Reagan,0
Donald Trump,190,Joe Biden Richard Nixon,0
Donald Trump,190,Joe Biden Ronald Reagan,0
Donald Trump,190,Richard Nixon Ronald Reagan,0
Hillary Clinton,191,Abraham Lincoln Barack Obama,0
Hillary Clinton,191,Abraham Lincoln Bernie Sanders,0
Hillary Clinton,191,Abraham Lincoln Donald Trump,0
Hillary Clinton,191,Abraham Lincoln Elizabeth Warren,0
Hillary Clinton,191,Abraham Lincoln George W. Bush,0
Hillary Clinton,191,Abraham Lincoln Joe Biden,0
Hillary Clinton,191,Abraham Lincoln Richard Nixon,0
Hillary Clinton,191,Abraham Lincoln Ronald Reagan,0
Hillary Clinton,191,Barack Obama Bernie Sanders,0
Hillary Clinton,191,Barack Obama Donald Trump,0
Hillary Clinton,191,Barack Obama Elizabeth Warren,0
Hillary Clinton,191,Barack Obama George W. Bush,0
Hillary Clinton,191,Barack Obama Joe Biden,0
Hillary Clinton,191,Barack Obama Richard Nixon,1
Hillary Clinton,191,Barack Obama Ronald Reagan,0
Hillary Clinton,191,Bernie Sanders Donald Trump,0
Hillary Clinton,191,Bernie Sanders Elizabeth Warren,0
Hillary Clinton,191,Bernie Sanders George W. Bush,0
Hillary Clinton,191,Bernie Sanders Joe Biden,1
Hillary Clinton,191,Bernie Sanders Richard Nixon,1
Hillary Clinton,191,Bernie Sanders Ronald Reagan,0
Hillary Clinton,191,Donald Trump Elizabeth Warren,0
Hillary Clinton,191,Donald Trump George W. Bush,1
Hillary Clinton,191,Donald Trump Joe Biden,0
Hillary Clinton,191,Donald Trump Richard Nixon,0
Hillary Clinton,191,Donald Trump Ronald Reagan,0
Hillary Clinton,191,Elizabeth Warren George W. Bush,1
Hillary Clinton,191,Elizabeth Warren Joe Biden,0
Hillary Clinton,191,Elizabeth Warren Richard Nixon,0
Hillary Clinton,191,Elizabeth Warren Ronald Reagan,0
Hillary Clinton,191,George W. Bush Richard Nixon,0
Hillary Clinton,191,George W. Bush Ronald Reagan,0
Hillary Clinton,191,Joe Biden Richard Nixon,0
Hillary Clinton,191,Joe Biden Ronald Reagan,0
Hillary Clinton,191,Richard Nixon Ronald Reagan,0
Joe Biden,192,Abraham Lincoln Barack Obama,0
Joe Biden,192,Abraham Lincoln Bernie Sanders,0
Joe Biden,192,Abraham Lincoln Donald Trump,0
Joe Biden,192,Abraham Lincoln Elizabeth Warren,0
Joe Biden,192,Abraham Lincoln George W. Bush,0
Joe Biden,192,Abraham Lincoln Hillary Clinton,0
Joe Biden,192,Abraham Lincoln Richard Nixon,0
Joe Biden,192,Abraham Lincoln Ronald Reagan,0
Joe Biden,192,Barack Obama Bernie Sanders,0
Joe Biden,192,Barack Obama Donald Trump,0
Joe Biden,192,Barack Obama Elizabeth Warren,0
Joe Biden,192,Barack Obama George W. Bush,0
Joe Biden,192,Barack Obama Hillary Clinton,0
Joe Biden,192,Barack Obama Richard Nixon,0
Joe Biden,192,Barack Obama Ronald Reagan,0
Joe Biden,192,Bernie Sanders Donald Trump,0
Joe Biden,192,Bernie Sanders Elizabeth Warren,0
Joe Biden,192,Bernie Sanders George W. Bush,0
Joe Biden,192,Bernie Sanders Hillary Clinton,0
Joe Biden,192,Bernie Sanders Richard Nixon,0
Joe Biden,192,Bernie Sanders Ronald Reagan,0
Joe Biden,192,Donald Trump Elizabeth Warren,0
Joe Biden,192,Donald Trump George W. Bush,0
Joe Biden,192,Donald Trump Hillary Clinton,0
Joe Biden,192,Donald Trump Richard Nixon,0
Joe Biden,192,Donald Trump Ronald Reagan,0
Joe Biden,192,Elizabeth Warren George W. Bush,0
Joe Biden,192,Elizabeth Warren Hillary Clinton,0
Joe Biden,192,Elizabeth Warren Richard Nixon,0
Joe Biden,192,Elizabeth Warren Ronald Reagan,0
Joe Biden,192,George W. Bush Hillary Clinton,0
Joe Biden,192,George W. Bush Richard Nixon,0
Joe Biden,192,George W. Bush Ronald Reagan,1
Joe Biden,192,Hillary Clinton Richard Nixon,1
Joe Biden,192,Hillary Clinton Ronald Reagan,0
Joe Biden,192,Richard Nixon Ronald Reagan,0
Abraham Lincoln,193,Barack Obama Bernie Sanders,0
Abraham Lincoln,193,Barack Obama Elizabeth Warren,0
Abraham Lincoln,193,Barack Obama George W. Bush,0
Abraham Lincoln,193,Barack Obama Hillary Clinton,0
Abraham Lincoln,193,Barack Obama Joe Biden,0
Abraham Lincoln,193,Barack Obama Richard Nixon,0
Abraham Lincoln,193,Barack Obama Ronald Reagan,0
Abraham Lincoln,193,Bernie Sanders Donald Trump,0
Abraham Lincoln,193,Bernie Sanders Elizabeth Warren,0
Abraham Lincoln,193,Bernie Sanders George W. Bush,0
Abraham Lincoln,193,Bernie Sanders Hillary Clinton,0
Abraham Lincoln,193,Bernie Sanders Joe Biden,0
Abraham Lincoln,193,Bernie Sanders Richard Nixon,0
Abraham Lincoln,193,Bernie Sanders Ronald Reagan,0
Abraham Lincoln,193,Donald Trump Elizabeth Warren,0
Abraham Lincoln,193,Donald Trump George W. Bush,0
Abraham Lincoln,193,Donald Trump Hillary Clinton,0
Abraham Lincoln,193,Donald Trump Joe Biden,0
Abraham Lincoln,193,Donald Trump Richard Nixon,0
Abraham Lincoln,193,Donald Trump Ronald Reagan,0
Abraham Lincoln,193,Elizabeth Warren George W. Bush,0
Abraham Lincoln,193,Elizabeth Warren Hillary Clinton,0
Abraham Lincoln,193,Elizabeth Warren Joe Biden,0
Abraham Lincoln,193,Elizabeth Warren Richard Nixon,0
Abraham Lincoln,193,Elizabeth Warren Ronald Reagan,0
Abraham Lincoln,193,George W. Bush Hillary Clinton,0
Abraham Lincoln,193,George W. Bush Joe Biden,0
Abraham Lincoln,193,George W. Bush Richard Nixon,1
Abraham Lincoln,193,George W. Bush Ronald Reagan,0
Abraham Lincoln,193,Hillary Clinton Joe Biden,1
Abraham Lincoln,193,Hillary Clinton Richard Nixon,0
Abraham Lincoln,193,Hillary Clinton Ronald Reagan,0
Abraham Lincoln,193,Joe Biden Richard Nixon,1
Abraham Lincoln,193,Joe Biden Ronald Reagan,0
Abraham Lincoln,193,Richard Nixon Ronald Reagan,0
George W. Bush,194,Abraham Lincoln Barack Obama,0
George W. Bush,194,Abraham Lincoln Bernie Sanders,0
George W. Bush,194,Abraham Lincoln Donald Trump,0
George W. Bush,194,Abraham Lincoln Elizabeth Warren,0
George W. Bush,194,Abraham Lincoln Hillary Clinton,0
George W. Bush,194,Abraham Lincoln Joe Biden,0
George W. Bush,194,Abraham Lincoln Richard Nixon,0
George W. Bush,194,Abraham Lincoln Ronald Reagan,0
George W. Bush,194,Barack Obama Bernie Sanders,0
George W. Bush,194,Barack Obama Donald Trump,0
George W. Bush,194,Barack Obama Elizabeth Warren,0
George W. Bush,194,Barack Obama Hillary Clinton,1
George W. Bush,194,Barack Obama Joe Biden,0
George W. Bush,194,Barack Obama Richard Nixon,0
George W. Bush,194,Barack Obama Ronald Reagan,0
George W. Bush,194,Bernie Sanders Donald Trump,0
George W. Bush,194,Bernie Sanders Elizabeth Warren,0
George W. Bush,194,Bernie Sanders Hillary Clinton,0
George W. Bush,194,Bernie Sanders Joe Biden,0
George W. Bush,194,Bernie Sanders Richard Nixon,0
George W. Bush,194,Bernie Sanders Ronald Reagan,0
George W. Bush,194,Donald Trump Elizabeth Warren,1
George W. Bush,194,Donald Trump Hillary Clinton,1
George W. Bush,194,Donald Trump Joe Biden,0
George W. Bush,194,Donald Trump Richard Nixon,0
George W. Bush,194,Donald Trump Ronald Reagan,0
George W. Bush,194,Elizabeth Warren Hillary Clinton,0
George W. Bush,194,Elizabeth Warren Joe Biden,0
George W. Bush,194,Elizabeth Warren Richard Nixon,0
George W. Bush,194,Elizabeth Warren Ronald Reagan,0
George W. Bush,194,Hillary Clinton Joe Biden,0
George W. Bush,194,Hillary Clinton Richard Nixon,0
George W. Bush,194,Hillary Clinton Ronald Reagan,0
George W. Bush,194,Joe Biden Ronald Reagan,0
Joe Biden,195,Abraham Lincoln Barack Obama,0
Joe Biden,195,Abraham Lincoln Bernie Sanders,0
Joe Biden,195,Abraham Lincoln Donald Trump,0
Joe Biden,195,Abraham Lincoln Elizabeth Warren,0
Joe Biden,195,Abraham Lincoln George W. Bush,0
Joe Biden,195,Abraham Lincoln Richard Nixon,0
Joe Biden,195,Abraham Lincoln Ronald Reagan,0
Joe Biden,195,Barack Obama Bernie Sanders,0
Joe Biden,195,Barack Obama Donald Trump,0
Joe Biden,195,Barack Obama Elizabeth Warren,0
Joe Biden,195,Barack Obama George W. Bush,0
Joe Biden,195,Barack Obama Hillary Clinton,0
Joe Biden,195,Barack Obama Richard Nixon,0
Joe Biden,195,Barack Obama Ronald Reagan,0
Joe Biden,195,Bernie Sanders Donald Trump,0
Joe Biden,195,Bernie Sanders Elizabeth Warren,0
Joe Biden,195,Bernie Sanders George W. Bush,0
Joe Biden,195,Bernie Sanders Hillary Clinton,0
Joe Biden,195,Bernie Sanders Richard Nixon,0
Joe Biden,195,Bernie Sanders Ronald Reagan,0
Joe Biden,195,Donald Trump Elizabeth Warren,0
Joe Biden,195,Donald Trump George W. Bush,0
Joe Biden,195,Donald Trump Hillary Clinton,0
Joe Biden,195,Donald Trump Richard Nixon,0
Joe Biden,195,Donald Trump Ronald Reagan,1
Joe Biden,195,Elizabeth Warren George W. Bush,0
Joe Biden,195,Elizabeth Warren Hillary Clinton,0
Joe Biden,195,Elizabeth Warren Richard Nixon,0
Joe Biden,195,Elizabeth Warren Ronald Reagan,0
Joe Biden,195,George W. Bush Richard Nixon,0
Joe Biden,195,George W. Bush Ronald Reagan,1
Joe Biden,195,Hillary Clinton Ronald Reagan,0
Joe Biden,195,Richard Nixon Ronald Reagan,1
Elizabeth Warren,196,Abraham Lincoln Bernie Sanders,0
Elizabeth Warren,196,Abraham Lincoln Donald Trump,0
Elizabeth Warren,196,Abraham Lincoln George W. Bush,0
Elizabeth Warren,196,Abraham Lincoln Hillary Clinton,0
Elizabeth Warren,196,Abraham Lincoln Joe Biden,0
Elizabeth Warren,196,Abraham Lincoln Richard Nixon,0
Elizabeth Warren,196,Abraham Lincoln Ronald Reagan,0
Elizabeth Warren,196,Barack Obama Bernie Sanders,0
Elizabeth Warren,196,Barack Obama Donald Trump,0
Elizabeth Warren,196,Barack Obama George W. Bush,0
Elizabeth Warren,196,Barack Obama Hillary Clinton,0
Elizabeth Warren,196,Barack Obama Joe Biden,0
Elizabeth Warren,196,Barack Obama Ronald Reagan,0
Elizabeth Warren,196,Bernie Sanders Donald Trump,0
Elizabeth Warren,196,Bernie Sanders George W. Bush,0
Elizabeth Warren,196,Bernie Sanders Hillary Clinton,0
Elizabeth Warren,196,Bernie Sanders Joe Biden,0
Elizabeth Warren,196,Bernie Sanders Richard Nixon,0
Elizabeth Warren,196,Bernie Sanders Ronald Reagan,0
Elizabeth Warren,196,Donald Trump George W. Bush,0
Elizabeth Warren,196,Donald Trump Hillary Clinton,0
Elizabeth Warren,196,Donald Trump Joe Biden,0
Elizabeth Warren,196,Donald Trump Richard Nixon,0
Elizabeth Warren,196,Donald Trump Ronald Reagan,0
Elizabeth Warren,196,George W. Bush Hillary Clinton,0
Elizabeth Warren,196,George W. Bush Joe Biden,0
Elizabeth Warren,196,George W. Bush Richard Nixon,1
Elizabeth Warren,196,George W. Bush Ronald Reagan,0
Elizabeth Warren,196,Hillary Clinton Joe Biden,0
Elizabeth Warren,196,Hillary Clinton Richard Nixon,0
Elizabeth Warren,196,Hillary Clinton Ronald Reagan,0
Elizabeth Warren,196,Joe Biden Richard Nixon,1
Elizabeth Warren,196,Joe Biden Ronald Reagan,1
Elizabeth Warren,196,Richard Nixon Ronald Reagan,0
Donald Trump,197,Abraham Lincoln Barack Obama,0
Donald Trump,197,Abraham Lincoln Bernie Sanders,0
Donald Trump,197,Abraham Lincoln Elizabeth Warren,0
Donald Trump,197,Abraham Lincoln George W. Bush,0
Donald Trump,197,Abraham Lincoln Hillary Clinton,0
Donald Trump,197,Abraham Lincoln Joe Biden,0
Donald Trump,197,Abraham Lincoln Richard Nixon,0
Donald Trump,197,Abraham Lincoln Ronald Reagan,0
Donald Trump,197,Barack Obama Bernie Sanders,0
Donald Trump,197,Barack Obama Elizabeth Warren,0
Donald Trump,197,Barack Obama George W. Bush,0
Donald Trump,197,Barack Obama Hillary Clinton,0
Donald Trump,197,Barack Obama Joe Biden,0
Donald Trump,197,Barack Obama Richard Nixon,0
Donald Trump,197,Barack Obama Ronald Reagan,0
Donald Trump,197,Bernie Sanders Elizabeth Warren,0
Donald Trump,197,Bernie Sanders George W. Bush,0
Donald Trump,197,Bernie Sanders Hillary Clinton,0
Donald Trump,197,Bernie Sanders Joe Biden,1
Donald Trump,197,Bernie Sanders Richard Nixon,0
Donald Trump,197,Bernie Sanders Ronald Reagan,0
Donald Trump,197,Elizabeth Warren George W. Bush,0
Donald Trump,197,Elizabeth Warren Hillary Clinton,0
Donald Trump,197,Elizabeth Warren Joe Biden,0
Donald Trump,197,Elizabeth Warren Ronald Reagan,1
Donald Trump,197,George W. Bush Hillary Clinton,0
Donald Trump,197,George W. Bush Joe Biden,0
Donald Trump,197,George W. Bush Richard Nixon,1
Donald Trump,197,George W. Bush Ronald Reagan,0
Donald Trump,197,Hillary Clinton Joe Biden,0
Donald Trump,197,Hillary Clinton Richard Nixon,0
Donald Trump,197,Hillary Clinton Ronald Reagan,0
Donald Trump,197,Joe Biden Richard Nixon,1
Donald Trump,197,Joe Biden Ronald Reagan,0
Donald Trump,197,Richard Nixon Ronald Reagan,0
Barack Obama,198,Abraham Lincoln Bernie Sanders,0
Barack Obama,198,Abraham Lincoln Donald Trump,0
Barack Obama,198,Abraham Lincoln Elizabeth Warren,0
Barack Obama,198,Abraham Lincoln George W. Bush,0
Barack Obama,198,Abraham Lincoln Hillary Clinton,0
Barack Obama,198,Abraham Lincoln Joe Biden,0
Barack Obama,198,Abraham Lincoln Richard Nixon,0
Barack Obama,198,Abraham Lincoln Ronald Reagan,0
Barack Obama,198,Bernie Sanders Donald Trump,0
Barack Obama,198,Bernie Sanders Elizabeth Warren,0
Barack Obama,198,Bernie Sanders George W. Bush,0
Barack Obama,198,Bernie Sanders Hillary Clinton,0
Barack Obama,198,Bernie Sanders Joe Biden,0
Barack Obama,198,Bernie Sanders Richard Nixon,0
Barack Obama,198,Bernie Sanders Ronald Reagan,0
Barack Obama,198,Donald Trump Elizabeth Warren,0
Barack Obama,198,Donald Trump George W. Bush,0
Barack Obama,198,Donald Trump Joe Biden,1
Barack Obama,198,Donald Trump Richard Nixon,0
Barack Obama,198,Elizabeth Warren George W. Bush,0
Barack Obama,198,Elizabeth Warren Hillary Clinton,0
Barack Obama,198,Elizabeth Warren Joe Biden,0
Barack Obama,198,Elizabeth Warren Richard Nixon,0
Barack Obama,198,Elizabeth Warren Ronald Reagan,0
Barack Obama,198,George W. Bush Hillary Clinton,0
Barack Obama,198,George W. Bush Joe Biden,0
Barack Obama,198,George W. Bush Richard Nixon,0
Barack Obama,198,George W. Bush Ronald Reagan,1
Barack Obama,198,Hillary Clinton Joe Biden,1
Barack Obama,198,Hillary Clinton Richard Nixon,0
Barack Obama,198,Hillary Clinton Ronald Reagan,0
Barack Obama,198,Joe Biden Richard Nixon,0
Barack Obama,198,Joe Biden Ronald Reagan,0
George W. Bush,199,Abraham Lincoln Barack Obama,0
George W. Bush,199,Abraham Lincoln Bernie Sanders,0
George W. Bush,199,Abraham Lincoln Donald Trump,0
George W. Bush,199,Abraham Lincoln Elizabeth Warren,0
George W. Bush,199,Abraham Lincoln Hillary Clinton,0
George W. Bush,199,Abraham Lincoln Joe Biden,0
George W. Bush,199,Abraham Lincoln Richard Nixon,1
George W. Bush,199,Abraham Lincoln Ronald Reagan,0
George W. Bush,199,Barack Obama Bernie Sanders,0
George W. Bush,199,Barack Obama Donald Trump,0
George W. Bush,199,Barack Obama Elizabeth Warren,0
George W. Bush,199,Barack Obama Hillary Clinton,0
George W. Bush,199,Barack Obama Joe Biden,0
George W. Bush,199,Barack Obama Richard Nixon,0
George W. Bush,199,Barack Obama Ronald Reagan,0
George W. Bush,199,Bernie Sanders Donald Trump,0
George W. Bush,199,Bernie Sanders Elizabeth Warren,0
George W. Bush,199,Bernie Sanders Joe Biden,0
George W. Bush,199,Bernie Sanders Richard Nixon,0
George W. Bush,199,Bernie Sanders Ronald Reagan,0
George W. Bush,199,Donald Trump Elizabeth Warren,0
George W. Bush,199,Donald Trump Ronald Reagan,0
George W. Bush,199,Elizabeth Warren Hillary Clinton,0
George W. Bush,199,Elizabeth Warren Joe Biden,1
George W. Bush,199,Elizabeth Warren Ronald Reagan,0
George W. Bush,199,Hillary Clinton Joe Biden,1
George W. Bush,199,Hillary Clinton Richard Nixon,0
George W. Bush,199,Hillary Clinton Ronald Reagan,1
George W. Bush,199,Joe Biden Richard Nixon,0
George W. Bush,199,Joe Biden Ronald Reagan,0
George W. Bush,199,Richard Nixon Ronald Reagan,0
George W. Bush,200,Abraham Lincoln Barack Obama,0
George W. Bush,200,Abraham Lincoln Bernie Sanders,0
George W. Bush,200,Abraham Lincoln Donald Trump,0
George W. Bush,200,Abraham Lincoln Elizabeth Warren,0
George W. Bush,200,Abraham Lincoln Hillary Clinton,0
George W. Bush,200,Abraham Lincoln Joe Biden,0
George W. Bush,200,Abraham Lincoln Richard Nixon,0
George W. Bush,200,Abraham Lincoln Ronald Reagan,0
George W. Bush,200,Barack Obama Donald Trump,0
George W. Bush,200,Barack Obama Elizabeth Warren,0
George W. Bush,200,Barack Obama Hillary Clinton,0
George W. Bush,200,Barack Obama Joe Biden,0
George W. Bush,200,Barack Obama Richard Nixon,0
George W. Bush,200,Barack Obama Ronald Reagan,0
George W. Bush,200,Bernie Sanders Donald Trump,0
George W. Bush,200,Bernie Sanders Elizabeth Warren,0
George W. Bush,200,Bernie Sanders Hillary Clinton,0
George W. Bush,200,Bernie Sanders Joe Biden,1
George W. Bush,200,Bernie Sanders Richard Nixon,0
George W. Bush,200,Bernie Sanders Ronald Reagan,0
George W. Bush,200,Donald Trump Elizabeth Warren,0
George W. Bush,200,Donald Trump Hillary Clinton,0
George W. Bush,200,Donald Trump Ronald Reagan,0
George W. Bush,200,Elizabeth Warren Hillary Clinton,0
George W. Bush,200,Elizabeth Warren Joe Biden,0
George W. Bush,200,Elizabeth Warren Richard Nixon,0
George W. Bush,200,Elizabeth Warren Ronald Reagan,0
George W. Bush,200,Hillary Clinton Richard Nixon,0
George W. Bush,200,Hillary Clinton Ronald Reagan,0
George W. Bush,200,Joe Biden Richard Nixon,0
George W. Bush,200,Richard Nixon Ronald Reagan,0
Abraham Lincoln,201,Barack Obama Bernie Sanders,0
Abraham Lincoln,201,Barack Obama Donald Trump,0
Abraham Lincoln,201,Barack Obama Elizabeth Warren,0
Abraham Lincoln,201,Barack Obama George W. Bush,0
Abraham Lincoln,201,Barack Obama Hillary Clinton,0
Abraham Lincoln,201,Barack Obama Joe Biden,0
Abraham Lincoln,201,Barack Obama Ronald Reagan,0
Abraham Lincoln,201,Bernie Sanders Donald Trump,0
Abraham Lincoln,201,Bernie Sanders Elizabeth Warren,1
Abraham Lincoln,201,Bernie Sanders George W. Bush,0
Abraham Lincoln,201,Bernie Sanders Hillary Clinton,0
Abraham Lincoln,201,Bernie Sanders Joe Biden,0
Abraham Lincoln,201,Bernie Sanders Richard Nixon,0
Abraham Lincoln,201,Bernie Sanders Ronald Reagan,0
Abraham Lincoln,201,Donald Trump Elizabeth Warren,0
Abraham Lincoln,201,Donald Trump George W. Bush,0
Abraham Lincoln,201,Donald Trump Hillary Clinton,0
Abraham Lincoln,201,Donald Trump Richard Nixon,0
Abraham Lincoln,201,Donald Trump Ronald Reagan,0
Abraham Lincoln,201,Elizabeth Warren George W. Bush,0
Abraham Lincoln,201,Elizabeth Warren Hillary Clinton,0
Abraham Lincoln,201,Elizabeth Warren Joe Biden,0
Abraham Lincoln,201,Elizabeth Warren Richard Nixon,0
Abraham Lincoln,201,Elizabeth Warren Ronald Reagan,0
Abraham Lincoln,201,George W. Bush Hillary Clinton,0
Abraham Lincoln,201,George W. Bush Richard Nixon,0
Abraham Lincoln,201,George W. Bush Ronald Reagan,0
Abraham Lincoln,201,Hillary Clinton Joe Biden,0
Abraham Lincoln,201,Hillary Clinton Richard Nixon,0
Abraham Lincoln,201,Hillary Clinton Ronald Reagan,0
Abraham Lincoln,201,Joe Biden Richard Nixon,0
Abraham Lincoln,201,Joe Biden Ronald Reagan,0
Abraham Lincoln,201,Richard Nixon Ronald Reagan,0
Richard Nixon,202,Abraham Lincoln Bernie Sanders,0
Richard Nixon,202,Abraham Lincoln Donald Trump,0
Richard Nixon,202,Abraham Lincoln Elizabeth Warren,0
Richard Nixon,202,Abraham Lincoln George W. Bush,0
Richard Nixon,202,Abraham Lincoln Hillary Clinton,0
Richard Nixon,202,Abraham Lincoln Joe Biden,0
Richard Nixon,202,Abraham Lincoln Ronald Reagan,1
Richard Nixon,202,Barack Obama Bernie Sanders,0
Richard Nixon,202,Barack Obama Donald Trump,0
Richard Nixon,202,Barack Obama Elizabeth Warren,0
Richard Nixon,202,Barack Obama George W. Bush,0
Richard Nixon,202,Barack Obama Hillary Clinton,0
Richard Nixon,202,Barack Obama Joe Biden,0
Richard Nixon,202,Barack Obama Ronald Reagan,0
Richard Nixon,202,Bernie Sanders Donald Trump,0
Richard Nixon,202,Bernie Sanders Elizabeth Warren,0
Richard Nixon,202,Bernie Sanders George W. Bush,0
Richard Nixon,202,Bernie Sanders Hillary Clinton,0
Richard Nixon,202,Bernie Sanders Joe Biden,1
Richard Nixon,202,Bernie Sanders Ronald Reagan,0
Richard Nixon,202,Donald Trump Elizabeth Warren,0
Richard Nixon,202,Donald Trump George W. Bush,0
Richard Nixon,202,Elizabeth Warren George W. Bush,0
Richard Nixon,202,Elizabeth Warren Hillary Clinton,0
Richard Nixon,202,Elizabeth Warren Joe Biden,0
Richard Nixon,202,Elizabeth Warren Ronald Reagan,1
Richard Nixon,202,George W. Bush Hillary Clinton,0
Richard Nixon,202,George W. Bush Ronald Reagan,0
Richard Nixon,202,Hillary Clinton Joe Biden,0
Richard Nixon,202,Hillary Clinton Ronald Reagan,0
Richard Nixon,202,Joe Biden Ronald Reagan,1
George W. Bush,203,Abraham Lincoln Barack Obama,0
George W. Bush,203,Abraham Lincoln Bernie Sanders,0
George W. Bush,203,Abraham Lincoln Donald Trump,0
George W. Bush,203,Abraham Lincoln Elizabeth Warren,0
George W. Bush,203,Abraham Lincoln Hillary Clinton,0
George W. Bush,203,Abraham Lincoln Joe Biden,0
George W. Bush,203,Abraham Lincoln Richard Nixon,0
George W. Bush,203,Abraham Lincoln Ronald Reagan,0
George W. Bush,203,Barack Obama Bernie Sanders,0
George W. Bush,203,Barack Obama Donald Trump,0
George W. Bush,203,Barack Obama Elizabeth Warren,0
George W. Bush,203,Barack Obama Hillary Clinton,0
George W. Bush,203,Barack Obama Joe Biden,0
George W. Bush,203,Barack Obama Richard Nixon,0
George W. Bush,203,Barack Obama Ronald Reagan,1
George W. Bush,203,Bernie Sanders Donald Trump,0
George W. Bush,203,Bernie Sanders Elizabeth Warren,0
George W. Bush,203,Bernie Sanders Hillary Clinton,0
George W. Bush,203,Bernie Sanders Joe Biden,1
George W. Bush,203,Bernie Sanders Richard Nixon,0
George W. Bush,203,Bernie Sanders Ronald Reagan,0
George W. Bush,203,Donald Trump Elizabeth Warren,0
George W. Bush,203,Donald Trump Joe Biden,1
George W. Bush,203,Donald Trump Richard Nixon,0
George W. Bush,203,Donald Trump Ronald Reagan,0
George W. Bush,203,Elizabeth Warren Hillary Clinton,0
George W. Bush,203,Elizabeth Warren Joe Biden,0
George W. Bush,203,Elizabeth Warren Richard Nixon,0
George W. Bush,203,Elizabeth Warren Ronald Reagan,0
George W. Bush,203,Hillary Clinton Joe Biden,0
George W. Bush,203,Hillary Clinton Richard Nixon,0
George W. Bush,203,Hillary Clinton Ronald Reagan,0
George W. Bush,203,Joe Biden Richard Nixon,0
George W. Bush,203,Joe Biden Ronald Reagan,0
George W. Bush,203,Richard Nixon Ronald Reagan,0
Bernie Sanders,204,Abraham Lincoln Barack Obama,0
Bernie Sanders,204,Abraham Lincoln Donald Trump,0
Bernie Sanders,204,Abraham Lincoln Elizabeth Warren,0
Bernie Sanders,204,Abraham Lincoln George W. Bush,0
Bernie Sanders,204,Abraham Lincoln Hillary Clinton,0
Bernie Sanders,204,Abraham Lincoln Joe Biden,0
Bernie Sanders,204,Abraham Lincoln Richard Nixon,0
Bernie Sanders,204,Abraham Lincoln Ronald Reagan,0
Bernie Sanders,204,Barack Obama Donald Trump,0
Bernie Sanders,204,Barack Obama Elizabeth Warren,0
Bernie Sanders,204,Barack Obama George W. Bush,0
Bernie Sanders,204,Barack Obama Joe Biden,1
Bernie Sanders,204,Barack Obama Richard Nixon,0
Bernie Sanders,204,Barack Obama Ronald Reagan,0
Bernie Sanders,204,Donald Trump Elizabeth Warren,0
Bernie Sanders,204,Donald Trump Joe Biden,0
Bernie Sanders,204,Donald Trump Richard Nixon,0
Bernie Sanders,204,Donald Trump Ronald Reagan,0
Bernie Sanders,204,Elizabeth Warren George W. Bush,0
Bernie Sanders,204,Elizabeth Warren Hillary Clinton,0
Bernie Sanders,204,Elizabeth Warren Joe Biden,0
Bernie Sanders,204,Elizabeth Warren Richard Nixon,0
Bernie Sanders,204,Elizabeth Warren Ronald Reagan,0
Bernie Sanders,204,George W. Bush Hillary Clinton,0
Bernie Sanders,204,George W. Bush Joe Biden,0
Bernie Sanders,204,George W. Bush Richard Nixon,1
Bernie Sanders,204,George W. Bush Ronald Reagan,0
Bernie Sanders,204,Hillary Clinton Joe Biden,0
Bernie Sanders,204,Hillary Clinton Richard Nixon,0
Bernie Sanders,204,Hillary Clinton Ronald Reagan,0
Bernie Sanders,204,Joe Biden Richard Nixon,1
Bernie Sanders,204,Richard Nixon Ronald Reagan,0
Donald Trump,205,Abraham Lincoln Barack Obama,0
Donald Trump,205,Abraham Lincoln Bernie Sanders,0
Donald Trump,205,Abraham Lincoln Elizabeth Warren,0
Donald Trump,205,Abraham Lincoln Hillary Clinton,0
Donald Trump,205,Abraham Lincoln Joe Biden,0
Donald Trump,205,Abraham Lincoln Richard Nixon,0
Donald Trump,205,Abraham Lincoln Ronald Reagan,0
Donald Trump,205,Barack Obama Bernie Sanders,0
Donald Trump,205,Barack Obama George W. Bush,0
Donald Trump,205,Barack Obama Hillary Clinton,0
Donald Trump,205,Barack Obama Joe Biden,0
Donald Trump,205,Barack Obama Richard Nixon,1
Donald Trump,205,Barack Obama Ronald Reagan,0
Donald Trump,205,Bernie Sanders Elizabeth Warren,0
Donald Trump,205,Bernie Sanders George W. Bush,1
Donald Trump,205,Bernie Sanders Hillary Clinton,0
Donald Trump,205,Bernie Sanders Joe Biden,0
Donald Trump,205,Bernie Sanders Richard Nixon,1
Donald Trump,205,Bernie Sanders Ronald Reagan,0
Donald Trump,205,Elizabeth Warren George W. Bush,0
Donald Trump,205,Elizabeth Warren Hillary Clinton,0
Donald Trump,205,Elizabeth Warren Joe Biden,0
Donald Trump,205,Elizabeth Warren Richard Nixon,0
Donald Trump,205,Elizabeth Warren Ronald Reagan,0
Donald Trump,205,George W. Bush Hillary Clinton,0
Donald Trump,205,George W. Bush Richard Nixon,0
Donald Trump,205,George W. Bush Ronald Reagan,0
Donald Trump,205,Hillary Clinton Joe Biden,0
Donald Trump,205,Hillary Clinton Richard Nixon,1
Donald Trump,205,Hillary Clinton Ronald Reagan,0
Donald Trump,205,Joe Biden Richard Nixon,0
Donald Trump,205,Joe Biden Ronald Reagan,0
Donald Trump,205,Richard Nixon Ronald Reagan,0
Donald Trump,206,Abraham Lincoln Barack Obama,0
Donald Trump,206,Abraham Lincoln Bernie Sanders,0
Donald Trump,206,Abraham Lincoln Elizabeth Warren,0
Donald Trump,206,Abraham Lincoln George W. Bush,1
Donald Trump,206,Abraham Lincoln Hillary Clinton,0
Donald Trump,206,Abraham Lincoln Joe Biden,0
Donald Trump,206,Abraham Lincoln Richard Nixon,0
Donald Trump,206,Abraham Lincoln Ronald Reagan,1
Donald Trump,206,Barack Obama Bernie Sanders,0
Donald Trump,206,Barack Obama Elizabeth Warren,0
Donald Trump,206,Barack Obama George W. Bush,0
Donald Trump,206,Barack Obama Hillary Clinton,0
Donald Trump,206,Barack Obama Joe Biden,0
Donald Trump,206,Barack Obama Richard Nixon,0
Donald Trump,206,Barack Obama Ronald Reagan,0
Donald Trump,206,Bernie Sanders Elizabeth Warren,0
Donald Trump,206,Bernie Sanders George W. Bush,1
Donald Trump,206,Bernie Sanders Hillary Clinton,0
Donald Trump,206,Bernie Sanders Joe Biden,0
Donald Trump,206,Bernie Sanders Richard Nixon,0
Donald Trump,206,Bernie Sanders Ronald Reagan,0
Donald Trump,206,Elizabeth Warren George W. Bush,0
Donald Trump,206,Elizabeth Warren Hillary Clinton,0
Donald Trump,206,Elizabeth Warren Joe Biden,0
Donald Trump,206,Elizabeth Warren Richard Nixon,0
Donald Trump,206,Elizabeth Warren Ronald Reagan,1
Donald Trump,206,George W. Bush Hillary Clinton,0
Donald Trump,206,George W. Bush Joe Biden,0
Donald Trump,206,George W. Bush Richard Nixon,0
Donald Trump,206,George W. Bush Ronald Reagan,0
Donald Trump,206,Hillary Clinton Joe Biden,0
Donald Trump,206,Hillary Clinton Richard Nixon,0
Donald Trump,206,Hillary Clinton Ronald Reagan,1
Donald Trump,206,Joe Biden Richard Nixon,1
Donald Trump,206,Joe Biden Ronald Reagan,0
Donald Trump,206,Richard Nixon Ronald Reagan,1
Bernie Sanders,207,Abraham Lincoln Barack Obama,0
Bernie Sanders,207,Abraham Lincoln Donald Trump,0
Bernie Sanders,207,Abraham Lincoln Elizabeth Warren,0
Bernie Sanders,207,Abraham Lincoln George W. Bush,0
Bernie Sanders,207,Abraham Lincoln Joe Biden,0
Bernie Sanders,207,Abraham Lincoln Richard Nixon,0
Bernie Sanders,207,Abraham Lincoln Ronald Reagan,0
Bernie Sanders,207,Barack Obama Donald Trump,0
Bernie Sanders,207,Barack Obama Elizabeth Warren,0
Bernie Sanders,207,Barack Obama George W. Bush,0
Bernie Sanders,207,Barack Obama Hillary Clinton,0
Bernie Sanders,207,Barack Obama Joe Biden,0
Bernie Sanders,207,Barack Obama Richard Nixon,0
Bernie Sanders,207,Barack Obama Ronald Reagan,0
Bernie Sanders,207,Donald Trump Elizabeth Warren,0
Bernie Sanders,207,Donald Trump George W. Bush,0
Bernie Sanders,207,Donald Trump Hillary Clinton,0
Bernie Sanders,207,Donald Trump Joe Biden,0
Bernie Sanders,207,Donald Trump Richard Nixon,0
Bernie Sanders,207,Donald Trump Ronald Reagan,0
Bernie Sanders,207,Elizabeth Warren George W. Bush,0
Bernie Sanders,207,Elizabeth Warren Hillary Clinton,0
Bernie Sanders,207,Elizabeth Warren Joe Biden,0
Bernie Sanders,207,Elizabeth Warren Richard Nixon,0
Bernie Sanders,207,Elizabeth Warren Ronald Reagan,0
Bernie Sanders,207,George W. Bush Hillary Clinton,0
Bernie Sanders,207,George W. Bush Joe Biden,0
Bernie Sanders,207,George W. Bush Richard Nixon,0
Bernie Sanders,207,George W. Bush Ronald Reagan,1
Bernie Sanders,207,Hillary Clinton Joe Biden,0
Bernie Sanders,207,Hillary Clinton Richard Nixon,0
Bernie Sanders,207,Joe Biden Richard Nixon,0
Bernie Sanders,207,Joe Biden Ronald Reagan,0
Bernie Sanders,207,Richard Nixon Ronald Reagan,0
Ronald Reagan,208,Abraham Lincoln Barack Obama,0
Ronald Reagan,208,Abraham Lincoln Bernie Sanders,0
Ronald Reagan,208,Abraham Lincoln Donald Trump,0
Ronald Reagan,208,Abraham Lincoln Elizabeth Warren,0
Ronald Reagan,208,Abraham Lincoln George W. Bush,0
Ronald Reagan,208,Abraham Lincoln Hillary Clinton,0
Ronald Reagan,208,Abraham Lincoln Joe Biden,0
Ronald Reagan,208,Abraham Lincoln Richard Nixon,0
Ronald Reagan,208,Barack Obama Bernie Sanders,0
Ronald Reagan,208,Barack Obama Donald Trump,1
Ronald Reagan,208,Barack Obama Elizabeth Warren,0
Ronald Reagan,208,Barack Obama George W. Bush,0
Ronald Reagan,208,Barack Obama Hillary Clinton,0
Ronald Reagan,208,Barack Obama Joe Biden,0
Ronald Reagan,208,Barack Obama Richard Nixon,0
Ronald Reagan,208,Bernie Sanders Donald Trump,0
Ronald Reagan,208,Bernie Sanders Elizabeth Warren,0
Ronald Reagan,208,Bernie Sanders George W. Bush,0
Ronald Reagan,208,Bernie Sanders Hillary Clinton,0
Ronald Reagan,208,Bernie Sanders Joe Biden,0
Ronald Reagan,208,Bernie Sanders Richard Nixon,0
Ronald Reagan,208,Donald Trump Elizabeth Warren,1
Ronald Reagan,208,Donald Trump George W. Bush,0
Ronald Reagan,208,Donald Trump Hillary Clinton,0
Ronald Reagan,208,Donald Trump Joe Biden,0
Ronald Reagan,208,Donald Trump Richard Nixon,0
Ronald Reagan,208,Elizabeth Warren George W. Bush,1
Ronald Reagan,208,Elizabeth Warren Hillary Clinton,0
Ronald Reagan,208,Elizabeth Warren Joe Biden,0
Ronald Reagan,208,Elizabeth Warren Richard Nixon,0
Ronald Reagan,208,George W. Bush Hillary Clinton,0
Ronald Reagan,208,George W. Bush Joe Biden,0
Ronald Reagan,208,George W. Bush Richard Nixon,0
Ronald Reagan,208,Hillary Clinton Joe Biden,0
Ronald Reagan,208,Hillary Clinton Richard Nixon,0
Ronald Reagan,208,Joe Biden Richard Nixon,0
Bernie Sanders,209,Abraham Lincoln Barack Obama,0
Bernie Sanders,209,Abraham Lincoln Donald Trump,0
Bernie Sanders,209,Abraham Lincoln Elizabeth Warren,0
Bernie Sanders,209,Abraham Lincoln George W. Bush,0
Bernie Sanders,209,Abraham Lincoln Hillary Clinton,0
Bernie Sanders,209,Abraham Lincoln Richard Nixon,0
Bernie Sanders,209,Abraham Lincoln Ronald Reagan,0
Bernie Sanders,209,Barack Obama Donald Trump,0
Bernie Sanders,209,Barack Obama Elizabeth Warren,0
Bernie Sanders,209,Barack Obama George W. Bush,0
Bernie Sanders,209,Barack Obama Hillary Clinton,0
Bernie Sanders,209,Barack Obama Joe Biden,0
Bernie Sanders,209,Barack Obama Richard Nixon,0
Bernie Sanders,209,Barack Obama Ronald Reagan,0
Bernie Sanders,209,Donald Trump Elizabeth Warren,0
Bernie Sanders,209,Donald Trump George W. Bush,0
Bernie Sanders,209,Donald Trump Hillary Clinton,0
Bernie Sanders,209,Donald Trump Joe Biden,0
Bernie Sanders,209,Donald Trump Richard Nixon,0
Bernie Sanders,209,Donald Trump Ronald Reagan,0
Bernie Sanders,209,Elizabeth Warren George W. Bush,0
Bernie Sanders,209,Elizabeth Warren Hillary Clinton,0
Bernie Sanders,209,Elizabeth Warren Joe Biden,0
Bernie Sanders,209,Elizabeth Warren Richard Nixon,0
Bernie Sanders,209,Elizabeth Warren Ronald Reagan,0
Bernie Sanders,209,George W. Bush Hillary Clinton,0
Bernie Sanders,209,George W. Bush Joe Biden,0
Bernie Sanders,209,George W. Bush Richard Nixon,0
Bernie Sanders,209,George W. Bush Ronald Reagan,0
Bernie Sanders,209,Hillary Clinton Joe Biden,0
Bernie Sanders,209,Hillary Clinton Richard Nixon,0
Bernie Sanders,209,Hillary Clinton Ronald Reagan,0
Bernie Sanders,209,Joe Biden Richard Nixon,0
Bernie Sanders,209,Joe Biden Ronald Reagan,0
Bernie Sanders,209,Richard Nixon Ronald Reagan,0
Bernie Sanders,210,Abraham Lincoln Barack Obama,0
Bernie Sanders,210,Abraham Lincoln Donald Trump,0
Bernie Sanders,210,Abraham Lincoln Elizabeth Warren,0
Bernie Sanders,210,Abraham Lincoln George W. Bush,0
Bernie Sanders,210,Abraham Lincoln Hillary Clinton,0
Bernie Sanders,210,Abraham Lincoln Richard Nixon,0
Bernie Sanders,210,Abraham Lincoln Ronald Reagan,0
Bernie Sanders,210,Barack Obama Donald Trump,0
Bernie Sanders,210,Barack Obama Elizabeth Warren,0
Bernie Sanders,210,Barack Obama George W. Bush,0
Bernie Sanders,210,Barack Obama Hillary Clinton,0
Bernie Sanders,210,Barack Obama Joe Biden,0
Bernie Sanders,210,Barack Obama Richard Nixon,0
Bernie Sanders,210,Barack Obama Ronald Reagan,0
Bernie Sanders,210,Donald Trump Elizabeth Warren,0
Bernie Sanders,210,Donald Trump George W. Bush,0
Bernie Sanders,210,Donald Trump Joe Biden,0
Bernie Sanders,210,Donald Trump Richard Nixon,0
Bernie Sanders,210,Donald Trump Ronald Reagan,1
Bernie Sanders,210,Elizabeth Warren George W. Bush,0
Bernie Sanders,210,Elizabeth Warren Hillary Clinton,0
Bernie Sanders,210,Elizabeth Warren Joe Biden,0
Bernie Sanders,210,Elizabeth Warren Richard Nixon,0
Bernie Sanders,210,Elizabeth Warren Ronald Reagan,0
Bernie Sanders,210,George W. Bush Hillary Clinton,0
Bernie Sanders,210,George W. Bush Joe Biden,0
Bernie Sanders,210,George W. Bush Richard Nixon,1
Bernie Sanders,210,George W. Bush Ronald Reagan,0
Bernie Sanders,210,Hillary Clinton Joe Biden,0
Bernie Sanders,210,Hillary Clinton Richard Nixon,0
Bernie Sanders,210,Hillary Clinton Ronald Reagan,0
Bernie Sanders,210,Joe Biden Richard Nixon,0
Bernie Sanders,210,Joe Biden Ronald Reagan,0
Bernie Sanders,210,Richard Nixon Ronald Reagan,0
Donald Trump,211,Abraham Lincoln Barack Obama,0
Donald Trump,211,Abraham Lincoln Bernie Sanders,0
Donald Trump,211,Abraham Lincoln Elizabeth Warren,0
Donald Trump,211,Abraham Lincoln George W. Bush,0
Donald Trump,211,Abraham Lincoln Hillary Clinton,0
Donald Trump,211,Abraham Lincoln Joe Biden,0
Donald Trump,211,Abraham Lincoln Richard Nixon,0
Donald Trump,211,Abraham Lincoln Ronald Reagan,0
Donald Trump,211,Barack Obama Bernie Sanders,0
Donald Trump,211,Barack Obama Elizabeth Warren,0
Donald Trump,211,Barack Obama George W. Bush,0
Donald Trump,211,Barack Obama Hillary Clinton,0
Donald Trump,211,Barack Obama Joe Biden,0
Donald Trump,211,Barack Obama Richard Nixon,1
Donald Trump,211,Barack Obama Ronald Reagan,0
Donald Trump,211,Bernie Sanders Elizabeth Warren,0
Donald Trump,211,Bernie Sanders George W. Bush,0
Donald Trump,211,Bernie Sanders Hillary Clinton,0
Donald Trump,211,Bernie Sanders Joe Biden,0
Donald Trump,211,Bernie Sanders Richard Nixon,0
Donald Trump,211,Bernie Sanders Ronald Reagan,0
Donald Trump,211,Elizabeth Warren George W. Bush,0
Donald Trump,211,Elizabeth Warren Hillary Clinton,0
Donald Trump,211,Elizabeth Warren Joe Biden,0
Donald Trump,211,Elizabeth Warren Richard Nixon,0
Donald Trump,211,Elizabeth Warren Ronald Reagan,0
Donald Trump,211,George W. Bush Hillary Clinton,0
Donald Trump,211,George W. Bush Joe Biden,0
Donald Trump,211,George W. Bush Richard Nixon,0
Donald Trump,211,George W. Bush Ronald Reagan,0
Donald Trump,211,Hillary Clinton Joe Biden,0
Donald Trump,211,Hillary Clinton Richard Nixon,0
Donald Trump,211,Hillary Clinton Ronald Reagan,0
Donald Trump,211,Joe Biden Richard Nixon,0
Donald Trump,211,Joe Biden Ronald Reagan,0
Donald Trump,211,Richard Nixon Ronald Reagan,0
Hillary Clinton,212,Abraham Lincoln Barack Obama,0
Hillary Clinton,212,Abraham Lincoln Bernie Sanders,0
Hillary Clinton,212,Abraham Lincoln Donald Trump,0
Hillary Clinton,212,Abraham Lincoln George W. Bush,0
Hillary Clinton,212,Abraham Lincoln Joe Biden,0
Hillary Clinton,212,Abraham Lincoln Richard Nixon,0
Hillary Clinton,212,Abraham Lincoln Ronald Reagan,1
Hillary Clinton,212,Barack Obama Bernie Sanders,0
Hillary Clinton,212,Barack Obama Donald Trump,0
Hillary Clinton,212,Barack Obama Elizabeth Warren,0
Hillary Clinton,212,Barack Obama George W. Bush,0
Hillary Clinton,212,Barack Obama Joe Biden,0
Hillary Clinton,212,Barack Obama Richard Nixon,0
Hillary Clinton,212,Barack Obama Ronald Reagan,0
Hillary Clinton,212,Bernie Sanders Donald Trump,0
Hillary Clinton,212,Bernie Sanders Elizabeth Warren,0
Hillary Clinton,212,Bernie Sanders George W. Bush,0
Hillary Clinton,212,Bernie Sanders Joe Biden,0
Hillary Clinton,212,Bernie Sanders Richard Nixon,0
Hillary Clinton,212,Bernie Sanders Ronald Reagan,0
Hillary Clinton,212,Donald Trump Elizabeth Warren,0
Hillary Clinton,212,Donald Trump George W. Bush,0
Hillary Clinton,212,Donald Trump Joe Biden,0
Hillary Clinton,212,Donald Trump Richard Nixon,1
Hillary Clinton,212,Donald Trump Ronald Reagan,0
Hillary Clinton,212,Elizabeth Warren George W. Bush,0
Hillary Clinton,212,Elizabeth Warren Joe Biden,0
Hillary Clinton,212,Elizabeth Warren Richard Nixon,0
Hillary Clinton,212,Elizabeth Warren Ronald Reagan,0
Hillary Clinton,212,George W. Bush Joe Biden,0
Hillary Clinton,212,George W. Bush Richard Nixon,0
Hillary Clinton,212,George W. Bush Ronald Reagan,0
Hillary Clinton,212,Joe Biden Richard Nixon,0
Hillary Clinton,212,Joe Biden Ronald Reagan,0
Hillary Clinton,212,Richard Nixon Ronald Reagan,0
Donald Trump,213,Abraham Lincoln Bernie Sanders,0
Donald Trump,213,Abraham Lincoln Elizabeth Warren,0
Donald Trump,213,Abraham Lincoln George W. Bush,0
Donald Trump,213,Abraham Lincoln Hillary Clinton,0
Donald Trump,213,Abraham Lincoln Joe Biden,0
Donald Trump,213,Abraham Lincoln Richard Nixon,0
Donald Trump,213,Abraham Lincoln Ronald Reagan,0
Donald Trump,213,Barack Obama Bernie Sanders,0
Donald Trump,213,Barack Obama Elizabeth Warren,0
Donald Trump,213,Barack Obama George W. Bush,0
Donald Trump,213,Barack Obama Joe Biden,0
Donald Trump,213,Barack Obama Richard Nixon,0
Donald Trump,213,Barack Obama Ronald Reagan,0
Donald Trump,213,Bernie Sanders Elizabeth Warren,0
Donald Trump,213,Bernie Sanders George W. Bush,0
Donald Trump,213,Bernie Sanders Hillary Clinton,0
Donald Trump,213,Bernie Sanders Joe Biden,0
Donald Trump,213,Bernie Sanders Richard Nixon,0
Donald Trump,213,Bernie Sanders Ronald Reagan,1
Donald Trump,213,Elizabeth Warren George W. Bush,0
Donald Trump,213,Elizabeth Warren Joe Biden,0
Donald Trump,213,Elizabeth Warren Richard Nixon,0
Donald Trump,213,Elizabeth Warren Ronald Reagan,0
Donald Trump,213,George W. Bush Hillary Clinton,0
Donald Trump,213,George W. Bush Joe Biden,0
Donald Trump,213,George W. Bush Richard Nixon,0
Donald Trump,213,George W. Bush Ronald Reagan,0
Donald Trump,213,Hillary Clinton Richard Nixon,1
Donald Trump,213,Hillary Clinton Ronald Reagan,0
Donald Trump,213,Joe Biden Richard Nixon,1
Donald Trump,213,Joe Biden Ronald Reagan,0
Donald Trump,213,Richard Nixon Ronald Reagan,0
Richard Nixon,214,Abraham Lincoln Barack Obama,0
Richard Nixon,214,Abraham Lincoln Bernie Sanders,0
Richard Nixon,214,Abraham Lincoln Donald Trump,0
Richard Nixon,214,Abraham Lincoln Elizabeth Warren,0
Richard Nixon,214,Abraham Lincoln George W. Bush,0
Richard Nixon,214,Abraham Lincoln Hillary Clinton,0
Richard Nixon,214,Abraham Lincoln Joe Biden,0
Richard Nixon,214,Abraham Lincoln Ronald Reagan,0
Richard Nixon,214,Barack Obama Bernie Sanders,0
Richard Nixon,214,Barack Obama Donald Trump,0
Richard Nixon,214,Barack Obama Elizabeth Warren,0
Richard Nixon,214,Barack Obama George W. Bush,0
Richard Nixon,214,Barack Obama Hillary Clinton,1
Richard Nixon,214,Barack Obama Ronald Reagan,0
Richard Nixon,214,Bernie Sanders Donald Trump,0
Richard Nixon,214,Bernie Sanders Elizabeth Warren,0
Richard Nixon,214,Bernie Sanders George W. Bush,0
Richard Nixon,214,Bernie Sanders Hillary Clinton,0
Richard Nixon,214,Bernie Sanders Joe Biden,0
Richard Nixon,214,Bernie Sanders Ronald Reagan,1
Richard Nixon,214,Donald Trump Elizabeth Warren,0
Richard Nixon,214,Donald Trump George W. Bush,0
Richard Nixon,214,Donald Trump Hillary Clinton,0
Richard Nixon,214,Donald Trump Joe Biden,0
Richard Nixon,214,Donald Trump Ronald Reagan,0
Richard Nixon,214,Elizabeth Warren George W. Bush,0
Richard Nixon,214,Elizabeth Warren Hillary Clinton,0
Richard Nixon,214,Elizabeth Warren Joe Biden,0
Richard Nixon,214,Elizabeth Warren Ronald Reagan,0
Richard Nixon,214,George W. Bush Hillary Clinton,0
Richard Nixon,214,George W. Bush Joe Biden,0
Richard Nixon,214,Hillary Clinton Joe Biden,0
Richard Nixon,214,Hillary Clinton Ronald Reagan,0
Richard Nixon,214,Joe Biden Ronald Reagan,0
Abraham Lincoln,215,Barack Obama Elizabeth Warren,0
Abraham Lincoln,215,Barack Obama George W. Bush,0
Abraham Lincoln,215,Barack Obama Joe Biden,0
Abraham Lincoln,215,Barack Obama Richard Nixon,0
Abraham Lincoln,215,Barack Obama Ronald Reagan,0
Abraham Lincoln,215,Bernie Sanders Donald Trump,0
Abraham Lincoln,215,Bernie Sanders Elizabeth Warren,0
Abraham Lincoln,215,Bernie Sanders George W. Bush,0
Abraham Lincoln,215,Bernie Sanders Hillary Clinton,0
Abraham Lincoln,215,Bernie Sanders Richard Nixon,1
Abraham Lincoln,215,Donald Trump Elizabeth Warren,0
Abraham Lincoln,215,Donald Trump Hillary Clinton,0
Abraham Lincoln,215,Donald Trump Joe Biden,0
Abraham Lincoln,215,Donald Trump Richard Nixon,0
Abraham Lincoln,215,Donald Trump Ronald Reagan,0
Abraham Lincoln,215,Elizabeth Warren George W. Bush,0
Abraham Lincoln,215,Elizabeth Warren Hillary Clinton,0
Abraham Lincoln,215,Elizabeth Warren Joe Biden,0
Abraham Lincoln,215,Elizabeth Warren Richard Nixon,0
Abraham Lincoln,215,Elizabeth Warren Ronald Reagan,0
Abraham Lincoln,215,George W. Bush Hillary Clinton,0
Abraham Lincoln,215,George W. Bush Joe Biden,0
Abraham Lincoln,215,George W. Bush Richard Nixon,0
Abraham Lincoln,215,George W. Bush Ronald Reagan,0
Abraham Lincoln,215,Hillary Clinton Joe Biden,0
Abraham Lincoln,215,Hillary Clinton Ronald Reagan,0
Abraham Lincoln,215,Joe Biden Ronald Reagan,0
Abraham Lincoln,215,Richard Nixon Ronald Reagan,0
Joe Biden,216,Abraham Lincoln Barack Obama,0
Joe Biden,216,Abraham Lincoln Bernie Sanders,0
Joe Biden,216,Abraham Lincoln Donald Trump,0
Joe Biden,216,Abraham Lincoln Elizabeth Warren,0
Joe Biden,216,Abraham Lincoln George W. Bush,1
Joe Biden,216,Abraham Lincoln Hillary Clinton,0
Joe Biden,216,Abraham Lincoln Richard Nixon,0
Joe Biden,216,Abraham Lincoln Ronald Reagan,0
Joe Biden,216,Barack Obama Bernie Sanders,0
Joe Biden,216,Barack Obama Donald Trump,0
Joe Biden,216,Barack Obama Elizabeth Warren,1
Joe Biden,216,Barack Obama George W. Bush,0
Joe Biden,216,Barack Obama Hillary Clinton,0
Joe Biden,216,Barack Obama Richard Nixon,0
Joe Biden,216,Barack Obama Ronald Reagan,0
Joe Biden,216,Bernie Sanders Donald Trump,0
Joe Biden,216,Bernie Sanders Elizabeth Warren,0
Joe Biden,216,Bernie Sanders George W. Bush,0
Joe Biden,216,Bernie Sanders Hillary Clinton,0
Joe Biden,216,Bernie Sanders Richard Nixon,0
Joe Biden,216,Bernie Sanders Ronald Reagan,0
Joe Biden,216,Donald Trump Elizabeth Warren,0
Joe Biden,216,Donald Trump Hillary Clinton,0
Joe Biden,216,Donald Trump Richard Nixon,1
Joe Biden,216,Donald Trump Ronald Reagan,0
Joe Biden,216,Elizabeth Warren George W. Bush,0
Joe Biden,216,Elizabeth Warren Hillary Clinton,0
Joe Biden,216,Elizabeth Warren Richard Nixon,0
Joe Biden,216,Elizabeth Warren Ronald Reagan,0
Joe Biden,216,George W. Bush Hillary Clinton,0
Joe Biden,216,George W. Bush Richard Nixon,0
Joe Biden,216,George W. Bush Ronald Reagan,0
Joe Biden,216,Hillary Clinton Richard Nixon,0
Joe Biden,216,Hillary Clinton Ronald Reagan,0
Joe Biden,216,Richard Nixon Ronald Reagan,0
Hillary Clinton,217,Abraham Lincoln Bernie Sanders,0
Hillary Clinton,217,Abraham Lincoln Donald Trump,0
Hillary Clinton,217,Abraham Lincoln Elizabeth Warren,0
Hillary Clinton,217,Abraham Lincoln George W. Bush,1
Hillary Clinton,217,Abraham Lincoln Joe Biden,0
Hillary Clinton,217,Abraham Lincoln Richard Nixon,0
Hillary Clinton,217,Abraham Lincoln Ronald Reagan,0
Hillary Clinton,217,Barack Obama Bernie Sanders,0
Hillary Clinton,217,Barack Obama Donald Trump,1
Hillary Clinton,217,Barack Obama Elizabeth Warren,0
Hillary Clinton,217,Barack Obama George W. Bush,0
Hillary Clinton,217,Barack Obama Joe Biden,0
Hillary Clinton,217,Barack Obama Richard Nixon,0
Hillary Clinton,217,Barack Obama Ronald Reagan,0
Hillary Clinton,217,Bernie Sanders Donald Trump,0
Hillary Clinton,217,Bernie Sanders Elizabeth Warren,0
Hillary Clinton,217,Bernie Sanders George W. Bush,0
Hillary Clinton,217,Bernie Sanders Joe Biden,0
Hillary Clinton,217,Bernie Sanders Richard Nixon,1
Hillary Clinton,217,Bernie Sanders Ronald Reagan,0
Hillary Clinton,217,Donald Trump Elizabeth Warren,0
Hillary Clinton,217,Donald Trump George W. Bush,1
Hillary Clinton,217,Donald Trump Joe Biden,1
Hillary Clinton,217,Donald Trump Richard Nixon,0
Hillary Clinton,217,Donald Trump Ronald Reagan,0
Hillary Clinton,217,Elizabeth Warren George W. Bush,0
Hillary Clinton,217,Elizabeth Warren Joe Biden,0
Hillary Clinton,217,Elizabeth Warren Richard Nixon,0
Hillary Clinton,217,Elizabeth Warren Ronald Reagan,0
Hillary Clinton,217,George W. Bush Joe Biden,1
Hillary Clinton,217,George W. Bush Richard Nixon,0
Hillary Clinton,217,George W. Bush Ronald Reagan,0
Hillary Clinton,217,Joe Biden Richard Nixon,0
Hillary Clinton,217,Joe Biden Ronald Reagan,0
Hillary Clinton,217,Richard Nixon Ronald Reagan,0
Barack Obama,218,Abraham Lincoln Bernie Sanders,0
Barack Obama,218,Abraham Lincoln Donald Trump,0
Barack Obama,218,Abraham Lincoln Elizabeth Warren,0
Barack Obama,218,Abraham Lincoln George W. Bush,0
Barack Obama,218,Abraham Lincoln Hillary Clinton,0
Barack Obama,218,Abraham Lincoln Joe Biden,0
Barack Obama,218,Abraham Lincoln Richard Nixon,0
Barack Obama,218,Abraham Lincoln Ronald Reagan,0
Barack Obama,218,Bernie Sanders Donald Trump,0
Barack Obama,218,Bernie Sanders Elizabeth Warren,0
Barack Obama,218,Bernie Sanders George W. Bush,0
Barack Obama,218,Bernie Sanders Hillary Clinton,0
Barack Obama,218,Bernie Sanders Joe Biden,0
Barack Obama,218,Bernie Sanders Richard Nixon,0
Barack Obama,218,Bernie Sanders Ronald Reagan,0
Barack Obama,218,Donald Trump George W. Bush,0
Barack Obama,218,Donald Trump Hillary Clinton,0
Barack Obama,218,Donald Trump Joe Biden,0
Barack Obama,218,Donald Trump Richard Nixon,0
Barack Obama,218,Donald Trump Ronald Reagan,0
Barack Obama,218,Elizabeth Warren George W. Bush,0
Barack Obama,218,Elizabeth Warren Hillary Clinton,0
Barack Obama,218,Elizabeth Warren Joe Biden,0
Barack Obama,218,Elizabeth Warren Richard Nixon,0
Barack Obama,218,Elizabeth Warren Ronald Reagan,0
Barack Obama,218,George W. Bush Hillary Clinton,0
Barack Obama,218,George W. Bush Joe Biden,0
Barack Obama,218,George W. Bush Richard Nixon,0
Barack Obama,218,George W. Bush Ronald Reagan,0
Barack Obama,218,Hillary Clinton Joe Biden,0
Barack Obama,218,Hillary Clinton Richard Nixon,1
Barack Obama,218,Hillary Clinton Ronald Reagan,0
Barack Obama,218,Joe Biden Richard Nixon,0
Barack Obama,218,Joe Biden Ronald Reagan,0
Barack Obama,218,Richard Nixon Ronald Reagan,0
Joe Biden,219,Abraham Lincoln Barack Obama,0
Joe Biden,219,Abraham Lincoln Donald Trump,0
Joe Biden,219,Abraham Lincoln Elizabeth Warren,0
Joe Biden,219,Abraham Lincoln George W. Bush,0
Joe Biden,219,Abraham Lincoln Hillary Clinton,1
Joe Biden,219,Abraham Lincoln Richard Nixon,0
Joe Biden,219,Abraham Lincoln Ronald Reagan,0
Joe Biden,219,Barack Obama Bernie Sanders,0
Joe Biden,219,Barack Obama Donald Trump,0
Joe Biden,219,Barack Obama Elizabeth Warren,0
Joe Biden,219,Barack Obama George W. Bush,0
Joe Biden,219,Barack Obama Hillary Clinton,0
Joe Biden,219,Barack Obama Ronald Reagan,0
Joe Biden,219,Bernie Sanders Donald Trump,0
Joe Biden,219,Bernie Sanders Elizabeth Warren,0
Joe Biden,219,Bernie Sanders George W. Bush,0
Joe Biden,219,Bernie Sanders Hillary Clinton,0
Joe Biden,219,Bernie Sanders Richard Nixon,0
Joe Biden,219,Bernie Sanders Ronald Reagan,0
Joe Biden,219,Donald Trump Elizabeth Warren,0
Joe Biden,219,Donald Trump George W. Bush,0
Joe Biden,219,Donald Trump Hillary Clinton,0
Joe Biden,219,Donald Trump Richard Nixon,0
Joe Biden,219,Donald Trump Ronald Reagan,0
Joe Biden,219,Elizabeth Warren George W. Bush,0
Joe Biden,219,Elizabeth Warren Richard Nixon,0
Joe Biden,219,Elizabeth Warren Ronald Reagan,0
Joe Biden,219,George W. Bush Hillary Clinton,1
Joe Biden,219,George W. Bush Richard Nixon,0
Joe Biden,219,George W. Bush Ronald Reagan,1
Joe Biden,219,Hillary Clinton Richard Nixon,0
Joe Biden,219,Hillary Clinton Ronald Reagan,0
Joe Biden,219,Richard Nixon Ronald Reagan,0
Abraham Lincoln,220,Barack Obama Bernie Sanders,0
Abraham Lincoln,220,Barack Obama Elizabeth Warren,0
Abraham Lincoln,220,Barack Obama George W. Bush,0
Abraham Lincoln,220,Barack Obama Hillary Clinton,0
Abraham Lincoln,220,Barack Obama Joe Biden,0
Abraham Lincoln,220,Barack Obama Richard Nixon,0
Abraham Lincoln,220,Barack Obama Ronald Reagan,0
Abraham Lincoln,220,Bernie Sanders Donald Trump,0
Abraham Lincoln,220,Bernie Sanders Elizabeth Warren,0
Abraham Lincoln,220,Bernie Sanders George W. Bush,0
Abraham Lincoln,220,Bernie Sanders Hillary Clinton,0
Abraham Lincoln,220,Bernie Sanders Joe Biden,0
Abraham Lincoln,220,Bernie Sanders Ronald Reagan,0
Abraham Lincoln,220,Donald Trump Elizabeth Warren,0
Abraham Lincoln,220,Donald Trump George W. Bush,0
Abraham Lincoln,220,Donald Trump Hillary Clinton,0
Abraham Lincoln,220,Donald Trump Joe Biden,0
Abraham Lincoln,220,Donald Trump Richard Nixon,0
Abraham Lincoln,220,Donald Trump Ronald Reagan,0
Abraham Lincoln,220,Elizabeth Warren George W. Bush,0
Abraham Lincoln,220,Elizabeth Warren Hillary Clinton,0
Abraham Lincoln,220,Elizabeth Warren Joe Biden,0
Abraham Lincoln,220,Elizabeth Warren Richard Nixon,0
Abraham Lincoln,220,Elizabeth Warren Ronald Reagan,0
Abraham Lincoln,220,George W. Bush Hillary Clinton,0
Abraham Lincoln,220,George W. Bush Joe Biden,0
Abraham Lincoln,220,George W. Bush Richard Nixon,0
Abraham Lincoln,220,George W. Bush Ronald Reagan,0
Abraham Lincoln,220,Hillary Clinton Richard Nixon,0
Abraham Lincoln,220,Hillary Clinton Ronald Reagan,0
Abraham Lincoln,220,Joe Biden Richard Nixon,0
Abraham Lincoln,220,Joe Biden Ronald Reagan,0
Abraham Lincoln,220,Richard Nixon Ronald Reagan,0
Richard Nixon,221,Abraham Lincoln Barack Obama,0
Richard Nixon,221,Abraham Lincoln Bernie Sanders,0
Richard Nixon,221,Abraham Lincoln Donald Trump,0
Richard Nixon,221,Abraham Lincoln Elizabeth Warren,0
Richard Nixon,221,Abraham Lincoln George W. Bush,1
Richard Nixon,221,Abraham Lincoln Hillary Clinton,0
Richard Nixon,221,Abraham Lincoln Joe Biden,0
Richard Nixon,221,Abraham Lincoln Ronald Reagan,0
Richard Nixon,221,Barack Obama Bernie Sanders,0
Richard Nixon,221,Barack Obama Donald Trump,1
Richard Nixon,221,Barack Obama Elizabeth Warren,0
Richard Nixon,221,Barack Obama George W. Bush,0
Richard Nixon,221,Barack Obama Hillary Clinton,0
Richard Nixon,221,Barack Obama Joe Biden,0
Richard Nixon,221,Barack Obama Ronald Reagan,0
Richard Nixon,221,Bernie Sanders Donald Trump,0
Richard Nixon,221,Bernie Sanders Elizabeth Warren,0
Richard Nixon,221,Bernie Sanders George W. Bush,0
Richard Nixon,221,Bernie Sanders Hillary Clinton,0
Richard Nixon,221,Bernie Sanders Joe Biden,0
Richard Nixon,221,Bernie Sanders Ronald Reagan,0
Richard Nixon,221,Donald Trump Elizabeth Warren,0
Richard Nixon,221,Donald Trump George W. Bush,0
Richard Nixon,221,Donald Trump Hillary Clinton,0
Richard Nixon,221,Donald Trump Joe Biden,0
Richard Nixon,221,Donald Trump Ronald Reagan,0
Richard Nixon,221,Elizabeth Warren George W. Bush,0
Richard Nixon,221,Elizabeth Warren Hillary Clinton,0
Richard Nixon,221,Elizabeth Warren Joe Biden,0
Richard Nixon,221,Elizabeth Warren Ronald Reagan,0
Richard Nixon,221,George W. Bush Hillary Clinton,0
Richard Nixon,221,George W. Bush Joe Biden,0
Richard Nixon,221,George W. Bush Ronald Reagan,0
Richard Nixon,221,Hillary Clinton Joe Biden,0
Richard Nixon,221,Hillary Clinton Ronald Reagan,1
Richard Nixon,221,Joe Biden Ronald Reagan,0
Richard Nixon,222,Abraham Lincoln Barack Obama,0
Richard Nixon,222,Abraham Lincoln Bernie Sanders,0
Richard Nixon,222,Abraham Lincoln Donald Trump,0
Richard Nixon,222,Abraham Lincoln Elizabeth Warren,0
Richard Nixon,222,Abraham Lincoln George W. Bush,0
Richard Nixon,222,Abraham Lincoln Hillary Clinton,0
Richard Nixon,222,Abraham Lincoln Joe Biden,0
Richard Nixon,222,Abraham Lincoln Ronald Reagan,0
Richard Nixon,222,Barack Obama Bernie Sanders,0
Richard Nixon,222,Barack Obama Donald Trump,1
Richard Nixon,222,Barack Obama Elizabeth Warren,0
Richard Nixon,222,Barack Obama George W. Bush,0
Richard Nixon,222,Barack Obama Hillary Clinton,1
Richard Nixon,222,Barack Obama Joe Biden,1
Richard Nixon,222,Barack Obama Ronald Reagan,0
Richard Nixon,222,Bernie Sanders Donald Trump,0
Richard Nixon,222,Bernie Sanders Elizabeth Warren,0
Richard Nixon,222,Bernie Sanders George W. Bush,0
Richard Nixon,222,Bernie Sanders Hillary Clinton,0
Richard Nixon,222,Bernie Sanders Joe Biden,1
Richard Nixon,222,Bernie Sanders Ronald Reagan,0
Richard Nixon,222,Donald Trump Elizabeth Warren,0
Richard Nixon,222,Donald Trump George W. Bush,0
Richard Nixon,222,Donald Trump Hillary Clinton,0
Richard Nixon,222,Donald Trump Joe Biden,0
Richard Nixon,222,Elizabeth Warren George W. Bush,0
Richard Nixon,222,Elizabeth Warren Hillary Clinton,0
Richard Nixon,222,Elizabeth Warren Joe Biden,0
Richard Nixon,222,Elizabeth Warren Ronald Reagan,0
Richard Nixon,222,George W. Bush Hillary Clinton,0
Richard Nixon,222,George W. Bush Joe Biden,0
Richard Nixon,222,George W. Bush Ronald Reagan,0
Richard Nixon,222,Hillary Clinton Joe Biden,0
Richard Nixon,222,Hillary Clinton Ronald Reagan,0
Richard Nixon,222,Joe Biden Ronald Reagan,1
Barack Obama,223,Abraham Lincoln Bernie Sanders,0
Barack Obama,223,Abraham Lincoln Donald Trump,0
Barack Obama,223,Abraham Lincoln Elizabeth Warren,0
Barack Obama,223,Abraham Lincoln George W. Bush,0
Barack Obama,223,Abraham Lincoln Hillary Clinton,0
Barack Obama,223,Abraham Lincoln Joe Biden,0
Barack Obama,223,Abraham Lincoln Richard Nixon,0
Barack Obama,223,Abraham Lincoln Ronald Reagan,0
Barack Obama,223,Bernie Sanders Donald Trump,0
Barack Obama,223,Bernie Sanders Elizabeth Warren,0
Barack Obama,223,Bernie Sanders George W. Bush,0
Barack Obama,223,Bernie Sanders Hillary Clinton,0
Barack Obama,223,Bernie Sanders Joe Biden,1
Barack Obama,223,Bernie Sanders Richard Nixon,0
Barack Obama,223,Bernie Sanders Ronald Reagan,0
Barack Obama,223,Donald Trump Elizabeth Warren,0
Barack Obama,223,Donald Trump George W. Bush,0
Barack Obama,223,Donald Trump Hillary Clinton,0
Barack Obama,223,Donald Trump Richard Nixon,0
Barack Obama,223,Donald Trump Ronald Reagan,0
Barack Obama,223,Elizabeth Warren George W. Bush,0
Barack Obama,223,Elizabeth Warren Hillary Clinton,0
Barack Obama,223,Elizabeth Warren Joe Biden,0
Barack Obama,223,Elizabeth Warren Richard Nixon,0
Barack Obama,223,Elizabeth Warren Ronald Reagan,0
Barack Obama,223,George W. Bush Hillary Clinton,0
Barack Obama,223,George W. Bush Joe Biden,0
Barack Obama,223,George W. Bush Richard Nixon,1
Barack Obama,223,George W. Bush Ronald Reagan,0
Barack Obama,223,Hillary Clinton Joe Biden,0
Barack Obama,223,Hillary Clinton Richard Nixon,0
Barack Obama,223,Hillary Clinton Ronald Reagan,1
Barack Obama,223,Joe Biden Richard Nixon,1
Barack Obama,223,Joe Biden Ronald Reagan,0
Barack Obama,223,Richard Nixon Ronald Reagan,0
Hillary Clinton,224,Abraham Lincoln Barack Obama,0
Hillary Clinton,224,Abraham Lincoln Bernie Sanders,0
Hillary Clinton,224,Abraham Lincoln Donald Trump,0
Hillary Clinton,224,Abraham Lincoln George W. Bush,1
Hillary Clinton,224,Abraham Lincoln Joe Biden,0
Hillary Clinton,224,Abraham Lincoln Richard Nixon,0
Hillary Clinton,224,Abraham Lincoln Ronald Reagan,1
Hillary Clinton,224,Barack Obama Bernie Sanders,0
Hillary Clinton,224,Barack Obama Donald Trump,0
Hillary Clinton,224,Barack Obama Elizabeth Warren,0
Hillary Clinton,224,Barack Obama George W. Bush,0
Hillary Clinton,224,Barack Obama Joe Biden,1
Hillary Clinton,224,Barack Obama Richard Nixon,0
Hillary Clinton,224,Barack Obama Ronald Reagan,0
Hillary Clinton,224,Bernie Sanders Donald Trump,0
Hillary Clinton,224,Bernie Sanders Elizabeth Warren,0
Hillary Clinton,224,Bernie Sanders George W. Bush,0
Hillary Clinton,224,Bernie Sanders Joe Biden,0
Hillary Clinton,224,Bernie Sanders Richard Nixon,0
Hillary Clinton,224,Bernie Sanders Ronald Reagan,0
Hillary Clinton,224,Donald Trump Elizabeth Warren,0
Hillary Clinton,224,Donald Trump Richard Nixon,0
Hillary Clinton,224,Donald Trump Ronald Reagan,0
Hillary Clinton,224,Elizabeth Warren George W. Bush,0
Hillary Clinton,224,Elizabeth Warren Joe Biden,1
Hillary Clinton,224,Elizabeth Warren Richard Nixon,0
Hillary Clinton,224,Elizabeth Warren Ronald Reagan,0
Hillary Clinton,224,George W. Bush Joe Biden,0
Hillary Clinton,224,George W. Bush Richard Nixon,1
Hillary Clinton,224,George W. Bush Ronald Reagan,0
Hillary Clinton,224,Joe Biden Richard Nixon,0
Hillary Clinton,224,Joe Biden Ronald Reagan,0
Hillary Clinton,224,Richard Nixon Ronald Reagan,0
Ronald Reagan,225,Abraham Lincoln Barack Obama,0
Ronald Reagan,225,Abraham Lincoln Bernie Sanders,0
Ronald Reagan,225,Abraham Lincoln Donald Trump,0
Ronald Reagan,225,Abraham Lincoln Elizabeth Warren,0
Ronald Reagan,225,Abraham Lincoln George W. Bush,0
Ronald Reagan,225,Abraham Lincoln Hillary Clinton,0
Ronald Reagan,225,Abraham Lincoln Joe Biden,0
Ronald Reagan,225,Abraham Lincoln Richard Nixon,0
Ronald Reagan,225,Barack Obama Bernie Sanders,0
Ronald Reagan,225,Barack Obama Elizabeth Warren,0
Ronald Reagan,225,Barack Obama Hillary Clinton,0
Ronald Reagan,225,Barack Obama Joe Biden,0
Ronald Reagan,225,Barack Obama Richard Nixon,0
Ronald Reagan,225,Bernie Sanders Donald Trump,0
Ronald Reagan,225,Bernie Sanders Elizabeth Warren,0
Ronald Reagan,225,Bernie Sanders George W. Bush,0
Ronald Reagan,225,Bernie Sanders Hillary Clinton,1
Ronald Reagan,225,Bernie Sanders Joe Biden,0
Ronald Reagan,225,Bernie Sanders Richard Nixon,0
Ronald Reagan,225,Donald Trump Elizabeth Warren,0
Ronald Reagan,225,Donald Trump George W. Bush,0
Ronald Reagan,225,Donald Trump Hillary Clinton,0
Ronald Reagan,225,Donald Trump Joe Biden,0
Ronald Reagan,225,Donald Trump Richard Nixon,0
Ronald Reagan,225,Elizabeth Warren George W. Bush,0
Ronald Reagan,225,Elizabeth Warren Hillary Clinton,0
Ronald Reagan,225,Elizabeth Warren Joe Biden,0
Ronald Reagan,225,Elizabeth Warren Richard Nixon,0
Ronald Reagan,225,George W. Bush Hillary Clinton,0
Ronald Reagan,225,George W. Bush Joe Biden,0
Ronald Reagan,225,Hillary Clinton Joe Biden,0
Ronald Reagan,225,Hillary Clinton Richard Nixon,1
Ronald Reagan,225,Joe Biden Richard Nixon,0
Bernie Sanders,226,Abraham Lincoln Barack Obama,0
Bernie Sanders,226,Abraham Lincoln Donald Trump,0
Bernie Sanders,226,Abraham Lincoln Elizabeth Warren,0
Bernie Sanders,226,Abraham Lincoln George W. Bush,0
Bernie Sanders,226,Abraham Lincoln Hillary Clinton,0
Bernie Sanders,226,Abraham Lincoln Joe Biden,0
Bernie Sanders,226,Abraham Lincoln Richard Nixon,0
Bernie Sanders,226,Abraham Lincoln Ronald Reagan,0
Bernie Sanders,226,Barack Obama Donald Trump,0
Bernie Sanders,226,Barack Obama George W. Bush,0
Bernie Sanders,226,Barack Obama Hillary Clinton,0
Bernie Sanders,226,Barack Obama Joe Biden,0
Bernie Sanders,226,Barack Obama Richard Nixon,0
Bernie Sanders,226,Barack Obama Ronald Reagan,0
Bernie Sanders,226,Donald Trump Elizabeth Warren,0
Bernie Sanders,226,Donald Trump George W. Bush,0
Bernie Sanders,226,Donald Trump Hillary Clinton,0
Bernie Sanders,226,Donald Trump Joe Biden,0
Bernie Sanders,226,Donald Trump Richard Nixon,0
Bernie Sanders,226,Donald Trump Ronald Reagan,0
Bernie Sanders,226,Elizabeth Warren Hillary Clinton,0
Bernie Sanders,226,Elizabeth Warren Joe Biden,0
Bernie Sanders,226,Elizabeth Warren Richard Nixon,0
Bernie Sanders,226,Elizabeth Warren Ronald Reagan,0
Bernie Sanders,226,George W. Bush Hillary Clinton,0
Bernie Sanders,226,George W. Bush Joe Biden,0
Bernie Sanders,226,George W. Bush Richard Nixon,0
Bernie Sanders,226,George W. Bush Ronald Reagan,0
Bernie Sanders,226,Hillary Clinton Joe Biden,0
Bernie Sanders,226,Hillary Clinton Richard Nixon,1
Bernie Sanders,226,Hillary Clinton Ronald Reagan,0
Bernie Sanders,226,Joe Biden Richard Nixon,0
Bernie Sanders,226,Joe Biden Ronald Reagan,0
Bernie Sanders,226,Richard Nixon Ronald Reagan,0
Hillary Clinton,227,Abraham Lincoln Barack Obama,0
Hillary Clinton,227,Abraham Lincoln Bernie Sanders,0
Hillary Clinton,227,Abraham Lincoln Donald Trump,0
Hillary Clinton,227,Abraham Lincoln Elizabeth Warren,0
Hillary Clinton,227,Abraham Lincoln George W. Bush,0
Hillary Clinton,227,Abraham Lincoln Joe Biden,0
Hillary Clinton,227,Abraham Lincoln Richard Nixon,0
Hillary Clinton,227,Abraham Lincoln Ronald Reagan,0
Hillary Clinton,227,Barack Obama Donald Trump,0
Hillary Clinton,227,Barack Obama Elizabeth Warren,0
Hillary Clinton,227,Barack Obama George W. Bush,0
Hillary Clinton,227,Barack Obama Joe Biden,1
Hillary Clinton,227,Barack Obama Richard Nixon,0
Hillary Clinton,227,Barack Obama Ronald Reagan,0
Hillary Clinton,227,Bernie Sanders Donald Trump,0
Hillary Clinton,227,Bernie Sanders Elizabeth Warren,0
Hillary Clinton,227,Bernie Sanders George W. Bush,0
Hillary Clinton,227,Bernie Sanders Joe Biden,0
Hillary Clinton,227,Bernie Sanders Richard Nixon,0
Hillary Clinton,227,Bernie Sanders Ronald Reagan,0
Hillary Clinton,227,Donald Trump Elizabeth Warren,1
Hillary Clinton,227,Donald Trump George W. Bush,0
Hillary Clinton,227,Donald Trump Joe Biden,0
Hillary Clinton,227,Donald Trump Richard Nixon,0
Hillary Clinton,227,Donald Trump Ronald Reagan,0
Hillary Clinton,227,Elizabeth Warren George W. Bush,0
Hillary Clinton,227,Elizabeth Warren Joe Biden,0
Hillary Clinton,227,Elizabeth Warren Richard Nixon,0
Hillary Clinton,227,Elizabeth Warren Ronald Reagan,0
Hillary Clinton,227,George W. Bush Joe Biden,0
Hillary Clinton,227,George W. Bush Richard Nixon,0
Hillary Clinton,227,George W. Bush Ronald Reagan,0
Hillary Clinton,227,Joe Biden Richard Nixon,0
Hillary Clinton,227,Joe Biden Ronald Reagan,0
Hillary Clinton,227,Richard Nixon Ronald Reagan,0
Ronald Reagan,228,Abraham Lincoln Barack Obama,0
Ronald Reagan,228,Abraham Lincoln Bernie Sanders,0
Ronald Reagan,228,Abraham Lincoln Donald Trump,0
Ronald Reagan,228,Abraham Lincoln Elizabeth Warren,0
Ronald Reagan,228,Abraham Lincoln George W. Bush,0
Ronald Reagan,228,Abraham Lincoln Hillary Clinton,0
Ronald Reagan,228,Abraham Lincoln Joe Biden,0
Ronald Reagan,228,Abraham Lincoln Richard Nixon,0
Ronald Reagan,228,Barack Obama Bernie Sanders,0
Ronald Reagan,228,Barack Obama Donald Trump,0
Ronald Reagan,228,Barack Obama Elizabeth Warren,0
Ronald Reagan,228,Barack Obama George W. Bush,0
Ronald Reagan,228,Barack Obama Hillary Clinton,0
Ronald Reagan,228,Barack Obama Joe Biden,0
Ronald Reagan,228,Barack Obama Richard Nixon,0
Ronald Reagan,228,Bernie Sanders Donald Trump,0
Ronald Reagan,228,Bernie Sanders Elizabeth Warren,0
Ronald Reagan,228,Bernie Sanders George W. Bush,0
Ronald Reagan,228,Bernie Sanders Hillary Clinton,0
Ronald Reagan,228,Bernie Sanders Joe Biden,0
Ronald Reagan,228,Bernie Sanders Richard Nixon,0
Ronald Reagan,228,Donald Trump Elizabeth Warren,0
Ronald Reagan,228,Donald Trump George W. Bush,0
Ronald Reagan,228,Donald Trump Hillary Clinton,0
Ronald Reagan,228,Donald Trump Joe Biden,0
Ronald Reagan,228,Donald Trump Richard Nixon,0
Ronald Reagan,228,Elizabeth Warren George W. Bush,0
Ronald Reagan,228,Elizabeth Warren Hillary Clinton,0
Ronald Reagan,228,Elizabeth Warren Joe Biden,0
Ronald Reagan,228,Elizabeth Warren Richard Nixon,0
Ronald Reagan,228,George W. Bush Joe Biden,0
Ronald Reagan,228,George W. Bush Richard Nixon,0
Ronald Reagan,228,Hillary Clinton Joe Biden,0
Ronald Reagan,228,Hillary Clinton Richard Nixon,0
Ronald Reagan,228,Joe Biden Richard Nixon,0
Richard Nixon,229,Abraham Lincoln Barack Obama,0
Richard Nixon,229,Abraham Lincoln Bernie Sanders,0
Richard Nixon,229,Abraham Lincoln Donald Trump,0
Richard Nixon,229,Abraham Lincoln Elizabeth Warren,0
Richard Nixon,229,Abraham Lincoln George W. Bush,0
Richard Nixon,229,Abraham Lincoln Hillary Clinton,0
Richard Nixon,229,Abraham Lincoln Joe Biden,0
Richard Nixon,229,Abraham Lincoln Ronald Reagan,0
Richard Nixon,229,Barack Obama Bernie Sanders,0
Richard Nixon,229,Barack Obama Donald Trump,0
Richard Nixon,229,Barack Obama Elizabeth Warren,0
Richard Nixon,229,Barack Obama George W. Bush,0
Richard Nixon,229,Barack Obama Hillary Clinton,0
Richard Nixon,229,Barack Obama Joe Biden,1
Richard Nixon,229,Barack Obama Ronald Reagan,0
Richard Nixon,229,Bernie Sanders Donald Trump,0
Richard Nixon,229,Bernie Sanders Elizabeth Warren,0
Richard Nixon,229,Bernie Sanders George W. Bush,0
Richard Nixon,229,Bernie Sanders Hillary Clinton,0
Richard Nixon,229,Bernie Sanders Joe Biden,0
Richard Nixon,229,Bernie Sanders Ronald Reagan,0
Richard Nixon,229,Donald Trump Elizabeth Warren,0
Richard Nixon,229,Donald Trump George W. Bush,1
Richard Nixon,229,Donald Trump Hillary Clinton,0
Richard Nixon,229,Donald Trump Joe Biden,0
Richard Nixon,229,Donald Trump Ronald Reagan,0
Richard Nixon,229,Elizabeth Warren George W. Bush,0
Richard Nixon,229,Elizabeth Warren Hillary Clinton,0
Richard Nixon,229,Elizabeth Warren Joe Biden,0
Richard Nixon,229,Elizabeth Warren Ronald Reagan,0
Richard Nixon,229,George W. Bush Hillary Clinton,0
Richard Nixon,229,George W. Bush Joe Biden,0
Richard Nixon,229,George W. Bush Ronald Reagan,0
Richard Nixon,229,Hillary Clinton Joe Biden,0
Richard Nixon,229,Hillary Clinton Ronald Reagan,1
Richard Nixon,229,Joe Biden Ronald Reagan,1
Donald Trump,230,Abraham Lincoln Barack Obama,0
Donald Trump,230,Abraham Lincoln Bernie Sanders,0
Donald Trump,230,Abraham Lincoln Elizabeth Warren,0
Donald Trump,230,Abraham Lincoln George W. Bush,0
Donald Trump,230,Abraham Lincoln Hillary Clinton,0
Donald Trump,230,Abraham Lincoln Joe Biden,0
Donald Trump,230,Abraham Lincoln Richard Nixon,0
Donald Trump,230,Abraham Lincoln Ronald Reagan,0
Donald Trump,230,Barack Obama Bernie Sanders,0
Donald Trump,230,Barack Obama Elizabeth Warren,0
Donald Trump,230,Barack Obama George W. Bush,0
Donald Trump,230,Barack Obama Hillary Clinton,0
Donald Trump,230,Barack Obama Joe Biden,0
Donald Trump,230,Barack Obama Richard Nixon,0
Donald Trump,230,Barack Obama Ronald Reagan,0
Donald Trump,230,Bernie Sanders Elizabeth Warren,0
Donald Trump,230,Bernie Sanders George W. Bush,1
Donald Trump,230,Bernie Sanders Hillary Clinton,0
Donald Trump,230,Bernie Sanders Joe Biden,0
Donald Trump,230,Bernie Sanders Richard Nixon,0
Donald Trump,230,Bernie Sanders Ronald Reagan,0
Donald Trump,230,Elizabeth Warren George W. Bush,1
Donald Trump,230,Elizabeth Warren Hillary Clinton,0
Donald Trump,230,Elizabeth Warren Joe Biden,0
Donald Trump,230,Elizabeth Warren Richard Nixon,0
Donald Trump,230,Elizabeth Warren Ronald Reagan,0
Donald Trump,230,George W. Bush Hillary Clinton,0
Donald Trump,230,George W. Bush Joe Biden,0
Donald Trump,230,George W. Bush Richard Nixon,0
Donald Trump,230,George W. Bush Ronald Reagan,0
Donald Trump,230,Hillary Clinton Joe Biden,0
Donald Trump,230,Hillary Clinton Richard Nixon,0
Donald Trump,230,Hillary Clinton Ronald Reagan,0
Donald Trump,230,Joe Biden Richard Nixon,0
Donald Trump,230,Joe Biden Ronald Reagan,1
Donald Trump,230,Richard Nixon Ronald Reagan,1
Abraham Lincoln,231,Barack Obama Bernie Sanders,0
Abraham Lincoln,231,Barack Obama Donald Trump,0
Abraham Lincoln,231,Barack Obama Elizabeth Warren,0
Abraham Lincoln,231,Barack Obama George W. Bush,0
Abraham Lincoln,231,Barack Obama Hillary Clinton,0
Abraham Lincoln,231,Barack Obama Joe Biden,0
Abraham Lincoln,231,Barack Obama Ronald Reagan,0
Abraham Lincoln,231,Bernie Sanders Donald Trump,0
Abraham Lincoln,231,Bernie Sanders Elizabeth Warren,0
Abraham Lincoln,231,Bernie Sanders George W. Bush,0
Abraham Lincoln,231,Bernie Sanders Hillary Clinton,0
Abraham Lincoln,231,Bernie Sanders Joe Biden,0
Abraham Lincoln,231,Bernie Sanders Richard Nixon,0
Abraham Lincoln,231,Bernie Sanders Ronald Reagan,0
Abraham Lincoln,231,Donald Trump Elizabeth Warren,0
Abraham Lincoln,231,Donald Trump George W. Bush,0
Abraham Lincoln,231,Donald Trump Hillary Clinton,0
Abraham Lincoln,231,Donald Trump Joe Biden,0
Abraham Lincoln,231,Donald Trump Richard Nixon,0
Abraham Lincoln,231,Donald Trump Ronald Reagan,0
Abraham Lincoln,231,Elizabeth Warren George W. Bush,0
Abraham Lincoln,231,Elizabeth Warren Hillary Clinton,0
Abraham Lincoln,231,Elizabeth Warren Joe Biden,0
Abraham Lincoln,231,Elizabeth Warren Richard Nixon,0
Abraham Lincoln,231,Elizabeth Warren Ronald Reagan,0
Abraham Lincoln,231,George W. Bush Hillary Clinton,0
Abraham Lincoln,231,George W. Bush Joe Biden,0
Abraham Lincoln,231,George W. Bush Richard Nixon,0
Abraham Lincoln,231,George W. Bush Ronald Reagan,0
Abraham Lincoln,231,Hillary Clinton Joe Biden,0
Abraham Lincoln,231,Hillary Clinton Richard Nixon,0
Abraham Lincoln,231,Hillary Clinton Ronald Reagan,0
Abraham Lincoln,231,Joe Biden Richard Nixon,0
Abraham Lincoln,231,Joe Biden Ronald Reagan,0
Abraham Lincoln,231,Richard Nixon Ronald Reagan,0
Barack Obama,232,Abraham Lincoln Bernie Sanders,0
Barack Obama,232,Abraham Lincoln Donald Trump,0
Barack Obama,232,Abraham Lincoln Elizabeth Warren,0
Barack Obama,232,Abraham Lincoln Hillary Clinton,0
Barack Obama,232,Abraham Lincoln Joe Biden,0
Barack Obama,232,Abraham Lincoln Richard Nixon,0
Barack Obama,232,Abraham Lincoln Ronald Reagan,0
Barack Obama,232,Bernie Sanders Donald Trump,0
Barack Obama,232,Bernie Sanders Elizabeth Warren,0
Barack Obama,232,Bernie Sanders George W. Bush,0
Barack Obama,232,Bernie Sanders Hillary Clinton,0
Barack Obama,232,Bernie Sanders Joe Biden,0
Barack Obama,232,Bernie Sanders Richard Nixon,0
Barack Obama,232,Bernie Sanders Ronald Reagan,0
Barack Obama,232,Donald Trump Elizabeth Warren,0
Barack Obama,232,Donald Trump Hillary Clinton,0
Barack Obama,232,Donald Trump Richard Nixon,0
Barack Obama,232,Elizabeth Warren George W. Bush,0
Barack Obama,232,Elizabeth Warren Hillary Clinton,0
Barack Obama,232,Elizabeth Warren Joe Biden,0
Barack Obama,232,Elizabeth Warren Richard Nixon,0
Barack Obama,232,Elizabeth Warren Ronald Reagan,0
Barack Obama,232,George W. Bush Joe Biden,0
Barack Obama,232,George W. Bush Richard Nixon,0
Barack Obama,232,George W. Bush Ronald Reagan,0
Barack Obama,232,Hillary Clinton Joe Biden,0
Barack Obama,232,Hillary Clinton Richard Nixon,0
Barack Obama,232,Hillary Clinton Ronald Reagan,1
Barack Obama,232,Joe Biden Richard Nixon,0
Barack Obama,232,Joe Biden Ronald Reagan,0
Barack Obama,232,Richard Nixon Ronald Reagan,0
Abraham Lincoln,233,Barack Obama Bernie Sanders,0
Abraham Lincoln,233,Barack Obama Donald Trump,0
Abraham Lincoln,233,Barack Obama Elizabeth Warren,0
Abraham Lincoln,233,Barack Obama George W. Bush,0
Abraham Lincoln,233,Barack Obama Hillary Clinton,0
Abraham Lincoln,233,Barack Obama Joe Biden,0
Abraham Lincoln,233,Barack Obama Richard Nixon,1
Abraham Lincoln,233,Barack Obama Ronald Reagan,0
Abraham Lincoln,233,Bernie Sanders Donald Trump,0
Abraham Lincoln,233,Bernie Sanders Elizabeth Warren,0
Abraham Lincoln,233,Bernie Sanders George W. Bush,0
Abraham Lincoln,233,Bernie Sanders Hillary Clinton,0
Abraham Lincoln,233,Bernie Sanders Joe Biden,0
Abraham Lincoln,233,Bernie Sanders Richard Nixon,0
Abraham Lincoln,233,Bernie Sanders Ronald Reagan,0
Abraham Lincoln,233,Donald Trump Elizabeth Warren,0
Abraham Lincoln,233,Donald Trump George W. Bush,0
Abraham Lincoln,233,Donald Trump Hillary Clinton,0
Abraham Lincoln,233,Donald Trump Joe Biden,0
Abraham Lincoln,233,Donald Trump Richard Nixon,0
Abraham Lincoln,233,Donald Trump Ronald Reagan,0
Abraham Lincoln,233,Elizabeth Warren George W. Bush,0
Abraham Lincoln,233,Elizabeth Warren Hillary Clinton,0
Abraham Lincoln,233,Elizabeth Warren Joe Biden,0
Abraham Lincoln,233,Elizabeth Warren Richard Nixon,0
Abraham Lincoln,233,Elizabeth Warren Ronald Reagan,0
Abraham Lincoln,233,George W. Bush Hillary Clinton,0
Abraham Lincoln,233,George W. Bush Joe Biden,0
Abraham Lincoln,233,George W. Bush Richard Nixon,0
Abraham Lincoln,233,George W. Bush Ronald Reagan,0
Abraham Lincoln,233,Hillary Clinton Joe Biden,1
Abraham Lincoln,233,Hillary Clinton Richard Nixon,0
Abraham Lincoln,233,Hillary Clinton Ronald Reagan,0
Abraham Lincoln,233,Joe Biden Richard Nixon,0
Abraham Lincoln,233,Joe Biden Ronald Reagan,0
Abraham Lincoln,233,Richard Nixon Ronald Reagan,0
Elizabeth Warren,234,Abraham Lincoln Barack Obama,0
Elizabeth Warren,234,Abraham Lincoln Bernie Sanders,0
Elizabeth Warren,234,Abraham Lincoln Donald Trump,0
Elizabeth Warren,234,Abraham Lincoln George W. Bush,0
Elizabeth Warren,234,Abraham Lincoln Hillary Clinton,0
Elizabeth Warren,234,Abraham Lincoln Joe Biden,0
Elizabeth Warren,234,Abraham Lincoln Richard Nixon,0
Elizabeth Warren,234,Abraham Lincoln Ronald Reagan,0
Elizabeth Warren,234,Barack Obama Bernie Sanders,0
Elizabeth Warren,234,Barack Obama Donald Trump,0
Elizabeth Warren,234,Barack Obama George W. Bush,0
Elizabeth Warren,234,Barack Obama Joe Biden,0
Elizabeth Warren,234,Barack Obama Richard Nixon,0
Elizabeth Warren,234,Barack Obama Ronald Reagan,0
Elizabeth Warren,234,Bernie Sanders Donald Trump,0
Elizabeth Warren,234,Bernie Sanders George W. Bush,0
Elizabeth Warren,234,Bernie Sanders Hillary Clinton,0
Elizabeth Warren,234,Bernie Sanders Joe Biden,0
Elizabeth Warren,234,Bernie Sanders Richard Nixon,0
Elizabeth Warren,234,Bernie Sanders Ronald Reagan,0
Elizabeth Warren,234,Donald Trump George W. Bush,0
Elizabeth Warren,234,Donald Trump Hillary Clinton,0
Elizabeth Warren,234,Donald Trump Joe Biden,0
Elizabeth Warren,234,Donald Trump Richard Nixon,0
Elizabeth Warren,234,Donald Trump Ronald Reagan,0
Elizabeth Warren,234,George W. Bush Hillary Clinton,0
Elizabeth Warren,234,George W. Bush Joe Biden,0
Elizabeth Warren,234,George W. Bush Richard Nixon,1
Elizabeth Warren,234,George W. Bush Ronald Reagan,0
Elizabeth Warren,234,Hillary Clinton Joe Biden,0
Elizabeth Warren,234,Hillary Clinton Richard Nixon,0
Elizabeth Warren,234,Hillary Clinton Ronald Reagan,0
Elizabeth Warren,234,Joe Biden Richard Nixon,0
Elizabeth Warren,234,Joe Biden Ronald Reagan,0
Elizabeth Warren,234,Richard Nixon Ronald Reagan,0
Elizabeth Warren,235,Abraham Lincoln Barack Obama,0
Elizabeth Warren,235,Abraham Lincoln Bernie Sanders,0
Elizabeth Warren,235,Abraham Lincoln Donald Trump,0
Elizabeth Warren,235,Abraham Lincoln George W. Bush,0
Elizabeth Warren,235,Abraham Lincoln Hillary Clinton,0
Elizabeth Warren,235,Abraham Lincoln Joe Biden,0
Elizabeth Warren,235,Abraham Lincoln Richard Nixon,0
Elizabeth Warren,235,Abraham Lincoln Ronald Reagan,0
Elizabeth Warren,235,Barack Obama Bernie Sanders,0
Elizabeth Warren,235,Barack Obama Donald Trump,0
Elizabeth Warren,235,Barack Obama George W. Bush,0
Elizabeth Warren,235,Barack Obama Hillary Clinton,0
Elizabeth Warren,235,Barack Obama Joe Biden,1
Elizabeth Warren,235,Barack Obama Richard Nixon,0
Elizabeth Warren,235,Barack Obama Ronald Reagan,0
Elizabeth Warren,235,Bernie Sanders Donald Trump,0
Elizabeth Warren,235,Bernie Sanders George W. Bush,0
Elizabeth Warren,235,Bernie Sanders Hillary Clinton,0
Elizabeth Warren,235,Bernie Sanders Joe Biden,0
Elizabeth Warren,235,Bernie Sanders Richard Nixon,0
Elizabeth Warren,235,Bernie Sanders Ronald Reagan,0
Elizabeth Warren,235,Donald Trump George W. Bush,0
Elizabeth Warren,235,Donald Trump Hillary Clinton,0
Elizabeth Warren,235,Donald Trump Joe Biden,0
Elizabeth Warren,235,Donald Trump Richard Nixon,0
Elizabeth Warren,235,Donald Trump Ronald Reagan,0
Elizabeth Warren,235,George W. Bush Hillary Clinton,0
Elizabeth Warren,235,George W. Bush Joe Biden,0
Elizabeth Warren,235,George W. Bush Richard Nixon,0
Elizabeth Warren,235,George W. Bush Ronald Reagan,0
Elizabeth Warren,235,Hillary Clinton Joe Biden,0
Elizabeth Warren,235,Hillary Clinton Richard Nixon,0
Elizabeth Warren,235,Hillary Clinton Ronald Reagan,0
Elizabeth Warren,235,Joe Biden Richard Nixon,0
Elizabeth Warren,235,Joe Biden Ronald Reagan,1
Elizabeth Warren,235,Richard Nixon Ronald Reagan,0
Hillary Clinton,236,Abraham Lincoln Barack Obama,0
Hillary Clinton,236,Abraham Lincoln Bernie Sanders,0
Hillary Clinton,236,Abraham Lincoln Donald Trump,0
Hillary Clinton,236,Abraham Lincoln Elizabeth Warren,0
Hillary Clinton,236,Abraham Lincoln George W. Bush,0
Hillary Clinton,236,Abraham Lincoln Joe Biden,0
Hillary Clinton,236,Abraham Lincoln Richard Nixon,0
Hillary Clinton,236,Abraham Lincoln Ronald Reagan,0
Hillary Clinton,236,Barack Obama Bernie Sanders,0
Hillary Clinton,236,Barack Obama Donald Trump,0
Hillary Clinton,236,Barack Obama Elizabeth Warren,0
Hillary Clinton,236,Barack Obama George W. Bush,0
Hillary Clinton,236,Barack Obama Joe Biden,0
Hillary Clinton,236,Barack Obama Richard Nixon,0
Hillary Clinton,236,Barack Obama Ronald Reagan,0
Hillary Clinton,236,Bernie Sanders Donald Trump,0
Hillary Clinton,236,Bernie Sanders Elizabeth Warren,0
Hillary Clinton,236,Bernie Sanders George W. Bush,0
Hillary Clinton,236,Bernie Sanders Joe Biden,1
Hillary Clinton,236,Bernie Sanders Richard Nixon,0
Hillary Clinton,236,Bernie Sanders Ronald Reagan,0
Hillary Clinton,236,Donald Trump Elizabeth Warren,0
Hillary Clinton,236,Donald Trump George W. Bush,0
Hillary Clinton,236,Donald Trump Joe Biden,1
Hillary Clinton,236,Donald Trump Richard Nixon,0
Hillary Clinton,236,Donald Trump Ronald Reagan,0
Hillary Clinton,236,Elizabeth Warren George W. Bush,0
Hillary Clinton,236,Elizabeth Warren Joe Biden,0
Hillary Clinton,236,Elizabeth Warren Richard Nixon,0
Hillary Clinton,236,Elizabeth Warren Ronald Reagan,0
Hillary Clinton,236,George W. Bush Joe Biden,0
Hillary Clinton,236,George W. Bush Richard Nixon,0
Hillary Clinton,236,George W. Bush Ronald Reagan,0
Hillary Clinton,236,Joe Biden Richard Nixon,0
Hillary Clinton,236,Joe Biden Ronald Reagan,0
Hillary Clinton,236,Richard Nixon Ronald Reagan,0
Richard Nixon,237,Abraham Lincoln Barack Obama,0
Richard Nixon,237,Abraham Lincoln Bernie Sanders,0
Richard Nixon,237,Abraham Lincoln Donald Trump,0
Richard Nixon,237,Abraham Lincoln Elizabeth Warren,0
Richard Nixon,237,Abraham Lincoln George W. Bush,0
Richard Nixon,237,Abraham Lincoln Hillary Clinton,0
Richard Nixon,237,Abraham Lincoln Joe Biden,0
Richard Nixon,237,Abraham Lincoln Ronald Reagan,0
Richard Nixon,237,Barack Obama Bernie Sanders,0
Richard Nixon,237,Barack Obama Donald Trump,0
Richard Nixon,237,Barack Obama Elizabeth Warren,0
Richard Nixon,237,Barack Obama George W. Bush,0
Richard Nixon,237,Barack Obama Hillary Clinton,1
Richard Nixon,237,Barack Obama Joe Biden,1
Richard Nixon,237,Barack Obama Ronald Reagan,0
Richard Nixon,237,Bernie Sanders Donald Trump,0
Richard Nixon,237,Bernie Sanders Elizabeth Warren,0
Richard Nixon,237,Bernie Sanders George W. Bush,0
Richard Nixon,237,Bernie Sanders Hillary Clinton,0
Richard Nixon,237,Bernie Sanders Joe Biden,0
Richard Nixon,237,Bernie Sanders Ronald Reagan,0
Richard Nixon,237,Donald Trump Elizabeth Warren,0
Richard Nixon,237,Donald Trump Hillary Clinton,1
Richard Nixon,237,Donald Trump Joe Biden,0
Richard Nixon,237,Donald Trump Ronald Reagan,0
Richard Nixon,237,Elizabeth Warren George W. Bush,0
Richard Nixon,237,Elizabeth Warren Hillary Clinton,0
Richard Nixon,237,Elizabeth Warren Joe Biden,0
Richard Nixon,237,Elizabeth Warren Ronald Reagan,1
Richard Nixon,237,George W. Bush Hillary Clinton,0
Richard Nixon,237,George W. Bush Joe Biden,0
Richard Nixon,237,Hillary Clinton Joe Biden,0
Richard Nixon,237,Hillary Clinton Ronald Reagan,0
Richard Nixon,237,Joe Biden Ronald Reagan,0
Richard Nixon,238,Abraham Lincoln Barack Obama,0
Richard Nixon,238,Abraham Lincoln Bernie Sanders,0
Richard Nixon,238,Abraham Lincoln Donald Trump,0
Richard Nixon,238,Abraham Lincoln Elizabeth Warren,0
Richard Nixon,238,Abraham Lincoln George W. Bush,0
Richard Nixon,238,Abraham Lincoln Hillary Clinton,0
Richard Nixon,238,Abraham Lincoln Joe Biden,0
Richard Nixon,238,Abraham Lincoln Ronald Reagan,0
Richard Nixon,238,Barack Obama Bernie Sanders,0
Richard Nixon,238,Barack Obama Donald Trump,0
Richard Nixon,238,Barack Obama Elizabeth Warren,0
Richard Nixon,238,Barack Obama George W. Bush,0
Richard Nixon,238,Barack Obama Joe Biden,0
Richard Nixon,238,Barack Obama Ronald Reagan,0
Richard Nixon,238,Bernie Sanders Donald Trump,0
Richard Nixon,238,Bernie Sanders Elizabeth Warren,0
Richard Nixon,238,Bernie Sanders George W. Bush,1
Richard Nixon,238,Bernie Sanders Hillary Clinton,1
Richard Nixon,238,Bernie Sanders Joe Biden,0
Richard Nixon,238,Bernie Sanders Ronald Reagan,1
Richard Nixon,238,Donald Trump Elizabeth Warren,0
Richard Nixon,238,Donald Trump Hillary Clinton,0
Richard Nixon,238,Elizabeth Warren George W. Bush,0
Richard Nixon,238,Elizabeth Warren Hillary Clinton,0
Richard Nixon,238,Elizabeth Warren Joe Biden,0
Richard Nixon,238,Elizabeth Warren Ronald Reagan,0
Richard Nixon,238,George W. Bush Hillary Clinton,0
Richard Nixon,238,George W. Bush Joe Biden,0
Richard Nixon,238,Hillary Clinton Ronald Reagan,1
Richard Nixon,238,Joe Biden Ronald Reagan,0
Bernie Sanders,239,Abraham Lincoln Barack Obama,0
Bernie Sanders,239,Abraham Lincoln Donald Trump,0
Bernie Sanders,239,Abraham Lincoln Elizabeth Warren,0
Bernie Sanders,239,Abraham Lincoln George W. Bush,0
Bernie Sanders,239,Abraham Lincoln Hillary Clinton,0
Bernie Sanders,239,Abraham Lincoln Joe Biden,0
Bernie Sanders,239,Abraham Lincoln Richard Nixon,0
Bernie Sanders,239,Abraham Lincoln Ronald Reagan,0
Bernie Sanders,239,Barack Obama Donald Trump,0
Bernie Sanders,239,Barack Obama Elizabeth Warren,0
Bernie Sanders,239,Barack Obama George W. Bush,0
Bernie Sanders,239,Barack Obama Joe Biden,0
Bernie Sanders,239,Barack Obama Richard Nixon,0
Bernie Sanders,239,Barack Obama Ronald Reagan,0
Bernie Sanders,239,Donald Trump Elizabeth Warren,0
Bernie Sanders,239,Donald Trump George W. Bush,0
Bernie Sanders,239,Donald Trump Hillary Clinton,0
Bernie Sanders,239,Donald Trump Joe Biden,1
Bernie Sanders,239,Donald Trump Richard Nixon,0
Bernie Sanders,239,Donald Trump Ronald Reagan,0
Bernie Sanders,239,Elizabeth Warren George W. Bush,0
Bernie Sanders,239,Elizabeth Warren Hillary Clinton,0
Bernie Sanders,239,Elizabeth Warren Joe Biden,0
Bernie Sanders,239,Elizabeth Warren Richard Nixon,0
Bernie Sanders,239,Elizabeth Warren Ronald Reagan,0
Bernie Sanders,239,George W. Bush Hillary Clinton,0
Bernie Sanders,239,George W. Bush Joe Biden,0
Bernie Sanders,239,George W. Bush Richard Nixon,0
Bernie Sanders,239,George W. Bush Ronald Reagan,0
Bernie Sanders,239,Hillary Clinton Joe Biden,0
Bernie Sanders,239,Hillary Clinton Richard Nixon,0
Bernie Sanders,239,Hillary Clinton Ronald Reagan,0
Bernie Sanders,239,Joe Biden Richard Nixon,1
Bernie Sanders,239,Joe Biden Ronald Reagan,0
Bernie Sanders,239,Richard Nixon Ronald Reagan,1
Bernie Sanders,240,Abraham Lincoln Barack Obama,0
Bernie Sanders,240,Abraham Lincoln Donald Trump,0
Bernie Sanders,240,Abraham Lincoln Elizabeth Warren,0
Bernie Sanders,240,Abraham Lincoln George W. Bush,1
Bernie Sanders,240,Abraham Lincoln Hillary Clinton,0
Bernie Sanders,240,Abraham Lincoln Joe Biden,0
Bernie Sanders,240,Abraham Lincoln Richard Nixon,0
Bernie Sanders,240,Abraham Lincoln Ronald Reagan,0
Bernie Sanders,240,Barack Obama Donald Trump,0
Bernie Sanders,240,Barack Obama Elizabeth Warren,0
Bernie Sanders,240,Barack Obama Hillary Clinton,0
Bernie Sanders,240,Barack Obama Joe Biden,0
Bernie Sanders,240,Barack Obama Richard Nixon,0
Bernie Sanders,240,Barack Obama Ronald Reagan,0
Bernie Sanders,240,Donald Trump Elizabeth Warren,0
Bernie Sanders,240,Donald Trump George W. Bush,0
Bernie Sanders,240,Donald Trump Hillary Clinton,1
Bernie Sanders,240,Donald Trump Joe Biden,0
Bernie Sanders,240,Donald Trump Richard Nixon,0
Bernie Sanders,240,Donald Trump Ronald Reagan,0
Bernie Sanders,240,Elizabeth Warren George W. Bush,0
Bernie Sanders,240,Elizabeth Warren Hillary Clinton,0
Bernie Sanders,240,Elizabeth Warren Joe Biden,0
Bernie Sanders,240,Elizabeth Warren Richard Nixon,0
Bernie Sanders,240,Elizabeth Warren Ronald Reagan,0
Bernie Sanders,240,George W. Bush Hillary Clinton,0
Bernie Sanders,240,George W. Bush Joe Biden,0
Bernie Sanders,240,George W. Bush Richard Nixon,0
Bernie Sanders,240,George W. Bush Ronald Reagan,0
Bernie Sanders,240,Hillary Clinton Joe Biden,0
Bernie Sanders,240,Hillary Clinton Richard Nixon,0
Bernie Sanders,240,Hillary Clinton Ronald Reagan,0
Bernie Sanders,240,Joe Biden Richard Nixon,0
Bernie Sanders,240,Joe Biden Ronald Reagan,0
Bernie Sanders,240,Richard Nixon Ronald Reagan,0
Bernie Sanders,241,Abraham Lincoln Barack Obama,0
Bernie Sanders,241,Abraham Lincoln Donald Trump,0
Bernie Sanders,241,Abraham Lincoln Elizabeth Warren,0
Bernie Sanders,241,Abraham Lincoln George W. Bush,0
Bernie Sanders,241,Abraham Lincoln Hillary Clinton,0
Bernie Sanders,241,Abraham Lincoln Joe Biden,0
Bernie Sanders,241,Abraham Lincoln Richard Nixon,0
Bernie Sanders,241,Abraham Lincoln Ronald Reagan,0
Bernie Sanders,241,Barack Obama Donald Trump,0
Bernie Sanders,241,Barack Obama Elizabeth Warren,0
Bernie Sanders,241,Barack Obama George W. Bush,0
Bernie Sanders,241,Barack Obama Hillary Clinton,1
Bernie Sanders,241,Barack Obama Joe Biden,0
Bernie Sanders,241,Barack Obama Richard Nixon,0
Bernie Sanders,241,Barack Obama Ronald Reagan,0
Bernie Sanders,241,Donald Trump Elizabeth Warren,0
Bernie Sanders,241,Donald Trump George W. Bush,0
Bernie Sanders,241,Donald Trump Hillary Clinton,0
Bernie Sanders,241,Donald Trump Joe Biden,0
Bernie Sanders,241,Donald Trump Ronald Reagan,0
Bernie Sanders,241,Elizabeth Warren George W. Bush,0
Bernie Sanders,241,Elizabeth Warren Hillary Clinton,0
Bernie Sanders,241,Elizabeth Warren Joe Biden,0
Bernie Sanders,241,Elizabeth Warren Richard Nixon,0
Bernie Sanders,241,Elizabeth Warren Ronald Reagan,0
Bernie Sanders,241,George W. Bush Hillary Clinton,0
Bernie Sanders,241,George W. Bush Joe Biden,0
Bernie Sanders,241,George W. Bush Richard Nixon,0
Bernie Sanders,241,George W. Bush Ronald Reagan,0
Bernie Sanders,241,Hillary Clinton Joe Biden,0
Bernie Sanders,241,Hillary Clinton Richard Nixon,0
Bernie Sanders,241,Hillary Clinton Ronald Reagan,0
Bernie Sanders,241,Joe Biden Richard Nixon,0
Bernie Sanders,241,Joe Biden Ronald Reagan,0
Bernie Sanders,241,Richard Nixon Ronald Reagan,0
Donald Trump,242,Abraham Lincoln Barack Obama,0
Donald Trump,242,Abraham Lincoln Bernie Sanders,0
Donald Trump,242,Abraham Lincoln Elizabeth Warren,0
Donald Trump,242,Abraham Lincoln George W. Bush,0
Donald Trump,242,Abraham Lincoln Hillary Clinton,0
Donald Trump,242,Abraham Lincoln Joe Biden,0
Donald Trump,242,Abraham Lincoln Richard Nixon,0
Donald Trump,242,Abraham Lincoln Ronald Reagan,0
Donald Trump,242,Barack Obama Bernie Sanders,0
Donald Trump,242,Barack Obama George W. Bush,0
Donald Trump,242,Barack Obama Hillary Clinton,0
Donald Trump,242,Barack Obama Joe Biden,0
Donald Trump,242,Barack Obama Richard Nixon,0
Donald Trump,242,Barack Obama Ronald Reagan,0
Donald Trump,242,Bernie Sanders Elizabeth Warren,0
Donald Trump,242,Bernie Sanders George W. Bush,0
Donald Trump,242,Bernie Sanders Hillary Clinton,0
Donald Trump,242,Bernie Sanders Joe Biden,0
Donald Trump,242,Bernie Sanders Ronald Reagan,0
Donald Trump,242,Elizabeth Warren George W. Bush,0
Donald Trump,242,Elizabeth Warren Hillary Clinton,0
Donald Trump,242,Elizabeth Warren Joe Biden,0
Donald Trump,242,Elizabeth Warren Richard Nixon,0
Donald Trump,242,Elizabeth Warren Ronald Reagan,0
Donald Trump,242,George W. Bush Hillary Clinton,0
Donald Trump,242,George W. Bush Joe Biden,0
Donald Trump,242,George W. Bush Ronald Reagan,1
Donald Trump,242,Hillary Clinton Joe Biden,0
Donald Trump,242,Hillary Clinton Richard Nixon,0
Donald Trump,242,Hillary Clinton Ronald Reagan,0
Donald Trump,242,Joe Biden Richard Nixon,0
Donald Trump,242,Joe Biden Ronald Reagan,0
Donald Trump,242,Richard Nixon Ronald Reagan,0
Joe Biden,243,Abraham Lincoln Barack Obama,0
Joe Biden,243,Abraham Lincoln Bernie Sanders,0
Joe Biden,243,Abraham Lincoln Donald Trump,0
Joe Biden,243,Abraham Lincoln Elizabeth Warren,0
Joe Biden,243,Abraham Lincoln George W. Bush,0
Joe Biden,243,Abraham Lincoln Hillary Clinton,0
Joe Biden,243,Abraham Lincoln Richard Nixon,0
Joe Biden,243,Abraham Lincoln Ronald Reagan,0
Joe Biden,243,Barack Obama Bernie Sanders,0
Joe Biden,243,Barack Obama Donald Trump,0
Joe Biden,243,Barack Obama Elizabeth Warren,0
Joe Biden,243,Barack Obama George W. Bush,0
Joe Biden,243,Barack Obama Hillary Clinton,0
Joe Biden,243,Barack Obama Richard Nixon,0
Joe Biden,243,Barack Obama Ronald Reagan,0
Joe Biden,243,Bernie Sanders Donald Trump,0
Joe Biden,243,Bernie Sanders Elizabeth Warren,0
Joe Biden,243,Bernie Sanders George W. Bush,0
Joe Biden,243,Bernie Sanders Hillary Clinton,0
Joe Biden,243,Bernie Sanders Richard Nixon,0
Joe Biden,243,Bernie Sanders Ronald Reagan,0
Joe Biden,243,Donald Trump Elizabeth Warren,0
Joe Biden,243,Donald Trump George W. Bush,0
Joe Biden,243,Donald Trump Hillary Clinton,0
Joe Biden,243,Donald Trump Richard Nixon,0
Joe Biden,243,Donald Trump Ronald Reagan,0
Joe Biden,243,Elizabeth Warren George W. Bush,0
Joe Biden,243,Elizabeth Warren Hillary Clinton,0
Joe Biden,243,Elizabeth Warren Richard Nixon,0
Joe Biden,243,Elizabeth Warren Ronald Reagan,0
Joe Biden,243,George W. Bush Hillary Clinton,0
Joe Biden,243,George W. Bush Richard Nixon,0
Joe Biden,243,George W. Bush Ronald Reagan,0
Joe Biden,243,Hillary Clinton Ronald Reagan,0
Joe Biden,243,Richard Nixon Ronald Reagan,0
George W. Bush,244,Abraham Lincoln Bernie Sanders,0
George W. Bush,244,Abraham Lincoln Donald Trump,0
George W. Bush,244,Abraham Lincoln Elizabeth Warren,0
George W. Bush,244,Abraham Lincoln Hillary Clinton,0
George W. Bush,244,Abraham Lincoln Joe Biden,0
George W. Bush,244,Abraham Lincoln Richard Nixon,0
George W. Bush,244,Abraham Lincoln Ronald Reagan,0
George W. Bush,244,Barack Obama Bernie Sanders,0
George W. Bush,244,Barack Obama Donald Trump,0
George W. Bush,244,Barack Obama Elizabeth Warren,0
George W. Bush,244,Barack Obama Hillary Clinton,0
George W. Bush,244,Barack Obama Joe Biden,0
George W. Bush,244,Barack Obama Richard Nixon,0
George W. Bush,244,Barack Obama Ronald Reagan,0
George W. Bush,244,Bernie Sanders Donald Trump,0
George W. Bush,244,Bernie Sanders Elizabeth Warren,0
George W. Bush,244,Bernie Sanders Hillary Clinton,0
George W. Bush,244,Bernie Sanders Joe Biden,1
George W. Bush,244,Bernie Sanders Richard Nixon,0
George W. Bush,244,Bernie Sanders Ronald Reagan,0
George W. Bush,244,Donald Trump Elizabeth Warren,0
George W. Bush,244,Donald Trump Hillary Clinton,0
George W. Bush,244,Donald Trump Joe Biden,1
George W. Bush,244,Donald Trump Ronald Reagan,0
George W. Bush,244,Elizabeth Warren Hillary Clinton,0
George W. Bush,244,Elizabeth Warren Joe Biden,0
George W. Bush,244,Elizabeth Warren Richard Nixon,0
George W. Bush,244,Elizabeth Warren Ronald Reagan,0
George W. Bush,244,Hillary Clinton Joe Biden,0
George W. Bush,244,Hillary Clinton Richard Nixon,0
George W. Bush,244,Hillary Clinton Ronald Reagan,0
George W. Bush,244,Joe Biden Richard Nixon,0
George W. Bush,244,Joe Biden Ronald Reagan,1
George W. Bush,244,Richard Nixon Ronald Reagan,0
Joe Biden,245,Abraham Lincoln Barack Obama,0
Joe Biden,245,Abraham Lincoln Bernie Sanders,0
Joe Biden,245,Abraham Lincoln Donald Trump,0
Joe Biden,245,Abraham Lincoln Elizabeth Warren,0
Joe Biden,245,Abraham Lincoln George W. Bush,0
Joe Biden,245,Abraham Lincoln Hillary Clinton,0
Joe Biden,245,Abraham Lincoln Richard Nixon,0
Joe Biden,245,Abraham Lincoln Ronald Reagan,0
Joe Biden,245,Barack Obama Bernie Sanders,0
Joe Biden,245,Barack Obama Elizabeth Warren,0
Joe Biden,245,Barack Obama George W. Bush,0
Joe Biden,245,Barack Obama Hillary Clinton,0
Joe Biden,245,Barack Obama Richard Nixon,0
Joe Biden,245,Barack Obama Ronald Reagan,0
Joe Biden,245,Bernie Sanders Donald Trump,0
Joe Biden,245,Bernie Sanders Elizabeth Warren,0
Joe Biden,245,Bernie Sanders George W. Bush,0
Joe Biden,245,Bernie Sanders Hillary Clinton,0
Joe Biden,245,Bernie Sanders Richard Nixon,0
Joe Biden,245,Bernie Sanders Ronald Reagan,0
Joe Biden,245,Donald Trump Elizabeth Warren,0
Joe Biden,245,Donald Trump George W. Bush,0
Joe Biden,245,Donald Trump Richard Nixon,0
Joe Biden,245,Donald Trump Ronald Reagan,0
Joe Biden,245,Elizabeth Warren George W. Bush,0
Joe Biden,245,Elizabeth Warren Hillary Clinton,0
Joe Biden,245,Elizabeth Warren Richard Nixon,0
Joe Biden,245,Elizabeth Warren Ronald Reagan,0
Joe Biden,245,George W. Bush Hillary Clinton,0
Joe Biden,245,George W. Bush Richard Nixon,1
Joe Biden,245,George W. Bush Ronald Reagan,0
Joe Biden,245,Hillary Clinton Richard Nixon,0
Joe Biden,245,Hillary Clinton Ronald Reagan,0
Joe Biden,245,Richard Nixon Ronald Reagan,0
Abraham Lincoln,246,Barack Obama Bernie Sanders,0
Abraham Lincoln,246,Barack Obama Donald Trump,0
Abraham Lincoln,246,Barack Obama George W. Bush,0
Abraham Lincoln,246,Barack Obama Hillary Clinton,0
Abraham Lincoln,246,Barack Obama Richard Nixon,0
Abraham Lincoln,246,Barack Obama Ronald Reagan,0
Abraham Lincoln,246,Bernie Sanders Donald Trump,0
Abraham Lincoln,246,Bernie Sanders Elizabeth Warren,0
Abraham Lincoln,246,Bernie Sanders George W. Bush,0
Abraham Lincoln,246,Bernie Sanders Hillary Clinton,0
Abraham Lincoln,246,Bernie Sanders Joe Biden,0
Abraham Lincoln,246,Bernie Sanders Richard Nixon,0
Abraham Lincoln,246,Bernie Sanders Ronald Reagan,0
Abraham Lincoln,246,Donald Trump George W. Bush,0
Abraham Lincoln,246,Donald Trump Hillary Clinton,0
Abraham Lincoln,246,Donald Trump Joe Biden,0
Abraham Lincoln,246,Donald Trump Richard Nixon,0
Abraham Lincoln,246,Donald Trump Ronald Reagan,0
Abraham Lincoln,246,Elizabeth Warren George W. Bush,0
Abraham Lincoln,246,Elizabeth Warren Hillary Clinton,0
Abraham Lincoln,246,Elizabeth Warren Joe Biden,0
Abraham Lincoln,246,Elizabeth Warren Richard Nixon,0
Abraham Lincoln,246,Elizabeth Warren Ronald Reagan,0
Abraham Lincoln,246,George W. Bush Joe Biden,0
Abraham Lincoln,246,George W. Bush Richard Nixon,0
Abraham Lincoln,246,George W. Bush Ronald Reagan,0
Abraham Lincoln,246,Hillary Clinton Joe Biden,0
Abraham Lincoln,246,Hillary Clinton Richard Nixon,0
Abraham Lincoln,246,Hillary Clinton Ronald Reagan,0
Abraham Lincoln,246,Joe Biden Richard Nixon,0
Abraham Lincoln,246,Joe Biden Ronald Reagan,0
Abraham Lincoln,246,Richard Nixon Ronald Reagan,0
Joe Biden,247,Abraham Lincoln Barack Obama,0
Joe Biden,247,Abraham Lincoln Bernie Sanders,0
Joe Biden,247,Abraham Lincoln Donald Trump,0
Joe Biden,247,Abraham Lincoln Elizabeth Warren,0
Joe Biden,247,Abraham Lincoln George W. Bush,0
Joe Biden,247,Abraham Lincoln Hillary Clinton,0
Joe Biden,247,Abraham Lincoln Richard Nixon,0
Joe Biden,247,Abraham Lincoln Ronald Reagan,0
Joe Biden,247,Barack Obama Bernie Sanders,0
Joe Biden,247,Barack Obama Donald Trump,0
Joe Biden,247,Barack Obama Elizabeth Warren,0
Joe Biden,247,Barack Obama George W. Bush,0
Joe Biden,247,Barack Obama Hillary Clinton,0
Joe Biden,247,Barack Obama Richard Nixon,0
Joe Biden,247,Barack Obama Ronald Reagan,0
Joe Biden,247,Bernie Sanders Donald Trump,1
Joe Biden,247,Bernie Sanders Elizabeth Warren,0
Joe Biden,247,Bernie Sanders George W. Bush,0
Joe Biden,247,Bernie Sanders Hillary Clinton,1
Joe Biden,247,Bernie Sanders Richard Nixon,0
Joe Biden,247,Bernie Sanders Ronald Reagan,0
Joe Biden,247,Donald Trump Elizabeth Warren,0
Joe Biden,247,Donald Trump George W. Bush,1
Joe Biden,247,Donald Trump Richard Nixon,0
Joe Biden,247,Donald Trump Ronald Reagan,0
Joe Biden,247,Elizabeth Warren George W. Bush,0
Joe Biden,247,Elizabeth Warren Richard Nixon,0
Joe Biden,247,Elizabeth Warren Ronald Reagan,0
Joe Biden,247,George W. Bush Hillary Clinton,0
Joe Biden,247,George W. Bush Richard Nixon,0
Joe Biden,247,George W. Bush Ronald Reagan,0
Joe Biden,247,Hillary Clinton Richard Nixon,0
Joe Biden,247,Hillary Clinton Ronald Reagan,0
Joe Biden,247,Richard Nixon Ronald Reagan,0
Donald Trump,248,Abraham Lincoln Bernie Sanders,0
Donald Trump,248,Abraham Lincoln George W. Bush,0
Donald Trump,248,Abraham Lincoln Hillary Clinton,0
Donald Trump,248,Abraham Lincoln Joe Biden,0
Donald Trump,248,Abraham Lincoln Richard Nixon,1
Donald Trump,248,Abraham Lincoln Ronald Reagan,0
Donald Trump,248,Barack Obama Bernie Sanders,0
Donald Trump,248,Barack Obama Elizabeth Warren,1
Donald Trump,248,Barack Obama George W. Bush,0
Donald Trump,248,Barack Obama Hillary Clinton,0
Donald Trump,248,Barack Obama Joe Biden,0
Donald Trump,248,Barack Obama Richard Nixon,1
Donald Trump,248,Barack Obama Ronald Reagan,0
Donald Trump,248,Bernie Sanders Elizabeth Warren,0
Donald Trump,248,Bernie Sanders George W. Bush,0
Donald Trump,248,Bernie Sanders Hillary Clinton,0
Donald Trump,248,Bernie Sanders Joe Biden,0
Donald Trump,248,Bernie Sanders Richard Nixon,0
Donald Trump,248,Bernie Sanders Ronald Reagan,0
Donald Trump,248,Elizabeth Warren George W. Bush,0
Donald Trump,248,Elizabeth Warren Hillary Clinton,0
Donald Trump,248,Elizabeth Warren Joe Biden,0
Donald Trump,248,Elizabeth Warren Richard Nixon,0
Donald Trump,248,Elizabeth Warren Ronald Reagan,1
Donald Trump,248,George W. Bush Hillary Clinton,0
Donald Trump,248,George W. Bush Joe Biden,0
Donald Trump,248,George W. Bush Richard Nixon,1
Donald Trump,248,George W. Bush Ronald Reagan,0
Donald Trump,248,Hillary Clinton Joe Biden,0
Donald Trump,248,Hillary Clinton Richard Nixon,0
Donald Trump,248,Hillary Clinton Ronald Reagan,0
Donald Trump,248,Joe Biden Richard Nixon,0
Donald Trump,248,Joe Biden Ronald Reagan,1
Donald Trump,248,Richard Nixon Ronald Reagan,0
Abraham Lincoln,249,Barack Obama Bernie Sanders,1
Abraham Lincoln,249,Barack Obama Donald Trump,0
Abraham Lincoln,249,Barack Obama Elizabeth Warren,0
Abraham Lincoln,249,Barack Obama George W. Bush,1
Abraham Lincoln,249,Barack Obama Hillary Clinton,0
Abraham Lincoln,249,Barack Obama Joe Biden,0
Abraham Lincoln,249,Barack Obama Richard Nixon,0
Abraham Lincoln,249,Barack Obama Ronald Reagan,0
Abraham Lincoln,249,Bernie Sanders Donald Trump,0
Abraham Lincoln,249,Bernie Sanders Elizabeth Warren,0
Abraham Lincoln,249,Bernie Sanders George W. Bush,0
Abraham Lincoln,249,Bernie Sanders Hillary Clinton,0
Abraham Lincoln,249,Bernie Sanders Joe Biden,0
Abraham Lincoln,249,Bernie Sanders Richard Nixon,0
Abraham Lincoln,249,Bernie Sanders Ronald Reagan,0
Abraham Lincoln,249,Donald Trump Elizabeth Warren,0
Abraham Lincoln,249,Donald Trump George W. Bush,0
Abraham Lincoln,249,Donald Trump Hillary Clinton,0
Abraham Lincoln,249,Donald Trump Richard Nixon,0
Abraham Lincoln,249,Donald Trump Ronald Reagan,0
Abraham Lincoln,249,Elizabeth Warren George W. Bush,0
Abraham Lincoln,249,Elizabeth Warren Hillary Clinton,0
Abraham Lincoln,249,Elizabeth Warren Joe Biden,0
Abraham Lincoln,249,Elizabeth Warren Richard Nixon,0
Abraham Lincoln,249,Elizabeth Warren Ronald Reagan,0
Abraham Lincoln,249,George W. Bush Richard Nixon,0
Abraham Lincoln,249,George W. Bush Ronald Reagan,0
Abraham Lincoln,249,Hillary Clinton Richard Nixon,0
Abraham Lincoln,249,Hillary Clinton Ronald Reagan,0
Abraham Lincoln,249,Joe Biden Richard Nixon,0
Abraham Lincoln,249,Joe Biden Ronald Reagan,0
Abraham Lincoln,249,Richard Nixon Ronald Reagan,0
Joe Biden,250,Abraham Lincoln Barack Obama,0
Joe Biden,250,Abraham Lincoln Bernie Sanders,0
Joe Biden,250,Abraham Lincoln Elizabeth Warren,0
Joe Biden,250,Abraham Lincoln George W. Bush,0
Joe Biden,250,Abraham Lincoln Hillary Clinton,0
Joe Biden,250,Abraham Lincoln Richard Nixon,0
Joe Biden,250,Abraham Lincoln Ronald Reagan,0
Joe Biden,250,Barack Obama Bernie Sanders,0
Joe Biden,250,Barack Obama Donald Trump,0
Joe Biden,250,Barack Obama Elizabeth Warren,1
Joe Biden,250,Barack Obama George W. Bush,0
Joe Biden,250,Barack Obama Hillary Clinton,0
Joe Biden,250,Barack Obama Richard Nixon,0
Joe Biden,250,Barack Obama Ronald Reagan,0
Joe Biden,250,Bernie Sanders Donald Trump,0
Joe Biden,250,Bernie Sanders Elizabeth Warren,0
Joe Biden,250,Bernie Sanders George W. Bush,0
Joe Biden,250,Bernie Sanders Hillary Clinton,0
Joe Biden,250,Bernie Sanders Richard Nixon,0
Joe Biden,250,Bernie Sanders Ronald Reagan,0
Joe Biden,250,Donald Trump Elizabeth Warren,0
Joe Biden,250,Donald Trump George W. Bush,0
Joe Biden,250,Donald Trump Hillary Clinton,0
Joe Biden,250,Donald Trump Richard Nixon,0
Joe Biden,250,Donald Trump Ronald Reagan,0
Joe Biden,250,Elizabeth Warren Hillary Clinton,0
Joe Biden,250,Elizabeth Warren Richard Nixon,0
Joe Biden,250,Elizabeth Warren Ronald Reagan,0
Joe Biden,250,George W. Bush Hillary Clinton,0
Joe Biden,250,George W. Bush Richard Nixon,1
Joe Biden,250,George W. Bush Ronald Reagan,0
Joe Biden,250,Hillary Clinton Richard Nixon,1
Joe Biden,250,Hillary Clinton Ronald Reagan,0
Joe Biden,250,Richard Nixon Ronald Reagan,0
Donald Trump,251,Abraham Lincoln Barack Obama,0
Donald Trump,251,Abraham Lincoln Bernie Sanders,0
Donald Trump,251,Abraham Lincoln Elizabeth Warren,0
Donald Trump,251,Abraham Lincoln George W. Bush,0
Donald Trump,251,Abraham Lincoln Hillary Clinton,0
Donald Trump,251,Abraham Lincoln Joe Biden,0
Donald Trump,251,Abraham Lincoln Richard Nixon,0
Donald Trump,251,Abraham Lincoln Ronald Reagan,1
Donald Trump,251,Barack Obama Bernie Sanders,0
Donald Trump,251,Barack Obama Elizabeth Warren,0
Donald Trump,251,Barack Obama George W. Bush,1
Donald Trump,251,Barack Obama Joe Biden,0
Donald Trump,251,Barack Obama Richard Nixon,1
Donald Trump,251,Barack Obama Ronald Reagan,0
Donald Trump,251,Bernie Sanders Elizabeth Warren,0
Donald Trump,251,Bernie Sanders George W. Bush,0
Donald Trump,251,Bernie Sanders Hillary Clinton,0
Donald Trump,251,Bernie Sanders Joe Biden,0
Donald Trump,251,Bernie Sanders Richard Nixon,0
Donald Trump,251,Bernie Sanders Ronald Reagan,0
Donald Trump,251,Elizabeth Warren George W. Bush,0
Donald Trump,251,Elizabeth Warren Hillary Clinton,0
Donald Trump,251,Elizabeth Warren Joe Biden,0
Donald Trump,251,Elizabeth Warren Ronald Reagan,1
Donald Trump,251,George W. Bush Hillary Clinton,0
Donald Trump,251,George W. Bush Joe Biden,0
Donald Trump,251,George W. Bush Richard Nixon,0
Donald Trump,251,George W. Bush Ronald Reagan,0
Donald Trump,251,Hillary Clinton Joe Biden,0
Donald Trump,251,Hillary Clinton Richard Nixon,1
Donald Trump,251,Hillary Clinton Ronald Reagan,0
Donald Trump,251,Joe Biden Richard Nixon,1
Donald Trump,251,Joe Biden Ronald Reagan,0
George W. Bush,252,Abraham Lincoln Barack Obama,0
George W. Bush,252,Abraham Lincoln Donald Trump,0
George W. Bush,252,Abraham Lincoln Elizabeth Warren,0
George W. Bush,252,Abraham Lincoln Hillary Clinton,0
George W. Bush,252,Abraham Lincoln Joe Biden,0
George W. Bush,252,Abraham Lincoln Richard Nixon,0
George W. Bush,252,Abraham Lincoln Ronald Reagan,0
George W. Bush,252,Barack Obama Bernie Sanders,1
George W. Bush,252,Barack Obama Donald Trump,0
George W. Bush,252,Barack Obama Elizabeth Warren,0
George W. Bush,252,Barack Obama Hillary Clinton,1
George W. Bush,252,Barack Obama Joe Biden,0
George W. Bush,252,Barack Obama Richard Nixon,0
George W. Bush,252,Barack Obama Ronald Reagan,0
George W. Bush,252,Bernie Sanders Donald Trump,0
George W. Bush,252,Bernie Sanders Elizabeth Warren,0
George W. Bush,252,Bernie Sanders Hillary Clinton,0
George W. Bush,252,Bernie Sanders Joe Biden,0
George W. Bush,252,Bernie Sanders Richard Nixon,0
George W. Bush,252,Bernie Sanders Ronald Reagan,0
George W. Bush,252,Donald Trump Elizabeth Warren,0
George W. Bush,252,Donald Trump Hillary Clinton,0
George W. Bush,252,Donald Trump Joe Biden,0
George W. Bush,252,Donald Trump Richard Nixon,0
George W. Bush,252,Donald Trump Ronald Reagan,1
George W. Bush,252,Elizabeth Warren Hillary Clinton,0
George W. Bush,252,Elizabeth Warren Joe Biden,0
George W. Bush,252,Elizabeth Warren Richard Nixon,0
George W. Bush,252,Elizabeth Warren Ronald Reagan,0
George W. Bush,252,Hillary Clinton Joe Biden,1
George W. Bush,252,Hillary Clinton Richard Nixon,0
George W. Bush,252,Hillary Clinton Ronald Reagan,0
George W. Bush,252,Joe Biden Richard Nixon,0
George W. Bush,252,Joe Biden Ronald Reagan,0
George W. Bush,252,Richard Nixon Ronald Reagan,0
Joe Biden,253,Abraham Lincoln Barack Obama,0
Joe Biden,253,Abraham Lincoln Bernie Sanders,0
Joe Biden,253,Abraham Lincoln Donald Trump,0
Joe Biden,253,Abraham Lincoln Elizabeth Warren,0
Joe Biden,253,Abraham Lincoln George W. Bush,0
Joe Biden,253,Abraham Lincoln Hillary Clinton,0
Joe Biden,253,Abraham Lincoln Richard Nixon,0
Joe Biden,253,Abraham Lincoln Ronald Reagan,1
Joe Biden,253,Barack Obama Bernie Sanders,0
Joe Biden,253,Barack Obama Donald Trump,0
Joe Biden,253,Barack Obama Elizabeth Warren,0
Joe Biden,253,Barack Obama George W. Bush,0
Joe Biden,253,Barack Obama Hillary Clinton,1
Joe Biden,253,Barack Obama Richard Nixon,1
Joe Biden,253,Barack Obama Ronald Reagan,0
Joe Biden,253,Bernie Sanders Donald Trump,0
Joe Biden,253,Bernie Sanders Elizabeth Warren,0
Joe Biden,253,Bernie Sanders George W. Bush,1
Joe Biden,253,Bernie Sanders Hillary Clinton,0
Joe Biden,253,Bernie Sanders Richard Nixon,0
Joe Biden,253,Bernie Sanders Ronald Reagan,0
Joe Biden,253,Donald Trump George W. Bush,0
Joe Biden,253,Donald Trump Hillary Clinton,0
Joe Biden,253,Donald Trump Richard Nixon,0
Joe Biden,253,Donald Trump Ronald Reagan,0
Joe Biden,253,Elizabeth Warren George W. Bush,0
Joe Biden,253,Elizabeth Warren Hillary Clinton,0
Joe Biden,253,Elizabeth Warren Richard Nixon,0
Joe Biden,253,Elizabeth Warren Ronald Reagan,0
Joe Biden,253,George W. Bush Hillary Clinton,0
Joe Biden,253,George W. Bush Richard Nixon,0
Joe Biden,253,George W. Bush Ronald Reagan,0
Joe Biden,253,Hillary Clinton Richard Nixon,0
Joe Biden,253,Hillary Clinton Ronald Reagan,0
Joe Biden,253,Richard Nixon Ronald Reagan,0
Donald Trump,254,Abraham Lincoln Barack Obama,0
Donald Trump,254,Abraham Lincoln Bernie Sanders,0
Donald Trump,254,Abraham Lincoln Elizabeth Warren,0
Donald Trump,254,Abraham Lincoln George W. Bush,1
Donald Trump,254,Abraham Lincoln Joe Biden,0
Donald Trump,254,Abraham Lincoln Richard Nixon,1
Donald Trump,254,Abraham Lincoln Ronald Reagan,1
Donald Trump,254,Barack Obama Bernie Sanders,0
Donald Trump,254,Barack Obama Elizabeth Warren,0
Donald Trump,254,Barack Obama George W. Bush,0
Donald Trump,254,Barack Obama Hillary Clinton,0
Donald Trump,254,Barack Obama Joe Biden,0
Donald Trump,254,Barack Obama Richard Nixon,0
Donald Trump,254,Barack Obama Ronald Reagan,0
Donald Trump,254,Bernie Sanders Elizabeth Warren,0
Donald Trump,254,Bernie Sanders George W. Bush,0
Donald Trump,254,Bernie Sanders Hillary Clinton,0
Donald Trump,254,Bernie Sanders Joe Biden,0
Donald Trump,254,Bernie Sanders Richard Nixon,0
Donald Trump,254,Bernie Sanders Ronald Reagan,1
Donald Trump,254,Elizabeth Warren George W. Bush,0
Donald Trump,254,Elizabeth Warren Hillary Clinton,0
Donald Trump,254,Elizabeth Warren Joe Biden,1
Donald Trump,254,Elizabeth Warren Richard Nixon,0
Donald Trump,254,Elizabeth Warren Ronald Reagan,0
Donald Trump,254,George W. Bush Hillary Clinton,1
Donald Trump,254,George W. Bush Joe Biden,0
Donald Trump,254,George W. Bush Ronald Reagan,0
Donald Trump,254,Hillary Clinton Joe Biden,0
Donald Trump,254,Hillary Clinton Richard Nixon,0
Donald Trump,254,Hillary Clinton Ronald Reagan,0
Donald Trump,254,Joe Biden Richard Nixon,1
Donald Trump,254,Joe Biden Ronald Reagan,1
Donald Trump,254,Richard Nixon Ronald Reagan,0
Bernie Sanders,255,Abraham Lincoln Barack Obama,0
Bernie Sanders,255,Abraham Lincoln Elizabeth Warren,0
Bernie Sanders,255,Abraham Lincoln George W. Bush,0
Bernie Sanders,255,Abraham Lincoln Hillary Clinton,0
Bernie Sanders,255,Abraham Lincoln Joe Biden,0
Bernie Sanders,255,Abraham Lincoln Richard Nixon,0
Bernie Sanders,255,Abraham Lincoln Ronald Reagan,0
Bernie Sanders,255,Barack Obama Elizabeth Warren,0
Bernie Sanders,255,Barack Obama George W. Bush,0
Bernie Sanders,255,Barack Obama Hillary Clinton,0
Bernie Sanders,255,Barack Obama Joe Biden,0
Bernie Sanders,255,Barack Obama Richard Nixon,0
Bernie Sanders,255,Barack Obama Ronald Reagan,0
Bernie Sanders,255,Donald Trump Elizabeth Warren,0
Bernie Sanders,255,Donald Trump George W. Bush,0
Bernie Sanders,255,Donald Trump Hillary Clinton,0
Bernie Sanders,255,Donald Trump Joe Biden,0
Bernie Sanders,255,Donald Trump Richard Nixon,0
Bernie Sanders,255,Donald Trump Ronald Reagan,0
Bernie Sanders,255,Elizabeth Warren George W. Bush,0
Bernie Sanders,255,Elizabeth Warren Hillary Clinton,0
Bernie Sanders,255,Elizabeth Warren Joe Biden,0
Bernie Sanders,255,Elizabeth Warren Richard Nixon,0
Bernie Sanders,255,Elizabeth Warren Ronald Reagan,0
Bernie Sanders,255,George W. Bush Hillary Clinton,1
Bernie Sanders,255,George W. Bush Joe Biden,0
Bernie Sanders,255,George W. Bush Richard Nixon,0
Bernie Sanders,255,George W. Bush Ronald Reagan,0
Bernie Sanders,255,Hillary Clinton Joe Biden,0
Bernie Sanders,255,Hillary Clinton Richard Nixon,0
Bernie Sanders,255,Joe Biden Richard Nixon,0
Bernie Sanders,255,Joe Biden Ronald Reagan,0
Bernie Sanders,255,Richard Nixon Ronald Reagan,0
Richard Nixon,256,Abraham Lincoln Bernie Sanders,0
Richard Nixon,256,Abraham Lincoln Elizabeth Warren,0
Richard Nixon,256,Abraham Lincoln George W. Bush,0
Richard Nixon,256,Abraham Lincoln Hillary Clinton,0
Richard Nixon,256,Abraham Lincoln Joe Biden,0
Richard Nixon,256,Abraham Lincoln Ronald Reagan,0
Richard Nixon,256,Barack Obama Bernie Sanders,0
Richard Nixon,256,Barack Obama Donald Trump,1
Richard Nixon,256,Barack Obama Elizabeth Warren,0
Richard Nixon,256,Barack Obama George W. Bush,0
Richard Nixon,256,Barack Obama Hillary Clinton,0
Richard Nixon,256,Barack Obama Joe Biden,0
Richard Nixon,256,Bernie Sanders Donald Trump,0
Richard Nixon,256,Bernie Sanders Elizabeth Warren,0
Richard Nixon,256,Bernie Sanders George W. Bush,0
Richard Nixon,256,Bernie Sanders Hillary Clinton,1
Richard Nixon,256,Bernie Sanders Joe Biden,0
Richard Nixon,256,Bernie Sanders Ronald Reagan,0
Richard Nixon,256,Donald Trump Elizabeth Warren,0
Richard Nixon,256,Donald Trump George W. Bush,0
Richard Nixon,256,Donald Trump Hillary Clinton,0
Richard Nixon,256,Donald Trump Joe Biden,0
Richard Nixon,256,Elizabeth Warren George W. Bush,0
Richard Nixon,256,Elizabeth Warren Hillary Clinton,0
Richard Nixon,256,Elizabeth Warren Joe Biden,0
Richard Nixon,256,Elizabeth Warren Ronald Reagan,0
Richard Nixon,256,George W. Bush Hillary Clinton,0
Richard Nixon,256,George W. Bush Joe Biden,0
Richard Nixon,256,George W. Bush Ronald Reagan,0
Richard Nixon,256,Hillary Clinton Ronald Reagan,0
Richard Nixon,256,Joe Biden Ronald Reagan,0
Bernie Sanders,257,Abraham Lincoln Barack Obama,0
Bernie Sanders,257,Abraham Lincoln Donald Trump,1
Bernie Sanders,257,Abraham Lincoln Elizabeth Warren,0
Bernie Sanders,257,Abraham Lincoln George W. Bush,0
Bernie Sanders,257,Abraham Lincoln Hillary Clinton,0
Bernie Sanders,257,Abraham Lincoln Joe Biden,0
Bernie Sanders,257,Abraham Lincoln Richard Nixon,0
Bernie Sanders,257,Abraham Lincoln Ronald Reagan,0
Bernie Sanders,257,Barack Obama Donald Trump,0
Bernie Sanders,257,Barack Obama Elizabeth Warren,0
Bernie Sanders,257,Barack Obama George W. Bush,0
Bernie Sanders,257,Barack Obama Hillary Clinton,0
Bernie Sanders,257,Barack Obama Joe Biden,0
Bernie Sanders,257,Barack Obama Richard Nixon,0
Bernie Sanders,257,Barack Obama Ronald Reagan,0
Bernie Sanders,257,Donald Trump Elizabeth Warren,0
Bernie Sanders,257,Donald Trump George W. Bush,0
Bernie Sanders,257,Donald Trump Hillary Clinton,0
Bernie Sanders,257,Donald Trump Joe Biden,0
Bernie Sanders,257,Donald Trump Richard Nixon,0
Bernie Sanders,257,Donald Trump Ronald Reagan,0
Bernie Sanders,257,Elizabeth Warren Joe Biden,0
Bernie Sanders,257,Elizabeth Warren Richard Nixon,0
Bernie Sanders,257,Elizabeth Warren Ronald Reagan,0
Bernie Sanders,257,George W. Bush Hillary Clinton,0
Bernie Sanders,257,George W. Bush Joe Biden,0
Bernie Sanders,257,George W. Bush Richard Nixon,1
Bernie Sanders,257,George W. Bush Ronald Reagan,0
Bernie Sanders,257,Hillary Clinton Joe Biden,0
Bernie Sanders,257,Hillary Clinton Richard Nixon,0
Bernie Sanders,257,Hillary Clinton Ronald Reagan,0
Bernie Sanders,257,Joe Biden Richard Nixon,1
Bernie Sanders,257,Richard Nixon Ronald Reagan,0
Richard Nixon,258,Abraham Lincoln Barack Obama,0
Richard Nixon,258,Abraham Lincoln Bernie Sanders,0
Richard Nixon,258,Abraham Lincoln Donald Trump,0
Richard Nixon,258,Abraham Lincoln Elizabeth Warren,0
Richard Nixon,258,Abraham Lincoln George W. Bush,0
Richard Nixon,258,Abraham Lincoln Hillary Clinton,0
Richard Nixon,258,Abraham Lincoln Joe Biden,0
Richard Nixon,258,Abraham Lincoln Ronald Reagan,0
Richard Nixon,258,Barack Obama Bernie Sanders,0
Richard Nixon,258,Barack Obama Donald Trump,0
Richard Nixon,258,Barack Obama Elizabeth Warren,0
Richard Nixon,258,Barack Obama George W. Bush,0
Richard Nixon,258,Barack Obama Hillary Clinton,1
Richard Nixon,258,Barack Obama Joe Biden,1
Richard Nixon,258,Barack Obama Ronald Reagan,0
Richard Nixon,258,Bernie Sanders Elizabeth Warren,0
Richard Nixon,258,Bernie Sanders George W. Bush,1
Richard Nixon,258,Bernie Sanders Hillary Clinton,0
Richard Nixon,258,Bernie Sanders Joe Biden,0
Richard Nixon,258,Bernie Sanders Ronald Reagan,0
Richard Nixon,258,Donald Trump Elizabeth Warren,0
Richard Nixon,258,Donald Trump George W. Bush,0
Richard Nixon,258,Donald Trump Hillary Clinton,0
Richard Nixon,258,Donald Trump Ronald Reagan,0
Richard Nixon,258,Elizabeth Warren George W. Bush,0
Richard Nixon,258,Elizabeth Warren Hillary Clinton,0
Richard Nixon,258,Elizabeth Warren Joe Biden,0
Richard Nixon,258,Elizabeth Warren Ronald Reagan,0
Richard Nixon,258,George W. Bush Hillary Clinton,0
Richard Nixon,258,George W. Bush Joe Biden,0
Richard Nixon,258,George W. Bush Ronald Reagan,0
Richard Nixon,258,Hillary Clinton Joe Biden,0
Richard Nixon,258,Hillary Clinton Ronald Reagan,0
Richard Nixon,258,Joe Biden Ronald Reagan,0
Barack Obama,259,Abraham Lincoln Bernie Sanders,0
Barack Obama,259,Abraham Lincoln Donald Trump,0
Barack Obama,259,Abraham Lincoln Elizabeth Warren,0
Barack Obama,259,Abraham Lincoln George W. Bush,0
Barack Obama,259,Abraham Lincoln Hillary Clinton,0
Barack Obama,259,Abraham Lincoln Joe Biden,0
Barack Obama,259,Abraham Lincoln Richard Nixon,0
Barack Obama,259,Abraham Lincoln Ronald Reagan,0
Barack Obama,259,Bernie Sanders Donald Trump,0
Barack Obama,259,Bernie Sanders Elizabeth Warren,0
Barack Obama,259,Bernie Sanders George W. Bush,0
Barack Obama,259,Bernie Sanders Hillary Clinton,0
Barack Obama,259,Bernie Sanders Richard Nixon,1
Barack Obama,259,Bernie Sanders Ronald Reagan,0
Barack Obama,259,Donald Trump Elizabeth Warren,0
Barack Obama,259,Donald Trump George W. Bush,0
Barack Obama,259,Donald Trump Hillary Clinton,0
Barack Obama,259,Donald Trump Richard Nixon,0
Barack Obama,259,Donald Trump Ronald Reagan,0
Barack Obama,259,Elizabeth Warren George W. Bush,0
Barack Obama,259,Elizabeth Warren Hillary Clinton,0
Barack Obama,259,Elizabeth Warren Joe Biden,0
Barack Obama,259,Elizabeth Warren Richard Nixon,0
Barack Obama,259,Elizabeth Warren Ronald Reagan,0
Barack Obama,259,George W. Bush Hillary Clinton,0
Barack Obama,259,George W. Bush Joe Biden,0
Barack Obama,259,George W. Bush Ronald Reagan,0
Barack Obama,259,Hillary Clinton Joe Biden,0
Barack Obama,259,Hillary Clinton Richard Nixon,0
Barack Obama,259,Hillary Clinton Ronald Reagan,0
Barack Obama,259,Joe Biden Ronald Reagan,0
Barack Obama,259,Richard Nixon Ronald Reagan,0
Barack Obama,260,Abraham Lincoln Bernie Sanders,0
Barack Obama,260,Abraham Lincoln Donald Trump,0
Barack Obama,260,Abraham Lincoln Elizabeth Warren,0
Barack Obama,260,Abraham Lincoln George W. Bush,0
Barack Obama,260,Abraham Lincoln Hillary Clinton,0
Barack Obama,260,Abraham Lincoln Joe Biden,0
Barack Obama,260,Abraham Lincoln Richard Nixon,0
Barack Obama,260,Abraham Lincoln Ronald Reagan,0
Barack Obama,260,Bernie Sanders Donald Trump,0
Barack Obama,260,Bernie Sanders Elizabeth Warren,0
Barack Obama,260,Bernie Sanders George W. Bush,0
Barack Obama,260,Bernie Sanders Hillary Clinton,0
Barack Obama,260,Bernie Sanders Joe Biden,1
Barack Obama,260,Bernie Sanders Richard Nixon,0
Barack Obama,260,Bernie Sanders Ronald Reagan,0
Barack Obama,260,Donald Trump Elizabeth Warren,0
Barack Obama,260,Donald Trump Hillary Clinton,0
Barack Obama,260,Donald Trump Joe Biden,0
Barack Obama,260,Donald Trump Richard Nixon,0
Barack Obama,260,Donald Trump Ronald Reagan,0
Barack Obama,260,Elizabeth Warren George W. Bush,0
Barack Obama,260,Elizabeth Warren Hillary Clinton,0
Barack Obama,260,Elizabeth Warren Joe Biden,0
Barack Obama,260,Elizabeth Warren Richard Nixon,0
Barack Obama,260,Elizabeth Warren Ronald Reagan,0
Barack Obama,260,George W. Bush Hillary Clinton,0
Barack Obama,260,George W. Bush Richard Nixon,0
Barack Obama,260,George W. Bush Ronald Reagan,0
Barack Obama,260,Hillary Clinton Joe Biden,0
Barack Obama,260,Hillary Clinton Richard Nixon,0
Barack Obama,260,Hillary Clinton Ronald Reagan,0
Barack Obama,260,Joe Biden Richard Nixon,0
Barack Obama,260,Joe Biden Ronald Reagan,0
Barack Obama,260,Richard Nixon Ronald Reagan,0
Barack Obama,261,Abraham Lincoln Bernie Sanders,0
Barack Obama,261,Abraham Lincoln Donald Trump,0
Barack Obama,261,Abraham Lincoln Elizabeth Warren,0
Barack Obama,261,Abraham Lincoln George W. Bush,0
Barack Obama,261,Abraham Lincoln Hillary Clinton,0
Barack Obama,261,Abraham Lincoln Joe Biden,0
Barack Obama,261,Abraham Lincoln Ronald Reagan,0
Barack Obama,261,Bernie Sanders Donald Trump,0
Barack Obama,261,Bernie Sanders Elizabeth Warren,0
Barack Obama,261,Bernie Sanders George W. Bush,0
Barack Obama,261,Bernie Sanders Hillary Clinton,0
Barack Obama,261,Bernie Sanders Joe Biden,0
Barack Obama,261,Bernie Sanders Richard Nixon,0
Barack Obama,261,Bernie Sanders Ronald Reagan,0
Barack Obama,261,Donald Trump Elizabeth Warren,0
Barack Obama,261,Donald Trump Hillary Clinton,0
Barack Obama,261,Donald Trump Richard Nixon,1
Barack Obama,261,Donald Trump Ronald Reagan,0
Barack Obama,261,Elizabeth Warren George W. Bush,0
Barack Obama,261,Elizabeth Warren Hillary Clinton,0
Barack Obama,261,Elizabeth Warren Joe Biden,0
Barack Obama,261,Elizabeth Warren Richard Nixon,0
Barack Obama,261,Elizabeth Warren Ronald Reagan,0
Barack Obama,261,George W. Bush Hillary Clinton,0
Barack Obama,261,George W. Bush Richard Nixon,0
Barack Obama,261,George W. Bush Ronald Reagan,0
Barack Obama,261,Hillary Clinton Joe Biden,0
Barack Obama,261,Hillary Clinton Richard Nixon,0
Barack Obama,261,Hillary Clinton Ronald Reagan,0
Barack Obama,261,Joe Biden Richard Nixon,0
Barack Obama,261,Joe Biden Ronald Reagan,0
Barack Obama,261,Richard Nixon Ronald Reagan,0
George W. Bush,262,Abraham Lincoln Barack Obama,0
George W. Bush,262,Abraham Lincoln Bernie Sanders,0
George W. Bush,262,Abraham Lincoln Donald Trump,0
George W. Bush,262,Abraham Lincoln Elizabeth Warren,0
George W. Bush,262,Abraham Lincoln Hillary Clinton,0
George W. Bush,262,Abraham Lincoln Joe Biden,0
George W. Bush,262,Abraham Lincoln Richard Nixon,0
George W. Bush,262,Abraham Lincoln Ronald Reagan,0
George W. Bush,262,Barack Obama Bernie Sanders,0
George W. Bush,262,Barack Obama Donald Trump,0
George W. Bush,262,Barack Obama Elizabeth Warren,0
George W. Bush,262,Barack Obama Hillary Clinton,0
George W. Bush,262,Barack Obama Joe Biden,0
George W. Bush,262,Barack Obama Richard Nixon,0
George W. Bush,262,Barack Obama Ronald Reagan,0
George W. Bush,262,Bernie Sanders Elizabeth Warren,0
George W. Bush,262,Bernie Sanders Hillary Clinton,0
George W. Bush,262,Bernie Sanders Joe Biden,0
George W. Bush,262,Bernie Sanders Richard Nixon,0
George W. Bush,262,Bernie Sanders Ronald Reagan,0
George W. Bush,262,Donald Trump Elizabeth Warren,0
George W. Bush,262,Donald Trump Joe Biden,1
George W. Bush,262,Donald Trump Richard Nixon,0
George W. Bush,262,Donald Trump Ronald Reagan,0
George W. Bush,262,Elizabeth Warren Hillary Clinton,0
George W. Bush,262,Elizabeth Warren Joe Biden,0
George W. Bush,262,Elizabeth Warren Richard Nixon,0
George W. Bush,262,Elizabeth Warren Ronald Reagan,1
George W. Bush,262,Hillary Clinton Joe Biden,0
George W. Bush,262,Hillary Clinton Richard Nixon,0
George W. Bush,262,Hillary Clinton Ronald Reagan,0
George W. Bush,262,Joe Biden Richard Nixon,0
George W. Bush,262,Joe Biden Ronald Reagan,0
George W. Bush,262,Richard Nixon Ronald Reagan,0
Bernie Sanders,263,Abraham Lincoln Barack Obama,0
Bernie Sanders,263,Abraham Lincoln Elizabeth Warren,0
Bernie Sanders,263,Abraham Lincoln Hillary Clinton,0
Bernie Sanders,263,Abraham Lincoln Joe Biden,0
Bernie Sanders,263,Abraham Lincoln Richard Nixon,0
Bernie Sanders,263,Abraham Lincoln Ronald Reagan,0
Bernie Sanders,263,Barack Obama Elizabeth Warren,0
Bernie Sanders,263,Barack Obama George W. Bush,0
Bernie Sanders,263,Barack Obama Hillary Clinton,0
Bernie Sanders,263,Barack Obama Joe Biden,0
Bernie Sanders,263,Barack Obama Richard Nixon,1
Bernie Sanders,263,Barack Obama Ronald Reagan,0
Bernie Sanders,263,Donald Trump Elizabeth Warren,0
Bernie Sanders,263,Donald Trump George W. Bush,0
Bernie Sanders,263,Donald Trump Hillary Clinton,0
Bernie Sanders,263,Donald Trump Joe Biden,0
Bernie Sanders,263,Donald Trump Richard Nixon,0
Bernie Sanders,263,Donald Trump Ronald Reagan,0
Bernie Sanders,263,Elizabeth Warren George W. Bush,0
Bernie Sanders,263,Elizabeth Warren Hillary Clinton,0
Bernie Sanders,263,Elizabeth Warren Joe Biden,0
Bernie Sanders,263,Elizabeth Warren Richard Nixon,0
Bernie Sanders,263,Elizabeth Warren Ronald Reagan,0
Bernie Sanders,263,George W. Bush Hillary Clinton,0
Bernie Sanders,263,George W. Bush Richard Nixon,0
Bernie Sanders,263,George W. Bush Ronald Reagan,0
Bernie Sanders,263,Hillary Clinton Joe Biden,0
Bernie Sanders,263,Hillary Clinton Richard Nixon,0
Bernie Sanders,263,Hillary Clinton Ronald Reagan,1
Bernie Sanders,263,Joe Biden Richard Nixon,0
Bernie Sanders,263,Joe Biden Ronald Reagan,0
Richard Nixon,264,Abraham Lincoln Barack Obama,0
Richard Nixon,264,Abraham Lincoln Bernie Sanders,0
Richard Nixon,264,Abraham Lincoln Elizabeth Warren,0
Richard Nixon,264,Abraham Lincoln George W. Bush,0
Richard Nixon,264,Abraham Lincoln Hillary Clinton,0
Richard Nixon,264,Abraham Lincoln Joe Biden,0
Richard Nixon,264,Abraham Lincoln Ronald Reagan,1
Richard Nixon,264,Barack Obama Bernie Sanders,1
Richard Nixon,264,Barack Obama Donald Trump,0
Richard Nixon,264,Barack Obama Elizabeth Warren,0
Richard Nixon,264,Barack Obama George W. Bush,0
Richard Nixon,264,Barack Obama Hillary Clinton,1
Richard Nixon,264,Barack Obama Joe Biden,0
Richard Nixon,264,Barack Obama Ronald Reagan,0
Richard Nixon,264,Bernie Sanders Donald Trump,0
Richard Nixon,264,Bernie Sanders Elizabeth Warren,0
Richard Nixon,264,Bernie Sanders George W. Bush,0
Richard Nixon,264,Bernie Sanders Hillary Clinton,1
Richard Nixon,264,Bernie Sanders Joe Biden,0
Richard Nixon,264,Bernie Sanders Ronald Reagan,0
Richard Nixon,264,Donald Trump Elizabeth Warren,1
Richard Nixon,264,Donald Trump Joe Biden,0
Richard Nixon,264,Donald Trump Ronald Reagan,0
Richard Nixon,264,Elizabeth Warren George W. Bush,0
Richard Nixon,264,Elizabeth Warren Hillary Clinton,0
Richard Nixon,264,Elizabeth Warren Joe Biden,0
Richard Nixon,264,Elizabeth Warren Ronald Reagan,0
Richard Nixon,264,George W. Bush Hillary Clinton,0
Richard Nixon,264,George W. Bush Ronald Reagan,0
Richard Nixon,264,Hillary Clinton Joe Biden,0
Richard Nixon,264,Hillary Clinton Ronald Reagan,0
Richard Nixon,264,Joe Biden Ronald Reagan,0
Donald Trump,265,Abraham Lincoln Barack Obama,0
Donald Trump,265,Abraham Lincoln Bernie Sanders,0
Donald Trump,265,Abraham Lincoln Elizabeth Warren,0
Donald Trump,265,Abraham Lincoln George W. Bush,0
Donald Trump,265,Abraham Lincoln Hillary Clinton,0
Donald Trump,265,Abraham Lincoln Joe Biden,0
Donald Trump,265,Abraham Lincoln Richard Nixon,0
Donald Trump,265,Abraham Lincoln Ronald Reagan,0
Donald Trump,265,Barack Obama Bernie Sanders,0
Donald Trump,265,Barack Obama Elizabeth Warren,0
Donald Trump,265,Barack Obama George W. Bush,0
Donald Trump,265,Barack Obama Hillary Clinton,0
Donald Trump,265,Barack Obama Joe Biden,0
Donald Trump,265,Barack Obama Richard Nixon,1
Donald Trump,265,Barack Obama Ronald Reagan,0
Donald Trump,265,Bernie Sanders Elizabeth Warren,0
Donald Trump,265,Bernie Sanders George W. Bush,0
Donald Trump,265,Bernie Sanders Hillary Clinton,0
Donald Trump,265,Bernie Sanders Joe Biden,0
Donald Trump,265,Bernie Sanders Richard Nixon,0
Donald Trump,265,Bernie Sanders Ronald Reagan,0
Donald Trump,265,Elizabeth Warren George W. Bush,1
Donald Trump,265,Elizabeth Warren Hillary Clinton,0
Donald Trump,265,Elizabeth Warren Joe Biden,0
Donald Trump,265,Elizabeth Warren Richard Nixon,1
Donald Trump,265,Elizabeth Warren Ronald Reagan,0
Donald Trump,265,George W. Bush Hillary Clinton,0
Donald Trump,265,George W. Bush Joe Biden,0
Donald Trump,265,George W. Bush Richard Nixon,0
Donald Trump,265,George W. Bush Ronald Reagan,0
Donald Trump,265,Hillary Clinton Joe Biden,0
Donald Trump,265,Hillary Clinton Richard Nixon,0
Donald Trump,265,Hillary Clinton Ronald Reagan,1
Donald Trump,265,Joe Biden Richard Nixon,0
Donald Trump,265,Joe Biden Ronald Reagan,0
Donald Trump,265,Richard Nixon Ronald Reagan,0
Abraham Lincoln,266,Barack Obama Bernie Sanders,0
Abraham Lincoln,266,Barack Obama Donald Trump,0
Abraham Lincoln,266,Barack Obama Elizabeth Warren,0
Abraham Lincoln,266,Barack Obama George W. Bush,0
Abraham Lincoln,266,Barack Obama Hillary Clinton,0
Abraham Lincoln,266,Barack Obama Joe Biden,0
Abraham Lincoln,266,Barack Obama Ronald Reagan,1
Abraham Lincoln,266,Bernie Sanders Donald Trump,0
Abraham Lincoln,266,Bernie Sanders George W. Bush,0
Abraham Lincoln,266,Bernie Sanders Hillary Clinton,0
Abraham Lincoln,266,Bernie Sanders Joe Biden,0
Abraham Lincoln,266,Bernie Sanders Richard Nixon,0
Abraham Lincoln,266,Bernie Sanders Ronald Reagan,0
Abraham Lincoln,266,Donald Trump Elizabeth Warren,0
Abraham Lincoln,266,Donald Trump Hillary Clinton,0
Abraham Lincoln,266,Donald Trump Joe Biden,0
Abraham Lincoln,266,Donald Trump Richard Nixon,0
Abraham Lincoln,266,Elizabeth Warren George W. Bush,0
Abraham Lincoln,266,Elizabeth Warren Hillary Clinton,0
Abraham Lincoln,266,Elizabeth Warren Joe Biden,0
Abraham Lincoln,266,Elizabeth Warren Richard Nixon,0
Abraham Lincoln,266,Elizabeth Warren Ronald Reagan,0
Abraham Lincoln,266,George W. Bush Hillary Clinton,0
Abraham Lincoln,266,George W. Bush Joe Biden,0
Abraham Lincoln,266,George W. Bush Richard Nixon,0
Abraham Lincoln,266,George W. Bush Ronald Reagan,0
Abraham Lincoln,266,Hillary Clinton Joe Biden,0
Abraham Lincoln,266,Hillary Clinton Richard Nixon,0
Abraham Lincoln,266,Hillary Clinton Ronald Reagan,0
Abraham Lincoln,266,Joe Biden Richard Nixon,0
Abraham Lincoln,266,Joe Biden Ronald Reagan,0
Abraham Lincoln,266,Richard Nixon Ronald Reagan,0
Donald Trump,267,Abraham Lincoln Barack Obama,0
Donald Trump,267,Abraham Lincoln Bernie Sanders,0
Donald Trump,267,Abraham Lincoln Elizabeth Warren,0
Donald Trump,267,Abraham Lincoln George W. Bush,0
Donald Trump,267,Abraham Lincoln Hillary Clinton,0
Donald Trump,267,Abraham Lincoln Joe Biden,0
Donald Trump,267,Abraham Lincoln Richard Nixon,0
Donald Trump,267,Abraham Lincoln Ronald Reagan,0
Donald Trump,267,Barack Obama Bernie Sanders,0
Donald Trump,267,Barack Obama Elizabeth Warren,0
Donald Trump,267,Barack Obama George W. Bush,0
Donald Trump,267,Barack Obama Hillary Clinton,0
Donald Trump,267,Barack Obama Joe Biden,0
Donald Trump,267,Barack Obama Richard Nixon,0
Donald Trump,267,Bernie Sanders Elizabeth Warren,0
Donald Trump,267,Bernie Sanders George W. Bush,0
Donald Trump,267,Bernie Sanders Joe Biden,0
Donald Trump,267,Bernie Sanders Richard Nixon,1
Donald Trump,267,Bernie Sanders Ronald Reagan,1
Donald Trump,267,Elizabeth Warren George W. Bush,1
Donald Trump,267,Elizabeth Warren Hillary Clinton,0
Donald Trump,267,Elizabeth Warren Joe Biden,0
Donald Trump,267,Elizabeth Warren Richard Nixon,0
Donald Trump,267,Elizabeth Warren Ronald Reagan,0
Donald Trump,267,George W. Bush Hillary Clinton,0
Donald Trump,267,George W. Bush Joe Biden,0
Donald Trump,267,George W. Bush Richard Nixon,0
Donald Trump,267,George W. Bush Ronald Reagan,0
Donald Trump,267,Hillary Clinton Joe Biden,0
Donald Trump,267,Hillary Clinton Richard Nixon,0
Donald Trump,267,Hillary Clinton Ronald Reagan,1
Donald Trump,267,Joe Biden Richard Nixon,0
Donald Trump,267,Joe Biden Ronald Reagan,0
Donald Trump,267,Richard Nixon Ronald Reagan,0
Abraham Lincoln,268,Barack Obama Bernie Sanders,0
Abraham Lincoln,268,Barack Obama Elizabeth Warren,0
Abraham Lincoln,268,Barack Obama George W. Bush,0
Abraham Lincoln,268,Barack Obama Hillary Clinton,0
Abraham Lincoln,268,Barack Obama Joe Biden,0
Abraham Lincoln,268,Barack Obama Richard Nixon,0
Abraham Lincoln,268,Barack Obama Ronald Reagan,0
Abraham Lincoln,268,Bernie Sanders Donald Trump,0
Abraham Lincoln,268,Bernie Sanders Elizabeth Warren,0
Abraham Lincoln,268,Bernie Sanders George W. Bush,0
Abraham Lincoln,268,Bernie Sanders Hillary Clinton,0
Abraham Lincoln,268,Bernie Sanders Joe Biden,0
Abraham Lincoln,268,Bernie Sanders Richard Nixon,0
Abraham Lincoln,268,Bernie Sanders Ronald Reagan,0
Abraham Lincoln,268,Donald Trump Elizabeth Warren,0
Abraham Lincoln,268,Donald Trump George W. Bush,0
Abraham Lincoln,268,Donald Trump Hillary Clinton,0
Abraham Lincoln,268,Donald Trump Joe Biden,0
Abraham Lincoln,268,Donald Trump Richard Nixon,0
Abraham Lincoln,268,Donald Trump Ronald Reagan,0
Abraham Lincoln,268,Elizabeth Warren George W. Bush,0
Abraham Lincoln,268,Elizabeth Warren Hillary Clinton,0
Abraham Lincoln,268,Elizabeth Warren Joe Biden,0
Abraham Lincoln,268,Elizabeth Warren Richard Nixon,0
Abraham Lincoln,268,Elizabeth Warren Ronald Reagan,0
Abraham Lincoln,268,George W. Bush Hillary Clinton,0
Abraham Lincoln,268,George W. Bush Joe Biden,0
Abraham Lincoln,268,George W. Bush Richard Nixon,0
Abraham Lincoln,268,George W. Bush Ronald Reagan,0
Abraham Lincoln,268,Hillary Clinton Richard Nixon,0
Abraham Lincoln,268,Hillary Clinton Ronald Reagan,1
Abraham Lincoln,268,Joe Biden Richard Nixon,0
Abraham Lincoln,268,Joe Biden Ronald Reagan,0
Abraham Lincoln,268,Richard Nixon Ronald Reagan,0
Elizabeth Warren,269,Abraham Lincoln Barack Obama,0
Elizabeth Warren,269,Abraham Lincoln Bernie Sanders,0
Elizabeth Warren,269,Abraham Lincoln Donald Trump,0
Elizabeth Warren,269,Abraham Lincoln George W. Bush,0
Elizabeth Warren,269,Abraham Lincoln Hillary Clinton,0
Elizabeth Warren,269,Abraham Lincoln Joe Biden,0
Elizabeth Warren,269,Abraham Lincoln Richard Nixon,0
Elizabeth Warren,269,Abraham Lincoln Ronald Reagan,0
Elizabeth Warren,269,Barack Obama Bernie Sanders,0
Elizabeth Warren,269,Barack Obama Donald Trump,0
Elizabeth Warren,269,Barack Obama Hillary Clinton,0
Elizabeth Warren,269,Barack Obama Joe Biden,0
Elizabeth Warren,269,Barack Obama Richard Nixon,0
Elizabeth Warren,269,Barack Obama Ronald Reagan,0
Elizabeth Warren,269,Bernie Sanders Donald Trump,0
Elizabeth Warren,269,Bernie Sanders George W. Bush,0
Elizabeth Warren,269,Bernie Sanders Hillary Clinton,0
Elizabeth Warren,269,Bernie Sanders Joe Biden,0
Elizabeth Warren,269,Bernie Sanders Richard Nixon,0
Elizabeth Warren,269,Bernie Sanders Ronald Reagan,0
Elizabeth Warren,269,Donald Trump George W. Bush,0
Elizabeth Warren,269,Donald Trump Hillary Clinton,0
Elizabeth Warren,269,Donald Trump Joe Biden,0
Elizabeth Warren,269,Donald Trump Richard Nixon,0
Elizabeth Warren,269,Donald Trump Ronald Reagan,0
Elizabeth Warren,269,George W. Bush Hillary Clinton,0
Elizabeth Warren,269,George W. Bush Joe Biden,0
Elizabeth Warren,269,George W. Bush Richard Nixon,0
Elizabeth Warren,269,George W. Bush Ronald Reagan,0
Elizabeth Warren,269,Hillary Clinton Joe Biden,0
Elizabeth Warren,269,Hillary Clinton Richard Nixon,0
Elizabeth Warren,269,Hillary Clinton Ronald Reagan,0
Elizabeth Warren,269,Joe Biden Richard Nixon,0
Elizabeth Warren,269,Joe Biden Ronald Reagan,0
Elizabeth Warren,269,Richard Nixon Ronald Reagan,0
Donald Trump,270,Abraham Lincoln Barack Obama,0
Donald Trump,270,Abraham Lincoln Bernie Sanders,0
Donald Trump,270,Abraham Lincoln Elizabeth Warren,0
Donald Trump,270,Abraham Lincoln Joe Biden,0
Donald Trump,270,Abraham Lincoln Richard Nixon,0
Donald Trump,270,Abraham Lincoln Ronald Reagan,0
Donald Trump,270,Barack Obama Elizabeth Warren,0
Donald Trump,270,Barack Obama George W. Bush,0
Donald Trump,270,Barack Obama Hillary Clinton,0
Donald Trump,270,Barack Obama Joe Biden,0
Donald Trump,270,Barack Obama Richard Nixon,0
Donald Trump,270,Bernie Sanders Elizabeth Warren,0
Donald Trump,270,Bernie Sanders George W. Bush,0
Donald Trump,270,Bernie Sanders Hillary Clinton,0
Donald Trump,270,Bernie Sanders Joe Biden,0
Donald Trump,270,Bernie Sanders Richard Nixon,0
Donald Trump,270,Bernie Sanders Ronald Reagan,1
Donald Trump,270,Elizabeth Warren George W. Bush,0
Donald Trump,270,Elizabeth Warren Hillary Clinton,0
Donald Trump,270,Elizabeth Warren Joe Biden,0
Donald Trump,270,Elizabeth Warren Richard Nixon,0
Donald Trump,270,Elizabeth Warren Ronald Reagan,0
Donald Trump,270,George W. Bush Hillary Clinton,0
Donald Trump,270,George W. Bush Joe Biden,0
Donald Trump,270,George W. Bush Richard Nixon,0
Donald Trump,270,George W. Bush Ronald Reagan,0
Donald Trump,270,Hillary Clinton Joe Biden,0
Donald Trump,270,Hillary Clinton Richard Nixon,1
Donald Trump,270,Hillary Clinton Ronald Reagan,0
Donald Trump,270,Joe Biden Richard Nixon,0
Donald Trump,270,Joe Biden Ronald Reagan,0
Donald Trump,270,Richard Nixon Ronald Reagan,0
Joe Biden,271,Abraham Lincoln Barack Obama,0
Joe Biden,271,Abraham Lincoln Bernie Sanders,0
Joe Biden,271,Abraham Lincoln Donald Trump,0
Joe Biden,271,Abraham Lincoln Elizabeth Warren,0
Joe Biden,271,Abraham Lincoln George W. Bush,0
Joe Biden,271,Abraham Lincoln Hillary Clinton,0
Joe Biden,271,Abraham Lincoln Richard Nixon,1
Joe Biden,271,Abraham Lincoln Ronald Reagan,0
Joe Biden,271,Barack Obama Bernie Sanders,0
Joe Biden,271,Barack Obama Donald Trump,0
Joe Biden,271,Barack Obama Elizabeth Warren,0
Joe Biden,271,Barack Obama George W. Bush,0
Joe Biden,271,Barack Obama Hillary Clinton,0
Joe Biden,271,Barack Obama Richard Nixon,0
Joe Biden,271,Barack Obama Ronald Reagan,0
Joe Biden,271,Bernie Sanders Donald Trump,0
Joe Biden,271,Bernie Sanders Elizabeth Warren,0
Joe Biden,271,Bernie Sanders George W. Bush,0
Joe Biden,271,Bernie Sanders Hillary Clinton,0
Joe Biden,271,Bernie Sanders Richard Nixon,0
Joe Biden,271,Bernie Sanders Ronald Reagan,0
Joe Biden,271,Donald Trump Elizabeth Warren,0
Joe Biden,271,Donald Trump George W. Bush,0
Joe Biden,271,Donald Trump Hillary Clinton,0
Joe Biden,271,Donald Trump Richard Nixon,0
Joe Biden,271,Donald Trump Ronald Reagan,0
Joe Biden,271,Elizabeth Warren George W. Bush,0
Joe Biden,271,Elizabeth Warren Hillary Clinton,0
Joe Biden,271,Elizabeth Warren Richard Nixon,0
Joe Biden,271,Elizabeth Warren Ronald Reagan,0
Joe Biden,271,George W. Bush Hillary Clinton,0
Joe Biden,271,George W. Bush Richard Nixon,1
Joe Biden,271,George W. Bush Ronald Reagan,0
Joe Biden,271,Hillary Clinton Richard Nixon,0
Joe Biden,271,Hillary Clinton Ronald Reagan,0
Joe Biden,271,Richard Nixon Ronald Reagan,0
Joe Biden,272,Abraham Lincoln Barack Obama,0
Joe Biden,272,Abraham Lincoln Bernie Sanders,0
Joe Biden,272,Abraham Lincoln Elizabeth Warren,0
Joe Biden,272,Abraham Lincoln George W. Bush,0
Joe Biden,272,Abraham Lincoln Hillary Clinton,0
Joe Biden,272,Abraham Lincoln Richard Nixon,1
Joe Biden,272,Abraham Lincoln Ronald Reagan,0
Joe Biden,272,Barack Obama Bernie Sanders,0
Joe Biden,272,Barack Obama Donald Trump,0
Joe Biden,272,Barack Obama Elizabeth Warren,0
Joe Biden,272,Barack Obama George W. Bush,0
Joe Biden,272,Barack Obama Hillary Clinton,0
Joe Biden,272,Barack Obama Richard Nixon,1
Joe Biden,272,Barack Obama Ronald Reagan,0
Joe Biden,272,Bernie Sanders Donald Trump,0
Joe Biden,272,Bernie Sanders Elizabeth Warren,0
Joe Biden,272,Bernie Sanders George W. Bush,0
Joe Biden,272,Bernie Sanders Hillary Clinton,0
Joe Biden,272,Bernie Sanders Richard Nixon,0
Joe Biden,272,Bernie Sanders Ronald Reagan,0
Joe Biden,272,Donald Trump Elizabeth Warren,0
Joe Biden,272,Donald Trump Hillary Clinton,0
Joe Biden,272,Donald Trump Richard Nixon,0
Joe Biden,272,Donald Trump Ronald Reagan,0
Joe Biden,272,Elizabeth Warren George W. Bush,0
Joe Biden,272,Elizabeth Warren Hillary Clinton,0
Joe Biden,272,Elizabeth Warren Richard Nixon,0
Joe Biden,272,Elizabeth Warren Ronald Reagan,0
Joe Biden,272,George W. Bush Hillary Clinton,0
Joe Biden,272,George W. Bush Richard Nixon,0
Joe Biden,272,George W. Bush Ronald Reagan,0
Joe Biden,272,Hillary Clinton Richard Nixon,1
Joe Biden,272,Hillary Clinton Ronald Reagan,0
Joe Biden,272,Richard Nixon Ronald Reagan,0
Hillary Clinton,273,Abraham Lincoln Barack Obama,0
Hillary Clinton,273,Abraham Lincoln Bernie Sanders,0
Hillary Clinton,273,Abraham Lincoln Donald Trump,0
Hillary Clinton,273,Abraham Lincoln Elizabeth Warren,0
Hillary Clinton,273,Abraham Lincoln George W. Bush,0
Hillary Clinton,273,Abraham Lincoln Richard Nixon,0
Hillary Clinton,273,Abraham Lincoln Ronald Reagan,0
Hillary Clinton,273,Barack Obama Bernie Sanders,0
Hillary Clinton,273,Barack Obama Donald Trump,0
Hillary Clinton,273,Barack Obama Elizabeth Warren,0
Hillary Clinton,273,Barack Obama George W. Bush,0
Hillary Clinton,273,Barack Obama Joe Biden,0
Hillary Clinton,273,Barack Obama Richard Nixon,0
Hillary Clinton,273,Bernie Sanders Donald Trump,0
Hillary Clinton,273,Bernie Sanders Elizabeth Warren,0
Hillary Clinton,273,Bernie Sanders George W. Bush,0
Hillary Clinton,273,Bernie Sanders Joe Biden,0
Hillary Clinton,273,Bernie Sanders Richard Nixon,0
Hillary Clinton,273,Bernie Sanders Ronald Reagan,0
Hillary Clinton,273,Donald Trump Elizabeth Warren,0
Hillary Clinton,273,Donald Trump George W. Bush,1
Hillary Clinton,273,Donald Trump Joe Biden,0
Hillary Clinton,273,Donald Trump Richard Nixon,1
Hillary Clinton,273,Donald Trump Ronald Reagan,0
Hillary Clinton,273,Elizabeth Warren George W. Bush,0
Hillary Clinton,273,Elizabeth Warren Joe Biden,0
Hillary Clinton,273,Elizabeth Warren Richard Nixon,0
Hillary Clinton,273,Elizabeth Warren Ronald Reagan,0
Hillary Clinton,273,George W. Bush Joe Biden,1
Hillary Clinton,273,George W. Bush Richard Nixon,0
Hillary Clinton,273,George W. Bush Ronald Reagan,1
Hillary Clinton,273,Joe Biden Richard Nixon,0
Hillary Clinton,273,Joe Biden Ronald Reagan,0
Hillary Clinton,273,Richard Nixon Ronald Reagan,1
Bernie Sanders,274,Abraham Lincoln Barack Obama,0
Bernie Sanders,274,Abraham Lincoln Donald Trump,0
Bernie Sanders,274,Abraham Lincoln Elizabeth Warren,0
Bernie Sanders,274,Abraham Lincoln George W. Bush,0
Bernie Sanders,274,Abraham Lincoln Hillary Clinton,0
Bernie Sanders,274,Abraham Lincoln Richard Nixon,0
Bernie Sanders,274,Abraham Lincoln Ronald Reagan,0
Bernie Sanders,274,Barack Obama Donald Trump,0
Bernie Sanders,274,Barack Obama Elizabeth Warren,1
Bernie Sanders,274,Barack Obama George W. Bush,0
Bernie Sanders,274,Barack Obama Hillary Clinton,0
Bernie Sanders,274,Barack Obama Joe Biden,0
Bernie Sanders,274,Barack Obama Richard Nixon,0
Bernie Sanders,274,Barack Obama Ronald Reagan,0
Bernie Sanders,274,Donald Trump Elizabeth Warren,0
Bernie Sanders,274,Donald Trump George W. Bush,0
Bernie Sanders,274,Donald Trump Hillary Clinton,0
Bernie Sanders,274,Donald Trump Joe Biden,0
Bernie Sanders,274,Donald Trump Richard Nixon,0
Bernie Sanders,274,Donald Trump Ronald Reagan,0
Bernie Sanders,274,Elizabeth Warren George W. Bush,0
Bernie Sanders,274,Elizabeth Warren Hillary Clinton,0
Bernie Sanders,274,Elizabeth Warren Joe Biden,0
Bernie Sanders,274,Elizabeth Warren Richard Nixon,0
Bernie Sanders,274,Elizabeth Warren Ronald Reagan,0
Bernie Sanders,274,George W. Bush Hillary Clinton,0
Bernie Sanders,274,George W. Bush Joe Biden,0
Bernie Sanders,274,George W. Bush Richard Nixon,0
Bernie Sanders,274,George W. Bush Ronald Reagan,0
Bernie Sanders,274,Hillary Clinton Joe Biden,0
Bernie Sanders,274,Hillary Clinton Richard Nixon,1
Bernie Sanders,274,Hillary Clinton Ronald Reagan,0
Bernie Sanders,274,Joe Biden Richard Nixon,0
Bernie Sanders,274,Joe Biden Ronald Reagan,0
Bernie Sanders,274,Richard Nixon Ronald Reagan,0
Abraham Lincoln,275,Barack Obama Bernie Sanders,0
Abraham Lincoln,275,Barack Obama Donald Trump,0
Abraham Lincoln,275,Barack Obama Elizabeth Warren,0
Abraham Lincoln,275,Barack Obama George W. Bush,0
Abraham Lincoln,275,Barack Obama Joe Biden,0
Abraham Lincoln,275,Barack Obama Richard Nixon,0
Abraham Lincoln,275,Barack Obama Ronald Reagan,0
Abraham Lincoln,275,Bernie Sanders Donald Trump,0
Abraham Lincoln,275,Bernie Sanders Elizabeth Warren,0
Abraham Lincoln,275,Bernie Sanders Hillary Clinton,0
Abraham Lincoln,275,Bernie Sanders Joe Biden,0
Abraham Lincoln,275,Bernie Sanders Richard Nixon,0
Abraham Lincoln,275,Bernie Sanders Ronald Reagan,0
Abraham Lincoln,275,Donald Trump Elizabeth Warren,0
Abraham Lincoln,275,Donald Trump George W. Bush,0
Abraham Lincoln,275,Donald Trump Hillary Clinton,0
Abraham Lincoln,275,Donald Trump Richard Nixon,0
Abraham Lincoln,275,Donald Trump Ronald Reagan,0
Abraham Lincoln,275,Elizabeth Warren George W. Bush,0
Abraham Lincoln,275,Elizabeth Warren Hillary Clinton,0
Abraham Lincoln,275,Elizabeth Warren Joe Biden,0
Abraham Lincoln,275,Elizabeth Warren Richard Nixon,0
Abraham Lincoln,275,Elizabeth Warren Ronald Reagan,0
Abraham Lincoln,275,George W. Bush Hillary Clinton,0
Abraham Lincoln,275,George W. Bush Joe Biden,1
Abraham Lincoln,275,George W. Bush Richard Nixon,0
Abraham Lincoln,275,George W. Bush Ronald Reagan,0
Abraham Lincoln,275,Hillary Clinton Joe Biden,0
Abraham Lincoln,275,Hillary Clinton Richard Nixon,0
Abraham Lincoln,275,Hillary Clinton Ronald Reagan,1
Abraham Lincoln,275,Joe Biden Richard Nixon,0
Abraham Lincoln,275,Joe Biden Ronald Reagan,0
Abraham Lincoln,275,Richard Nixon Ronald Reagan,0
Abraham Lincoln,276,Barack Obama Bernie Sanders,0
Abraham Lincoln,276,Barack Obama Donald Trump,0
Abraham Lincoln,276,Barack Obama Elizabeth Warren,0
Abraham Lincoln,276,Barack Obama George W. Bush,0
Abraham Lincoln,276,Barack Obama Joe Biden,0
Abraham Lincoln,276,Barack Obama Richard Nixon,0
Abraham Lincoln,276,Barack Obama Ronald Reagan,0
Abraham Lincoln,276,Bernie Sanders Donald Trump,0
Abraham Lincoln,276,Bernie Sanders Elizabeth Warren,0
Abraham Lincoln,276,Bernie Sanders Hillary Clinton,0
Abraham Lincoln,276,Bernie Sanders Joe Biden,0
Abraham Lincoln,276,Bernie Sanders Richard Nixon,0
Abraham Lincoln,276,Bernie Sanders Ronald Reagan,0
Abraham Lincoln,276,Donald Trump Elizabeth Warren,0
Abraham Lincoln,276,Donald Trump George W. Bush,0
Abraham Lincoln,276,Donald Trump Hillary Clinton,1
Abraham Lincoln,276,Donald Trump Joe Biden,0
Abraham Lincoln,276,Donald Trump Richard Nixon,0
Abraham Lincoln,276,Donald Trump Ronald Reagan,0
Abraham Lincoln,276,Elizabeth Warren George W. Bush,0
Abraham Lincoln,276,Elizabeth Warren Hillary Clinton,0
Abraham Lincoln,276,Elizabeth Warren Joe Biden,0
Abraham Lincoln,276,Elizabeth Warren Richard Nixon,0
Abraham Lincoln,276,Elizabeth Warren Ronald Reagan,0
Abraham Lincoln,276,George W. Bush Hillary Clinton,0
Abraham Lincoln,276,George W. Bush Joe Biden,0
Abraham Lincoln,276,George W. Bush Richard Nixon,0
Abraham Lincoln,276,George W. Bush Ronald Reagan,0
Abraham Lincoln,276,Hillary Clinton Richard Nixon,0
Abraham Lincoln,276,Hillary Clinton Ronald Reagan,0
Abraham Lincoln,276,Joe Biden Ronald Reagan,0
Abraham Lincoln,276,Richard Nixon Ronald Reagan,0
Bernie Sanders,277,Abraham Lincoln Barack Obama,0
Bernie Sanders,277,Abraham Lincoln Donald Trump,0
Bernie Sanders,277,Abraham Lincoln Elizabeth Warren,0
Bernie Sanders,277,Abraham Lincoln George W. Bush,0
Bernie Sanders,277,Abraham Lincoln Hillary Clinton,0
Bernie Sanders,277,Abraham Lincoln Joe Biden,0
Bernie Sanders,277,Abraham Lincoln Richard Nixon,0
Bernie Sanders,277,Abraham Lincoln Ronald Reagan,0
Bernie Sanders,277,Barack Obama Donald Trump,0
Bernie Sanders,277,Barack Obama Elizabeth Warren,0
Bernie Sanders,277,Barack Obama George W. Bush,0
Bernie Sanders,277,Barack Obama Hillary Clinton,0
Bernie Sanders,277,Barack Obama Joe Biden,1
Bernie Sanders,277,Barack Obama Richard Nixon,0
Bernie Sanders,277,Barack Obama Ronald Reagan,0
Bernie Sanders,277,Donald Trump Elizabeth Warren,0
Bernie Sanders,277,Donald Trump George W. Bush,0
Bernie Sanders,277,Donald Trump Hillary Clinton,0
Bernie Sanders,277,Donald Trump Joe Biden,0
Bernie Sanders,277,Donald Trump Richard Nixon,0
Bernie Sanders,277,Donald Trump Ronald Reagan,0
Bernie Sanders,277,Elizabeth Warren Hillary Clinton,0
Bernie Sanders,277,Elizabeth Warren Joe Biden,0
Bernie Sanders,277,Elizabeth Warren Richard Nixon,0
Bernie Sanders,277,Elizabeth Warren Ronald Reagan,0
Bernie Sanders,277,George W. Bush Hillary Clinton,0
Bernie Sanders,277,George W. Bush Joe Biden,0
Bernie Sanders,277,George W. Bush Richard Nixon,0
Bernie Sanders,277,George W. Bush Ronald Reagan,0
Bernie Sanders,277,Hillary Clinton Joe Biden,0
Bernie Sanders,277,Hillary Clinton Richard Nixon,0
Bernie Sanders,277,Hillary Clinton Ronald Reagan,0
Bernie Sanders,277,Joe Biden Richard Nixon,0
Bernie Sanders,277,Joe Biden Ronald Reagan,0
Bernie Sanders,277,Richard Nixon Ronald Reagan,0
George W. Bush,278,Abraham Lincoln Barack Obama,0
George W. Bush,278,Abraham Lincoln Bernie Sanders,0
George W. Bush,278,Abraham Lincoln Donald Trump,0
George W. Bush,278,Abraham Lincoln Elizabeth Warren,0
George W. Bush,278,Abraham Lincoln Hillary Clinton,0
George W. Bush,278,Abraham Lincoln Joe Biden,0
George W. Bush,278,Abraham Lincoln Ronald Reagan,0
George W. Bush,278,Barack Obama Bernie Sanders,0
George W. Bush,278,Barack Obama Donald Trump,0
George W. Bush,278,Barack Obama Elizabeth Warren,0
George W. Bush,278,Barack Obama Hillary Clinton,0
George W. Bush,278,Barack Obama Joe Biden,0
George W. Bush,278,Barack Obama Richard Nixon,0
George W. Bush,278,Barack Obama Ronald Reagan,0
George W. Bush,278,Bernie Sanders Donald Trump,0
George W. Bush,278,Bernie Sanders Elizabeth Warren,0
George W. Bush,278,Bernie Sanders Hillary Clinton,0
George W. Bush,278,Bernie Sanders Joe Biden,1
George W. Bush,278,Bernie Sanders Richard Nixon,0
George W. Bush,278,Bernie Sanders Ronald Reagan,0
George W. Bush,278,Donald Trump Elizabeth Warren,0
George W. Bush,278,Donald Trump Hillary Clinton,0
George W. Bush,278,Donald Trump Joe Biden,0
George W. Bush,278,Donald Trump Richard Nixon,0
George W. Bush,278,Donald Trump Ronald Reagan,0
George W. Bush,278,Elizabeth Warren Hillary Clinton,0
George W. Bush,278,Elizabeth Warren Joe Biden,0
George W. Bush,278,Elizabeth Warren Richard Nixon,0
George W. Bush,278,Elizabeth Warren Ronald Reagan,0
George W. Bush,278,Hillary Clinton Joe Biden,1
George W. Bush,278,Hillary Clinton Richard Nixon,0
George W. Bush,278,Joe Biden Richard Nixon,0
George W. Bush,278,Joe Biden Ronald Reagan,0
George W. Bush,278,Richard Nixon Ronald Reagan,0
Hillary Clinton,279,Abraham Lincoln Bernie Sanders,0
Hillary Clinton,279,Abraham Lincoln Donald Trump,0
Hillary Clinton,279,Abraham Lincoln Elizabeth Warren,0
Hillary Clinton,279,Abraham Lincoln George W. Bush,0
Hillary Clinton,279,Abraham Lincoln Joe Biden,0
Hillary Clinton,279,Abraham Lincoln Richard Nixon,0
Hillary Clinton,279,Abraham Lincoln Ronald Reagan,0
Hillary Clinton,279,Barack Obama Bernie Sanders,0
Hillary Clinton,279,Barack Obama Donald Trump,0
Hillary Clinton,279,Barack Obama George W. Bush,0
Hillary Clinton,279,Barack Obama Joe Biden,0
Hillary Clinton,279,Barack Obama Richard Nixon,0
Hillary Clinton,279,Barack Obama Ronald Reagan,0
Hillary Clinton,279,Bernie Sanders Donald Trump,0
Hillary Clinton,279,Bernie Sanders Elizabeth Warren,0
Hillary Clinton,279,Bernie Sanders George W. Bush,1
Hillary Clinton,279,Bernie Sanders Joe Biden,0
Hillary Clinton,279,Bernie Sanders Richard Nixon,0
Hillary Clinton,279,Bernie Sanders Ronald Reagan,0
Hillary Clinton,279,Donald Trump Elizabeth Warren,0
Hillary Clinton,279,Donald Trump George W. Bush,1
Hillary Clinton,279,Donald Trump Joe Biden,0
Hillary Clinton,279,Donald Trump Richard Nixon,0
Hillary Clinton,279,Donald Trump Ronald Reagan,0
Hillary Clinton,279,Elizabeth Warren George W. Bush,0
Hillary Clinton,279,Elizabeth Warren Joe Biden,0
Hillary Clinton,279,Elizabeth Warren Richard Nixon,0
Hillary Clinton,279,Elizabeth Warren Ronald Reagan,0
Hillary Clinton,279,George W. Bush Joe Biden,0
Hillary Clinton,279,George W. Bush Richard Nixon,0
Hillary Clinton,279,George W. Bush Ronald Reagan,0
Hillary Clinton,279,Joe Biden Richard Nixon,0
Hillary Clinton,279,Joe Biden Ronald Reagan,0
Hillary Clinton,279,Richard Nixon Ronald Reagan,1
George W. Bush,280,Abraham Lincoln Barack Obama,0
George W. Bush,280,Abraham Lincoln Bernie Sanders,0
George W. Bush,280,Abraham Lincoln Donald Trump,0
George W. Bush,280,Abraham Lincoln Elizabeth Warren,0
George W. Bush,280,Abraham Lincoln Hillary Clinton,0
George W. Bush,280,Abraham Lincoln Joe Biden,0
George W. Bush,280,Abraham Lincoln Richard Nixon,0
George W. Bush,280,Abraham Lincoln Ronald Reagan,0
George W. Bush,280,Barack Obama Bernie Sanders,0
George W. Bush,280,Barack Obama Donald Trump,0
George W. Bush,280,Barack Obama Elizabeth Warren,0
George W. Bush,280,Barack Obama Hillary Clinton,0
George W. Bush,280,Barack Obama Joe Biden,0
George W. Bush,280,Barack Obama Richard Nixon,0
George W. Bush,280,Bernie Sanders Donald Trump,0
George W. Bush,280,Bernie Sanders Elizabeth Warren,0
George W. Bush,280,Bernie Sanders Hillary Clinton,0
George W. Bush,280,Bernie Sanders Joe Biden,0
George W. Bush,280,Bernie Sanders Richard Nixon,0
George W. Bush,280,Bernie Sanders Ronald Reagan,0
George W. Bush,280,Donald Trump Elizabeth Warren,0
George W. Bush,280,Donald Trump Hillary Clinton,0
George W. Bush,280,Donald Trump Joe Biden,0
George W. Bush,280,Donald Trump Richard Nixon,0
George W. Bush,280,Donald Trump Ronald Reagan,0
George W. Bush,280,Elizabeth Warren Hillary Clinton,0
George W. Bush,280,Elizabeth Warren Joe Biden,0
George W. Bush,280,Elizabeth Warren Richard Nixon,0
George W. Bush,280,Elizabeth Warren Ronald Reagan,0
George W. Bush,280,Hillary Clinton Joe Biden,0
George W. Bush,280,Hillary Clinton Richard Nixon,0
George W. Bush,280,Hillary Clinton Ronald Reagan,0
George W. Bush,280,Joe Biden Richard Nixon,0
George W. Bush,280,Joe Biden Ronald Reagan,0
George W. Bush,280,Richard Nixon Ronald Reagan,0
George W. Bush,281,Abraham Lincoln Barack Obama,0
George W. Bush,281,Abraham Lincoln Bernie Sanders,0
George W. Bush,281,Abraham Lincoln Donald Trump,0
George W. Bush,281,Abraham Lincoln Elizabeth Warren,0
George W. Bush,281,Abraham Lincoln Hillary Clinton,0
George W. Bush,281,Abraham Lincoln Joe Biden,0
George W. Bush,281,Abraham Lincoln Richard Nixon,0
George W. Bush,281,Abraham Lincoln Ronald Reagan,0
George W. Bush,281,Barack Obama Bernie Sanders,0
George W. Bush,281,Barack Obama Donald Trump,0
George W. Bush,281,Barack Obama Elizabeth Warren,0
George W. Bush,281,Barack Obama Hillary Clinton,0
George W. Bush,281,Barack Obama Joe Biden,0
George W. Bush,281,Barack Obama Richard Nixon,0
George W. Bush,281,Barack Obama Ronald Reagan,0
George W. Bush,281,Bernie Sanders Donald Trump,0
George W. Bush,281,Bernie Sanders Elizabeth Warren,0
George W. Bush,281,Bernie Sanders Hillary Clinton,0
George W. Bush,281,Bernie Sanders Joe Biden,0
George W. Bush,281,Bernie Sanders Ronald Reagan,0
George W. Bush,281,Donald Trump Elizabeth Warren,0
George W. Bush,281,Donald Trump Hillary Clinton,0
George W. Bush,281,Donald Trump Joe Biden,0
George W. Bush,281,Donald Trump Richard Nixon,0
George W. Bush,281,Donald Trump Ronald Reagan,0
George W. Bush,281,Elizabeth Warren Hillary Clinton,0
George W. Bush,281,Elizabeth Warren Joe Biden,0
George W. Bush,281,Elizabeth Warren Richard Nixon,0
George W. Bush,281,Elizabeth Warren Ronald Reagan,0
George W. Bush,281,Hillary Clinton Joe Biden,0
George W. Bush,281,Hillary Clinton Richard Nixon,0
George W. Bush,281,Hillary Clinton Ronald Reagan,1
George W. Bush,281,Joe Biden Richard Nixon,0
George W. Bush,281,Joe Biden Ronald Reagan,0
George W. Bush,281,Richard Nixon Ronald Reagan,1
George W. Bush,282,Abraham Lincoln Barack Obama,0
George W. Bush,282,Abraham Lincoln Bernie Sanders,0
George W. Bush,282,Abraham Lincoln Donald Trump,0
George W. Bush,282,Abraham Lincoln Elizabeth Warren,0
George W. Bush,282,Abraham Lincoln Hillary Clinton,0
George W. Bush,282,Abraham Lincoln Joe Biden,0
George W. Bush,282,Abraham Lincoln Richard Nixon,0
George W. Bush,282,Barack Obama Bernie Sanders,0
George W. Bush,282,Barack Obama Donald Trump,0
George W. Bush,282,Barack Obama Elizabeth Warren,0
George W. Bush,282,Barack Obama Hillary Clinton,0
George W. Bush,282,Barack Obama Joe Biden,0
George W. Bush,282,Barack Obama Richard Nixon,1
George W. Bush,282,Barack Obama Ronald Reagan,0
George W. Bush,282,Bernie Sanders Donald Trump,0
George W. Bush,282,Bernie Sanders Elizabeth Warren,0
George W. Bush,282,Bernie Sanders Hillary Clinton,0
George W. Bush,282,Bernie Sanders Joe Biden,0
George W. Bush,282,Bernie Sanders Richard Nixon,0
George W. Bush,282,Bernie Sanders Ronald Reagan,0
George W. Bush,282,Donald Trump Elizabeth Warren,0
George W. Bush,282,Donald Trump Hillary Clinton,0
George W. Bush,282,Donald Trump Joe Biden,0
George W. Bush,282,Donald Trump Ronald Reagan,1
George W. Bush,282,Elizabeth Warren Hillary Clinton,0
George W. Bush,282,Elizabeth Warren Joe Biden,0
George W. Bush,282,Elizabeth Warren Richard Nixon,0
George W. Bush,282,Elizabeth Warren Ronald Reagan,0
George W. Bush,282,Hillary Clinton Joe Biden,0
George W. Bush,282,Hillary Clinton Richard Nixon,0
George W. Bush,282,Hillary Clinton Ronald Reagan,0
George W. Bush,282,Joe Biden Richard Nixon,0
George W. Bush,282,Joe Biden Ronald Reagan,0
George W. Bush,282,Richard Nixon Ronald Reagan,0
Bernie Sanders,283,Abraham Lincoln Barack Obama,0
Bernie Sanders,283,Abraham Lincoln Donald Trump,0
Bernie Sanders,283,Abraham Lincoln Elizabeth Warren,0
Bernie Sanders,283,Abraham Lincoln George W. Bush,0
Bernie Sanders,283,Abraham Lincoln Hillary Clinton,0
Bernie Sanders,283,Abraham Lincoln Joe Biden,0
Bernie Sanders,283,Abraham Lincoln Richard Nixon,0
Bernie Sanders,283,Abraham Lincoln Ronald Reagan,0
Bernie Sanders,283,Barack Obama Donald Trump,0
Bernie Sanders,283,Barack Obama Elizabeth Warren,0
Bernie Sanders,283,Barack Obama George W. Bush,0
Bernie Sanders,283,Barack Obama Hillary Clinton,0
Bernie Sanders,283,Barack Obama Joe Biden,0
Bernie Sanders,283,Barack Obama Richard Nixon,0
Bernie Sanders,283,Barack Obama Ronald Reagan,0
Bernie Sanders,283,Donald Trump Elizabeth Warren,0
Bernie Sanders,283,Donald Trump George W. Bush,0
Bernie Sanders,283,Donald Trump Hillary Clinton,0
Bernie Sanders,283,Donald Trump Richard Nixon,0
Bernie Sanders,283,Donald Trump Ronald Reagan,0
Bernie Sanders,283,Elizabeth Warren George W. Bush,0
Bernie Sanders,283,Elizabeth Warren Hillary Clinton,0
Bernie Sanders,283,Elizabeth Warren Joe Biden,0
Bernie Sanders,283,Elizabeth Warren Richard Nixon,0
Bernie Sanders,283,Elizabeth Warren Ronald Reagan,0
Bernie Sanders,283,George W. Bush Hillary Clinton,0
Bernie Sanders,283,George W. Bush Joe Biden,0
Bernie Sanders,283,George W. Bush Richard Nixon,1
Bernie Sanders,283,George W. Bush Ronald Reagan,0
Bernie Sanders,283,Hillary Clinton Joe Biden,0
Bernie Sanders,283,Hillary Clinton Richard Nixon,0
Bernie Sanders,283,Hillary Clinton Ronald Reagan,0
Bernie Sanders,283,Joe Biden Richard Nixon,0
Bernie Sanders,283,Joe Biden Ronald Reagan,0
Bernie Sanders,283,Richard Nixon Ronald Reagan,0
George W. Bush,284,Abraham Lincoln Barack Obama,0
George W. Bush,284,Abraham Lincoln Bernie Sanders,0
George W. Bush,284,Abraham Lincoln Donald Trump,0
George W. Bush,284,Abraham Lincoln Elizabeth Warren,0
George W. Bush,284,Abraham Lincoln Hillary Clinton,0
George W. Bush,284,Abraham Lincoln Joe Biden,0
George W. Bush,284,Abraham Lincoln Richard Nixon,0
George W. Bush,284,Abraham Lincoln Ronald Reagan,0
George W. Bush,284,Barack Obama Bernie Sanders,0
George W. Bush,284,Barack Obama Donald Trump,0
George W. Bush,284,Barack Obama Elizabeth Warren,0
George W. Bush,284,Barack Obama Hillary Clinton,1
George W. Bush,284,Barack Obama Joe Biden,0
George W. Bush,284,Barack Obama Ronald Reagan,0
George W. Bush,284,Bernie Sanders Donald Trump,0
George W. Bush,284,Bernie Sanders Elizabeth Warren,0
George W. Bush,284,Bernie Sanders Hillary Clinton,0
George W. Bush,284,Bernie Sanders Joe Biden,0
George W. Bush,284,Bernie Sanders Richard Nixon,0
George W. Bush,284,Bernie Sanders Ronald Reagan,0
George W. Bush,284,Donald Trump Elizabeth Warren,0
George W. Bush,284,Donald Trump Hillary Clinton,1
George W. Bush,284,Donald Trump Joe Biden,0
George W. Bush,284,Donald Trump Richard Nixon,0
George W. Bush,284,Donald Trump Ronald Reagan,0
George W. Bush,284,Elizabeth Warren Hillary Clinton,0
George W. Bush,284,Elizabeth Warren Joe Biden,0
George W. Bush,284,Elizabeth Warren Richard Nixon,0
George W. Bush,284,Elizabeth Warren Ronald Reagan,0
George W. Bush,284,Hillary Clinton Joe Biden,0
George W. Bush,284,Hillary Clinton Richard Nixon,0
George W. Bush,284,Hillary Clinton Ronald Reagan,0
George W. Bush,284,Joe Biden Richard Nixon,0
George W. Bush,284,Joe Biden Ronald Reagan,0
Joe Biden,285,Abraham Lincoln Bernie Sanders,0
Joe Biden,285,Abraham Lincoln Donald Trump,0
Joe Biden,285,Abraham Lincoln Elizabeth Warren,0
Joe Biden,285,Abraham Lincoln George W. Bush,0
Joe Biden,285,Abraham Lincoln Hillary Clinton,0
Joe Biden,285,Abraham Lincoln Richard Nixon,1
Joe Biden,285,Abraham Lincoln Ronald Reagan,0
Joe Biden,285,Barack Obama Bernie Sanders,0
Joe Biden,285,Barack Obama Donald Trump,0
Joe Biden,285,Barack Obama Elizabeth Warren,0
Joe Biden,285,Barack Obama George W. Bush,0
Joe Biden,285,Barack Obama Hillary Clinton,0
Joe Biden,285,Barack Obama Richard Nixon,0
Joe Biden,285,Barack Obama Ronald Reagan,0
Joe Biden,285,Bernie Sanders Donald Trump,0
Joe Biden,285,Bernie Sanders Elizabeth Warren,0
Joe Biden,285,Bernie Sanders George W. Bush,0
Joe Biden,285,Bernie Sanders Hillary Clinton,1
Joe Biden,285,Bernie Sanders Richard Nixon,0
Joe Biden,285,Bernie Sanders Ronald Reagan,0
Joe Biden,285,Donald Trump Elizabeth Warren,0
Joe Biden,285,Donald Trump Hillary Clinton,0
Joe Biden,285,Donald Trump Richard Nixon,0
Joe Biden,285,Donald Trump Ronald Reagan,1
Joe Biden,285,Elizabeth Warren George W. Bush,0
Joe Biden,285,Elizabeth Warren Hillary Clinton,0
Joe Biden,285,Elizabeth Warren Richard Nixon,0
Joe Biden,285,Elizabeth Warren Ronald Reagan,0
Joe Biden,285,George W. Bush Hillary Clinton,0
Joe Biden,285,George W. Bush Richard Nixon,0
Joe Biden,285,Hillary Clinton Richard Nixon,0
Joe Biden,285,Hillary Clinton Ronald Reagan,0
Joe Biden,285,Richard Nixon Ronald Reagan,0
Barack Obama,286,Abraham Lincoln Bernie Sanders,0
Barack Obama,286,Abraham Lincoln Donald Trump,0
Barack Obama,286,Abraham Lincoln Elizabeth Warren,0
Barack Obama,286,Abraham Lincoln Hillary Clinton,0
Barack Obama,286,Abraham Lincoln Joe Biden,1
Barack Obama,286,Abraham Lincoln Richard Nixon,0
Barack Obama,286,Abraham Lincoln Ronald Reagan,0
Barack Obama,286,Bernie Sanders Donald Trump,0
Barack Obama,286,Bernie Sanders Elizabeth Warren,0
Barack Obama,286,Bernie Sanders George W. Bush,0
Barack Obama,286,Bernie Sanders Hillary Clinton,0
Barack Obama,286,Bernie Sanders Joe Biden,0
Barack Obama,286,Bernie Sanders Richard Nixon,0
Barack Obama,286,Bernie Sanders Ronald Reagan,0
Barack Obama,286,Donald Trump Elizabeth Warren,0
Barack Obama,286,Donald Trump George W. Bush,0
Barack Obama,286,Donald Trump Hillary Clinton,0
Barack Obama,286,Donald Trump Joe Biden,1
Barack Obama,286,Donald Trump Ronald Reagan,0
Barack Obama,286,Elizabeth Warren George W. Bush,0
Barack Obama,286,Elizabeth Warren Hillary Clinton,0
Barack Obama,286,Elizabeth Warren Joe Biden,0
Barack Obama,286,Elizabeth Warren Richard Nixon,0
Barack Obama,286,Elizabeth Warren Ronald Reagan,0
Barack Obama,286,George W. Bush Hillary Clinton,0
Barack Obama,286,George W. Bush Joe Biden,0
Barack Obama,286,George W. Bush Richard Nixon,0
Barack Obama,286,George W. Bush Ronald Reagan,0
Barack Obama,286,Hillary Clinton Joe Biden,0
Barack Obama,286,Hillary Clinton Richard Nixon,0
Barack Obama,286,Hillary Clinton Ronald Reagan,0
Barack Obama,286,Joe Biden Richard Nixon,0
Barack Obama,286,Joe Biden Ronald Reagan,1
Barack Obama,286,Richard Nixon Ronald Reagan,0
Elizabeth Warren,287,Abraham Lincoln Barack Obama,0
Elizabeth Warren,287,Abraham Lincoln Bernie Sanders,1
Elizabeth Warren,287,Abraham Lincoln Donald Trump,0
Elizabeth Warren,287,Abraham Lincoln George W. Bush,0
Elizabeth Warren,287,Abraham Lincoln Hillary Clinton,0
Elizabeth Warren,287,Abraham Lincoln Joe Biden,0
Elizabeth Warren,287,Abraham Lincoln Richard Nixon,1
Elizabeth Warren,287,Abraham Lincoln Ronald Reagan,0
Elizabeth Warren,287,Barack Obama Bernie Sanders,0
Elizabeth Warren,287,Barack Obama Donald Trump,0
Elizabeth Warren,287,Barack Obama George W. Bush,0
Elizabeth Warren,287,Barack Obama Hillary Clinton,0
Elizabeth Warren,287,Barack Obama Joe Biden,0
Elizabeth Warren,287,Barack Obama Richard Nixon,0
Elizabeth Warren,287,Barack Obama Ronald Reagan,0
Elizabeth Warren,287,Bernie Sanders George W. Bush,0
Elizabeth Warren,287,Bernie Sanders Hillary Clinton,0
Elizabeth Warren,287,Bernie Sanders Joe Biden,0
Elizabeth Warren,287,Bernie Sanders Richard Nixon,0
Elizabeth Warren,287,Bernie Sanders Ronald Reagan,0
Elizabeth Warren,287,Donald Trump George W. Bush,0
Elizabeth Warren,287,Donald Trump Hillary Clinton,0
Elizabeth Warren,287,Donald Trump Joe Biden,0
Elizabeth Warren,287,Donald Trump Richard Nixon,0
Elizabeth Warren,287,Donald Trump Ronald Reagan,0
Elizabeth Warren,287,George W. Bush Hillary Clinton,0
Elizabeth Warren,287,George W. Bush Joe Biden,0
Elizabeth Warren,287,George W. Bush Richard Nixon,0
Elizabeth Warren,287,George W. Bush Ronald Reagan,0
Elizabeth Warren,287,Hillary Clinton Richard Nixon,0
Elizabeth Warren,287,Hillary Clinton Ronald Reagan,0
Elizabeth Warren,287,Joe Biden Richard Nixon,0
Elizabeth Warren,287,Richard Nixon Ronald Reagan,0
Abraham Lincoln,288,Barack Obama Bernie Sanders,0
Abraham Lincoln,288,Barack Obama George W. Bush,0
Abraham Lincoln,288,Barack Obama Hillary Clinton,0
Abraham Lincoln,288,Barack Obama Joe Biden,0
Abraham Lincoln,288,Barack Obama Richard Nixon,0
Abraham Lincoln,288,Barack Obama Ronald Reagan,0
Abraham Lincoln,288,Bernie Sanders Donald Trump,0
Abraham Lincoln,288,Bernie Sanders Elizabeth Warren,0
Abraham Lincoln,288,Bernie Sanders George W. Bush,0
Abraham Lincoln,288,Bernie Sanders Hillary Clinton,0
Abraham Lincoln,288,Bernie Sanders Joe Biden,0
Abraham Lincoln,288,Bernie Sanders Richard Nixon,0
Abraham Lincoln,288,Donald Trump George W. Bush,0
Abraham Lincoln,288,Donald Trump Hillary Clinton,0
Abraham Lincoln,288,Donald Trump Joe Biden,0
Abraham Lincoln,288,Donald Trump Ronald Reagan,0
Abraham Lincoln,288,Elizabeth Warren George W. Bush,0
Abraham Lincoln,288,Elizabeth Warren Hillary Clinton,0
Abraham Lincoln,288,Elizabeth Warren Joe Biden,0
Abraham Lincoln,288,Elizabeth Warren Richard Nixon,0
Abraham Lincoln,288,Elizabeth Warren Ronald Reagan,0
Abraham Lincoln,288,George W. Bush Hillary Clinton,0
Abraham Lincoln,288,George W. Bush Joe Biden,0
Abraham Lincoln,288,George W. Bush Richard Nixon,0
Abraham Lincoln,288,George W. Bush Ronald Reagan,0
Abraham Lincoln,288,Hillary Clinton Richard Nixon,0
Abraham Lincoln,288,Joe Biden Richard Nixon,0
Abraham Lincoln,288,Joe Biden Ronald Reagan,0
Abraham Lincoln,288,Richard Nixon Ronald Reagan,0
Abraham Lincoln,289,Barack Obama Bernie Sanders,0
Abraham Lincoln,289,Barack Obama Donald Trump,0
Abraham Lincoln,289,Barack Obama Elizabeth Warren,0
Abraham Lincoln,289,Barack Obama George W. Bush,0
Abraham Lincoln,289,Barack Obama Joe Biden,0
Abraham Lincoln,289,Barack Obama Richard Nixon,0
Abraham Lincoln,289,Bernie Sanders Donald Trump,0
Abraham Lincoln,289,Bernie Sanders Elizabeth Warren,0
Abraham Lincoln,289,Bernie Sanders George W. Bush,0
Abraham Lincoln,289,Bernie Sanders Hillary Clinton,0
Abraham Lincoln,289,Bernie Sanders Joe Biden,0
Abraham Lincoln,289,Bernie Sanders Richard Nixon,0
Abraham Lincoln,289,Bernie Sanders Ronald Reagan,0
Abraham Lincoln,289,Donald Trump Elizabeth Warren,0
Abraham Lincoln,289,Donald Trump George W. Bush,0
Abraham Lincoln,289,Donald Trump Hillary Clinton,0
Abraham Lincoln,289,Donald Trump Joe Biden,0
Abraham Lincoln,289,Donald Trump Richard Nixon,0
Abraham Lincoln,289,Donald Trump Ronald Reagan,0
Abraham Lincoln,289,Elizabeth Warren George W. Bush,0
Abraham Lincoln,289,Elizabeth Warren Hillary Clinton,0
Abraham Lincoln,289,Elizabeth Warren Joe Biden,0
Abraham Lincoln,289,Elizabeth Warren Richard Nixon,0
Abraham Lincoln,289,Elizabeth Warren Ronald Reagan,0
Abraham Lincoln,289,George W. Bush Hillary Clinton,0
Abraham Lincoln,289,George W. Bush Joe Biden,0
Abraham Lincoln,289,George W. Bush Richard Nixon,0
Abraham Lincoln,289,George W. Bush Ronald Reagan,0
Abraham Lincoln,289,Hillary Clinton Joe Biden,0
Abraham Lincoln,289,Hillary Clinton Ronald Reagan,0
Abraham Lincoln,289,Joe Biden Richard Nixon,0
Abraham Lincoln,289,Joe Biden Ronald Reagan,0
Abraham Lincoln,289,Richard Nixon Ronald Reagan,0
Elizabeth Warren,290,Abraham Lincoln Barack Obama,0
Elizabeth Warren,290,Abraham Lincoln Bernie Sanders,0
Elizabeth Warren,290,Abraham Lincoln Donald Trump,0
Elizabeth Warren,290,Abraham Lincoln George W. Bush,0
Elizabeth Warren,290,Abraham Lincoln Hillary Clinton,0
Elizabeth Warren,290,Abraham Lincoln Joe Biden,0
Elizabeth Warren,290,Abraham Lincoln Richard Nixon,0
Elizabeth Warren,290,Abraham Lincoln Ronald Reagan,0
Elizabeth Warren,290,Barack Obama Bernie Sanders,0
Elizabeth Warren,290,Barack Obama Donald Trump,0
Elizabeth Warren,290,Barack Obama George W. Bush,0
Elizabeth Warren,290,Barack Obama Hillary Clinton,0
Elizabeth Warren,290,Barack Obama Joe Biden,0
Elizabeth Warren,290,Barack Obama Richard Nixon,0
Elizabeth Warren,290,Barack Obama Ronald Reagan,0
Elizabeth Warren,290,Bernie Sanders Donald Trump,0
Elizabeth Warren,290,Bernie Sanders George W. Bush,0
Elizabeth Warren,290,Bernie Sanders Hillary Clinton,0
Elizabeth Warren,290,Bernie Sanders Joe Biden,0
Elizabeth Warren,290,Bernie Sanders Richard Nixon,0
Elizabeth Warren,290,Bernie Sanders Ronald Reagan,0
Elizabeth Warren,290,Donald Trump George W. Bush,0
Elizabeth Warren,290,Donald Trump Hillary Clinton,0
Elizabeth Warren,290,Donald Trump Joe Biden,0
Elizabeth Warren,290,Donald Trump Richard Nixon,0
Elizabeth Warren,290,Donald Trump Ronald Reagan,0
Elizabeth Warren,290,George W. Bush Hillary Clinton,0
Elizabeth Warren,290,George W. Bush Joe Biden,0
Elizabeth Warren,290,George W. Bush Richard Nixon,0
Elizabeth Warren,290,George W. Bush Ronald Reagan,0
Elizabeth Warren,290,Hillary Clinton Joe Biden,0
Elizabeth Warren,290,Hillary Clinton Richard Nixon,0
Elizabeth Warren,290,Hillary Clinton Ronald Reagan,1
Elizabeth Warren,290,Joe Biden Richard Nixon,1
Elizabeth Warren,290,Joe Biden Ronald Reagan,0
Elizabeth Warren,290,Richard Nixon Ronald Reagan,0
Bernie Sanders,291,Abraham Lincoln Donald Trump,0
Bernie Sanders,291,Abraham Lincoln Elizabeth Warren,0
Bernie Sanders,291,Abraham Lincoln George W. Bush,0
Bernie Sanders,291,Abraham Lincoln Hillary Clinton,0
Bernie Sanders,291,Abraham Lincoln Joe Biden,0
Bernie Sanders,291,Abraham Lincoln Richard Nixon,0
Bernie Sanders,291,Abraham Lincoln Ronald Reagan,0
Bernie Sanders,291,Barack Obama Donald Trump,0
Bernie Sanders,291,Barack Obama Elizabeth Warren,0
Bernie Sanders,291,Barack Obama George W. Bush,0
Bernie Sanders,291,Barack Obama Hillary Clinton,0
Bernie Sanders,291,Barack Obama Joe Biden,0
Bernie Sanders,291,Barack Obama Richard Nixon,0
Bernie Sanders,291,Barack Obama Ronald Reagan,0
Bernie Sanders,291,Donald Trump Elizabeth Warren,0
Bernie Sanders,291,Donald Trump George W. Bush,0
Bernie Sanders,291,Donald Trump Hillary Clinton,0
Bernie Sanders,291,Donald Trump Joe Biden,0
Bernie Sanders,291,Donald Trump Richard Nixon,0
Bernie Sanders,291,Donald Trump Ronald Reagan,0
Bernie Sanders,291,Elizabeth Warren George W. Bush,0
Bernie Sanders,291,Elizabeth Warren Hillary Clinton,0
Bernie Sanders,291,Elizabeth Warren Joe Biden,0
Bernie Sanders,291,Elizabeth Warren Richard Nixon,0
Bernie Sanders,291,Elizabeth Warren Ronald Reagan,0
Bernie Sanders,291,George W. Bush Hillary Clinton,0
Bernie Sanders,291,George W. Bush Joe Biden,0
Bernie Sanders,291,George W. Bush Richard Nixon,0
Bernie Sanders,291,George W. Bush Ronald Reagan,1
Bernie Sanders,291,Hillary Clinton Joe Biden,0
Bernie Sanders,291,Hillary Clinton Richard Nixon,0
Bernie Sanders,291,Hillary Clinton Ronald Reagan,0
Bernie Sanders,291,Joe Biden Richard Nixon,0
Bernie Sanders,291,Joe Biden Ronald Reagan,0
Bernie Sanders,291,Richard Nixon Ronald Reagan,0
Donald Trump,292,Abraham Lincoln Barack Obama,0
Donald Trump,292,Abraham Lincoln Bernie Sanders,0
Donald Trump,292,Abraham Lincoln Elizabeth Warren,0
Donald Trump,292,Abraham Lincoln George W. Bush,0
Donald Trump,292,Abraham Lincoln Hillary Clinton,0
Donald Trump,292,Abraham Lincoln Joe Biden,0
Donald Trump,292,Abraham Lincoln Richard Nixon,0
Donald Trump,292,Abraham Lincoln Ronald Reagan,0
Donald Trump,292,Barack Obama Bernie Sanders,0
Donald Trump,292,Barack Obama Elizabeth Warren,0
Donald Trump,292,Barack Obama George W. Bush,0
Donald Trump,292,Barack Obama Hillary Clinton,0
Donald Trump,292,Barack Obama Joe Biden,0
Donald Trump,292,Barack Obama Richard Nixon,0
Donald Trump,292,Barack Obama Ronald Reagan,0
Donald Trump,292,Bernie Sanders Elizabeth Warren,0
Donald Trump,292,Bernie Sanders George W. Bush,0
Donald Trump,292,Bernie Sanders Hillary Clinton,0
Donald Trump,292,Bernie Sanders Joe Biden,0
Donald Trump,292,Bernie Sanders Richard Nixon,0
Donald Trump,292,Bernie Sanders Ronald Reagan,0
Donald Trump,292,Elizabeth Warren George W. Bush,0
Donald Trump,292,Elizabeth Warren Hillary Clinton,0
Donald Trump,292,Elizabeth Warren Joe Biden,0
Donald Trump,292,Elizabeth Warren Richard Nixon,0
Donald Trump,292,Elizabeth Warren Ronald Reagan,0
Donald Trump,292,George W. Bush Hillary Clinton,0
Donald Trump,292,George W. Bush Richard Nixon,0
Donald Trump,292,George W. Bush Ronald Reagan,1
Donald Trump,292,Hillary Clinton Joe Biden,0
Donald Trump,292,Hillary Clinton Richard Nixon,0
Donald Trump,292,Joe Biden Richard Nixon,1
Donald Trump,292,Joe Biden Ronald Reagan,0
Bernie Sanders,293,Abraham Lincoln Barack Obama,0
Bernie Sanders,293,Abraham Lincoln Donald Trump,0
Bernie Sanders,293,Abraham Lincoln Elizabeth Warren,0
Bernie Sanders,293,Abraham Lincoln George W. Bush,0
Bernie Sanders,293,Abraham Lincoln Hillary Clinton,0
Bernie Sanders,293,Abraham Lincoln Joe Biden,0
Bernie Sanders,293,Abraham Lincoln Richard Nixon,0
Bernie Sanders,293,Abraham Lincoln Ronald Reagan,0
Bernie Sanders,293,Barack Obama Donald Trump,0
Bernie Sanders,293,Barack Obama Elizabeth Warren,0
Bernie Sanders,293,Barack Obama George W. Bush,0
Bernie Sanders,293,Barack Obama Hillary Clinton,0
Bernie Sanders,293,Barack Obama Joe Biden,0
Bernie Sanders,293,Barack Obama Richard Nixon,0
Bernie Sanders,293,Barack Obama Ronald Reagan,0
Bernie Sanders,293,Donald Trump Elizabeth Warren,0
Bernie Sanders,293,Donald Trump George W. Bush,0
Bernie Sanders,293,Donald Trump Hillary Clinton,0
Bernie Sanders,293,Donald Trump Joe Biden,0
Bernie Sanders,293,Donald Trump Richard Nixon,0
Bernie Sanders,293,Donald Trump Ronald Reagan,0
Bernie Sanders,293,Elizabeth Warren George W. Bush,0
Bernie Sanders,293,Elizabeth Warren Hillary Clinton,0
Bernie Sanders,293,Elizabeth Warren Joe Biden,0
Bernie Sanders,293,Elizabeth Warren Richard Nixon,0
Bernie Sanders,293,Elizabeth Warren Ronald Reagan,0
Bernie Sanders,293,George W. Bush Hillary Clinton,0
Bernie Sanders,293,George W. Bush Joe Biden,0
Bernie Sanders,293,George W. Bush Richard Nixon,0
Bernie Sanders,293,George W. Bush Ronald Reagan,0
Bernie Sanders,293,Hillary Clinton Joe Biden,0
Bernie Sanders,293,Hillary Clinton Richard Nixon,0
Bernie Sanders,293,Hillary Clinton Ronald Reagan,0
Bernie Sanders,293,Joe Biden Richard Nixon,1
Bernie Sanders,293,Joe Biden Ronald Reagan,0
Bernie Sanders,293,Richard Nixon Ronald Reagan,0
Abraham Lincoln,294,Barack Obama Bernie Sanders,0
Abraham Lincoln,294,Barack Obama Donald Trump,0
Abraham Lincoln,294,Barack Obama Elizabeth Warren,0
Abraham Lincoln,294,Barack Obama Hillary Clinton,0
Abraham Lincoln,294,Barack Obama Richard Nixon,0
Abraham Lincoln,294,Barack Obama Ronald Reagan,0
Abraham Lincoln,294,Bernie Sanders Donald Trump,0
Abraham Lincoln,294,Bernie Sanders Elizabeth Warren,0
Abraham Lincoln,294,Bernie Sanders George W. Bush,0
Abraham Lincoln,294,Bernie Sanders Hillary Clinton,0
Abraham Lincoln,294,Bernie Sanders Joe Biden,0
Abraham Lincoln,294,Bernie Sanders Richard Nixon,0
Abraham Lincoln,294,Donald Trump Elizabeth Warren,0
Abraham Lincoln,294,Donald Trump Hillary Clinton,0
Abraham Lincoln,294,Donald Trump Joe Biden,0
Abraham Lincoln,294,Donald Trump Ronald Reagan,0
Abraham Lincoln,294,Elizabeth Warren George W. Bush,0
Abraham Lincoln,294,Elizabeth Warren Hillary Clinton,0
Abraham Lincoln,294,Elizabeth Warren Joe Biden,0
Abraham Lincoln,294,Elizabeth Warren Richard Nixon,0
Abraham Lincoln,294,Elizabeth Warren Ronald Reagan,0
Abraham Lincoln,294,George W. Bush Hillary Clinton,0
Abraham Lincoln,294,George W. Bush Joe Biden,0
Abraham Lincoln,294,George W. Bush Richard Nixon,0
Abraham Lincoln,294,George W. Bush Ronald Reagan,0
Abraham Lincoln,294,Hillary Clinton Joe Biden,0
Abraham Lincoln,294,Hillary Clinton Richard Nixon,0
Abraham Lincoln,294,Hillary Clinton Ronald Reagan,0
Abraham Lincoln,294,Joe Biden Richard Nixon,0
Abraham Lincoln,294,Joe Biden Ronald Reagan,0
Abraham Lincoln,294,Richard Nixon Ronald Reagan,0
Abraham Lincoln,295,Barack Obama Bernie Sanders,0
Abraham Lincoln,295,Barack Obama Elizabeth Warren,0
Abraham Lincoln,295,Barack Obama George W. Bush,0
Abraham Lincoln,295,Barack Obama Joe Biden,0
Abraham Lincoln,295,Barack Obama Richard Nixon,0
Abraham Lincoln,295,Barack Obama Ronald Reagan,0
Abraham Lincoln,295,Bernie Sanders Donald Trump,0
Abraham Lincoln,295,Bernie Sanders Elizabeth Warren,0
Abraham Lincoln,295,Bernie Sanders George W. Bush,0
Abraham Lincoln,295,Bernie Sanders Hillary Clinton,0
Abraham Lincoln,295,Bernie Sanders Joe Biden,0
Abraham Lincoln,295,Bernie Sanders Richard Nixon,0
Abraham Lincoln,295,Bernie Sanders Ronald Reagan,0
Abraham Lincoln,295,Donald Trump Elizabeth Warren,0
Abraham Lincoln,295,Donald Trump Hillary Clinton,0
Abraham Lincoln,295,Donald Trump Joe Biden,1
Abraham Lincoln,295,Donald Trump Ronald Reagan,0
Abraham Lincoln,295,Elizabeth Warren George W. Bush,1
Abraham Lincoln,295,Elizabeth Warren Hillary Clinton,0
Abraham Lincoln,295,Elizabeth Warren Joe Biden,0
Abraham Lincoln,295,Elizabeth Warren Richard Nixon,0
Abraham Lincoln,295,Elizabeth Warren Ronald Reagan,0
Abraham Lincoln,295,George W. Bush Hillary Clinton,0
Abraham Lincoln,295,George W. Bush Joe Biden,0
Abraham Lincoln,295,George W. Bush Ronald Reagan,0
Abraham Lincoln,295,Hillary Clinton Joe Biden,0
Abraham Lincoln,295,Hillary Clinton Richard Nixon,0
Abraham Lincoln,295,Hillary Clinton Ronald Reagan,0
Abraham Lincoln,295,Joe Biden Richard Nixon,0
Abraham Lincoln,295,Joe Biden Ronald Reagan,1
Abraham Lincoln,295,Richard Nixon Ronald Reagan,0
Elizabeth Warren,296,Abraham Lincoln Barack Obama,0
Elizabeth Warren,296,Abraham Lincoln Bernie Sanders,0
Elizabeth Warren,296,Abraham Lincoln Donald Trump,0
Elizabeth Warren,296,Abraham Lincoln George W. Bush,0
Elizabeth Warren,296,Abraham Lincoln Hillary Clinton,0
Elizabeth Warren,296,Abraham Lincoln Joe Biden,0
Elizabeth Warren,296,Abraham Lincoln Richard Nixon,0
Elizabeth Warren,296,Abraham Lincoln Ronald Reagan,0
Elizabeth Warren,296,Barack Obama Bernie Sanders,0
Elizabeth Warren,296,Barack Obama Donald Trump,0
Elizabeth Warren,296,Barack Obama George W. Bush,0
Elizabeth Warren,296,Barack Obama Hillary Clinton,0
Elizabeth Warren,296,Barack Obama Joe Biden,0
Elizabeth Warren,296,Barack Obama Richard Nixon,0
Elizabeth Warren,296,Barack Obama Ronald Reagan,0
Elizabeth Warren,296,Bernie Sanders Donald Trump,0
Elizabeth Warren,296,Bernie Sanders George W. Bush,0
Elizabeth Warren,296,Bernie Sanders Hillary Clinton,0
Elizabeth Warren,296,Bernie Sanders Joe Biden,0
Elizabeth Warren,296,Bernie Sanders Richard Nixon,0
Elizabeth Warren,296,Bernie Sanders Ronald Reagan,0
Elizabeth Warren,296,Donald Trump George W. Bush,0
Elizabeth Warren,296,Donald Trump Hillary Clinton,0
Elizabeth Warren,296,Donald Trump Joe Biden,0
Elizabeth Warren,296,Donald Trump Richard Nixon,0
Elizabeth Warren,296,Donald Trump Ronald Reagan,0
Elizabeth Warren,296,George W. Bush Hillary Clinton,0
Elizabeth Warren,296,George W. Bush Richard Nixon,1
Elizabeth Warren,296,George W. Bush Ronald Reagan,0
Elizabeth Warren,296,Hillary Clinton Joe Biden,0
Elizabeth Warren,296,Hillary Clinton Richard Nixon,0
Elizabeth Warren,296,Hillary Clinton Ronald Reagan,0
Elizabeth Warren,296,Joe Biden Richard Nixon,0
Elizabeth Warren,296,Joe Biden Ronald Reagan,0
Elizabeth Warren,296,Richard Nixon Ronald Reagan,1
George W. Bush,297,Abraham Lincoln Barack Obama,0
George W. Bush,297,Abraham Lincoln Bernie Sanders,0
George W. Bush,297,Abraham Lincoln Donald Trump,0
George W. Bush,297,Abraham Lincoln Elizabeth Warren,0
George W. Bush,297,Abraham Lincoln Hillary Clinton,0
George W. Bush,297,Abraham Lincoln Joe Biden,0
George W. Bush,297,Abraham Lincoln Richard Nixon,1
George W. Bush,297,Abraham Lincoln Ronald Reagan,0
George W. Bush,297,Barack Obama Bernie Sanders,0
George W. Bush,297,Barack Obama Donald Trump,0
George W. Bush,297,Barack Obama Elizabeth Warren,0
George W. Bush,297,Barack Obama Hillary Clinton,0
George W. Bush,297,Barack Obama Joe Biden,0
George W. Bush,297,Barack Obama Richard Nixon,0
George W. Bush,297,Barack Obama Ronald Reagan,0
George W. Bush,297,Bernie Sanders Donald Trump,0
George W. Bush,297,Bernie Sanders Elizabeth Warren,0
George W. Bush,297,Bernie Sanders Hillary Clinton,0
George W. Bush,297,Bernie Sanders Joe Biden,0
George W. Bush,297,Bernie Sanders Richard Nixon,0
George W. Bush,297,Bernie Sanders Ronald Reagan,0
George W. Bush,297,Donald Trump Elizabeth Warren,0
George W. Bush,297,Donald Trump Joe Biden,0
George W. Bush,297,Donald Trump Richard Nixon,0
George W. Bush,297,Donald Trump Ronald Reagan,0
George W. Bush,297,Elizabeth Warren Hillary Clinton,1
George W. Bush,297,Elizabeth Warren Joe Biden,0
George W. Bush,297,Elizabeth Warren Richard Nixon,0
George W. Bush,297,Elizabeth Warren Ronald Reagan,0
George W. Bush,297,Hillary Clinton Joe Biden,0
George W. Bush,297,Hillary Clinton Richard Nixon,0
George W. Bush,297,Hillary Clinton Ronald Reagan,0
George W. Bush,297,Joe Biden Richard Nixon,0
George W. Bush,297,Joe Biden Ronald Reagan,0
George W. Bush,297,Richard Nixon Ronald Reagan,0
Bernie Sanders,298,Abraham Lincoln Barack Obama,0
Bernie Sanders,298,Abraham Lincoln Donald Trump,0
Bernie Sanders,298,Abraham Lincoln Elizabeth Warren,0
Bernie Sanders,298,Abraham Lincoln George W. Bush,0
Bernie Sanders,298,Abraham Lincoln Hillary Clinton,0
Bernie Sanders,298,Abraham Lincoln Joe Biden,0
Bernie Sanders,298,Abraham Lincoln Richard Nixon,1
Bernie Sanders,298,Barack Obama Donald Trump,0
Bernie Sanders,298,Barack Obama Elizabeth Warren,0
Bernie Sanders,298,Barack Obama George W. Bush,0
Bernie Sanders,298,Barack Obama Hillary Clinton,0
Bernie Sanders,298,Barack Obama Joe Biden,0
Bernie Sanders,298,Barack Obama Richard Nixon,0
Bernie Sanders,298,Barack Obama Ronald Reagan,0
Bernie Sanders,298,Donald Trump Elizabeth Warren,0
Bernie Sanders,298,Donald Trump George W. Bush,0
Bernie Sanders,298,Donald Trump Hillary Clinton,0
Bernie Sanders,298,Donald Trump Joe Biden,1
Bernie Sanders,298,Donald Trump Richard Nixon,0
Bernie Sanders,298,Donald Trump Ronald Reagan,0
Bernie Sanders,298,Elizabeth Warren George W. Bush,0
Bernie Sanders,298,Elizabeth Warren Hillary Clinton,0
Bernie Sanders,298,Elizabeth Warren Joe Biden,0
Bernie Sanders,298,Elizabeth Warren Richard Nixon,0
Bernie Sanders,298,George W. Bush Hillary Clinton,0
Bernie Sanders,298,George W. Bush Joe Biden,0
Bernie Sanders,298,George W. Bush Richard Nixon,0
Bernie Sanders,298,George W. Bush Ronald Reagan,0
Bernie Sanders,298,Hillary Clinton Richard Nixon,1
Bernie Sanders,298,Hillary Clinton Ronald Reagan,0
Bernie Sanders,298,Joe Biden Richard Nixon,0
Bernie Sanders,298,Joe Biden Ronald Reagan,0
Bernie Sanders,298,Richard Nixon Ronald Reagan,0
Richard Nixon,299,Abraham Lincoln Barack Obama,0
Richard Nixon,299,Abraham Lincoln Bernie Sanders,0
Richard Nixon,299,Abraham Lincoln Donald Trump,0
Richard Nixon,299,Abraham Lincoln Elizabeth Warren,0
Richard Nixon,299,Abraham Lincoln George W. Bush,0
Richard Nixon,299,Abraham Lincoln Hillary Clinton,0
Richard Nixon,299,Abraham Lincoln Joe Biden,0
Richard Nixon,299,Abraham Lincoln Ronald Reagan,0
Richard Nixon,299,Barack Obama Bernie Sanders,0
Richard Nixon,299,Barack Obama Donald Trump,0
Richard Nixon,299,Barack Obama Elizabeth Warren,0
Richard Nixon,299,Barack Obama George W. Bush,0
Richard Nixon,299,Barack Obama Hillary Clinton,0
Richard Nixon,299,Barack Obama Joe Biden,0
Richard Nixon,299,Barack Obama Ronald Reagan,0
Richard Nixon,299,Bernie Sanders Donald Trump,0
Richard Nixon,299,Bernie Sanders Elizabeth Warren,0
Richard Nixon,299,Bernie Sanders George W. Bush,0
Richard Nixon,299,Bernie Sanders Hillary Clinton,0
Richard Nixon,299,Bernie Sanders Joe Biden,1
Richard Nixon,299,Bernie Sanders Ronald Reagan,1
Richard Nixon,299,Donald Trump Elizabeth Warren,0
Richard Nixon,299,Donald Trump George W. Bush,0
Richard Nixon,299,Donald Trump Joe Biden,0
Richard Nixon,299,Donald Trump Ronald Reagan,0
Richard Nixon,299,Elizabeth Warren George W. Bush,0
Richard Nixon,299,Elizabeth Warren Hillary Clinton,1
Richard Nixon,299,Elizabeth Warren Joe Biden,1
Richard Nixon,299,Elizabeth Warren Ronald Reagan,0
Richard Nixon,299,George W. Bush Hillary Clinton,0
Richard Nixon,299,George W. Bush Joe Biden,0
Richard Nixon,299,George W. Bush Ronald Reagan,1
Richard Nixon,299,Hillary Clinton Joe Biden,0
Richard Nixon,299,Hillary Clinton Ronald Reagan,0
Richard Nixon,299,Joe Biden Ronald Reagan,0
Elizabeth Warren,300,Abraham Lincoln Barack Obama,0
Elizabeth Warren,300,Abraham Lincoln Bernie Sanders,0
Elizabeth Warren,300,Abraham Lincoln Donald Trump,0
Elizabeth Warren,300,Abraham Lincoln George W. Bush,0
Elizabeth Warren,300,Abraham Lincoln Hillary Clinton,0
Elizabeth Warren,300,Abraham Lincoln Joe Biden,0
Elizabeth Warren,300,Abraham Lincoln Richard Nixon,0
Elizabeth Warren,300,Abraham Lincoln Ronald Reagan,0
Elizabeth Warren,300,Barack Obama Bernie Sanders,1
Elizabeth Warren,300,Barack Obama Donald Trump,0
Elizabeth Warren,300,Barack Obama George W. Bush,0
Elizabeth Warren,300,Barack Obama Hillary Clinton,0
Elizabeth Warren,300,Barack Obama Joe Biden,0
Elizabeth Warren,300,Barack Obama Richard Nixon,0
Elizabeth Warren,300,Barack Obama Ronald Reagan,0
Elizabeth Warren,300,Bernie Sanders Donald Trump,0
Elizabeth Warren,300,Bernie Sanders George W. Bush,0
Elizabeth Warren,300,Bernie Sanders Hillary Clinton,0
Elizabeth Warren,300,Bernie Sanders Joe Biden,0
Elizabeth Warren,300,Bernie Sanders Richard Nixon,0
Elizabeth Warren,300,Bernie Sanders Ronald Reagan,0
Elizabeth Warren,300,Donald Trump George W. Bush,0
Elizabeth Warren,300,Donald Trump Hillary Clinton,0
Elizabeth Warren,300,Donald Trump Joe Biden,0
Elizabeth Warren,300,Donald Trump Richard Nixon,0
Elizabeth Warren,300,Donald Trump Ronald Reagan,0
Elizabeth Warren,300,George W. Bush Hillary Clinton,0
Elizabeth Warren,300,George W. Bush Joe Biden,0
Elizabeth Warren,300,George W. Bush Richard Nixon,0
Elizabeth Warren,300,George W. Bush Ronald Reagan,0
Elizabeth Warren,300,Hillary Clinton Joe Biden,0
Elizabeth Warren,300,Hillary Clinton Richard Nixon,0
Elizabeth Warren,300,Hillary Clinton Ronald Reagan,0
Elizabeth Warren,300,Joe Biden Richard Nixon,0
Elizabeth Warren,300,Joe Biden Ronald Reagan,0
Elizabeth Warren,300,Richard Nixon Ronald Reagan,0
Joe Biden,301,Abraham Lincoln Barack Obama,0
Joe Biden,301,Abraham Lincoln Bernie Sanders,0
Joe Biden,301,Abraham Lincoln Donald Trump,0
Joe Biden,301,Abraham Lincoln Elizabeth Warren,0
Joe Biden,301,Abraham Lincoln George W. Bush,0
Joe Biden,301,Abraham Lincoln Hillary Clinton,0
Joe Biden,301,Abraham Lincoln Richard Nixon,0
Joe Biden,301,Abraham Lincoln Ronald Reagan,0
Joe Biden,301,Barack Obama Bernie Sanders,0
Joe Biden,301,Barack Obama Donald Trump,0
Joe Biden,301,Barack Obama Elizabeth Warren,0
Joe Biden,301,Barack Obama Hillary Clinton,1
Joe Biden,301,Barack Obama Richard Nixon,0
Joe Biden,301,Barack Obama Ronald Reagan,0
Joe Biden,301,Bernie Sanders Donald Trump,0
Joe Biden,301,Bernie Sanders Elizabeth Warren,0
Joe Biden,301,Bernie Sanders George W. Bush,0
Joe Biden,301,Bernie Sanders Hillary Clinton,0
Joe Biden,301,Bernie Sanders Richard Nixon,0
Joe Biden,301,Bernie Sanders Ronald Reagan,0
Joe Biden,301,Donald Trump Elizabeth Warren,0
Joe Biden,301,Donald Trump George W. Bush,0
Joe Biden,301,Donald Trump Hillary Clinton,0
Joe Biden,301,Donald Trump Richard Nixon,0
Joe Biden,301,Donald Trump Ronald Reagan,0
Joe Biden,301,Elizabeth Warren George W. Bush,0
Joe Biden,301,Elizabeth Warren Hillary Clinton,0
Joe Biden,301,Elizabeth Warren Richard Nixon,0
Joe Biden,301,Elizabeth Warren Ronald Reagan,0
Joe Biden,301,George W. Bush Hillary Clinton,0
Joe Biden,301,George W. Bush Richard Nixon,0
Joe Biden,301,George W. Bush Ronald Reagan,0
Joe Biden,301,Hillary Clinton Richard Nixon,0
Joe Biden,301,Hillary Clinton Ronald Reagan,0
Joe Biden,301,Richard Nixon Ronald Reagan,1
Abraham Lincoln,302,Barack Obama Bernie Sanders,0
Abraham Lincoln,302,Barack Obama Donald Trump,0
Abraham Lincoln,302,Barack Obama Elizabeth Warren,1
Abraham Lincoln,302,Barack Obama George W. Bush,0
Abraham Lincoln,302,Barack Obama Hillary Clinton,0
Abraham Lincoln,302,Barack Obama Joe Biden,0
Abraham Lincoln,302,Barack Obama Ronald Reagan,0
Abraham Lincoln,302,Bernie Sanders Donald Trump,0
Abraham Lincoln,302,Bernie Sanders Elizabeth Warren,0
Abraham Lincoln,302,Bernie Sanders George W. Bush,0
Abraham Lincoln,302,Bernie Sanders Hillary Clinton,0
Abraham Lincoln,302,Bernie Sanders Joe Biden,0
Abraham Lincoln,302,Bernie Sanders Richard Nixon,0
Abraham Lincoln,302,Bernie Sanders Ronald Reagan,0
Abraham Lincoln,302,Donald Trump Elizabeth Warren,0
Abraham Lincoln,302,Donald Trump George W. Bush,0
Abraham Lincoln,302,Donald Trump Hillary Clinton,0
Abraham Lincoln,302,Donald Trump Joe Biden,0
Abraham Lincoln,302,Donald Trump Richard Nixon,0
Abraham Lincoln,302,Donald Trump Ronald Reagan,0
Abraham Lincoln,302,Elizabeth Warren George W. Bush,0
Abraham Lincoln,302,Elizabeth Warren Hillary Clinton,0
Abraham Lincoln,302,Elizabeth Warren Joe Biden,0
Abraham Lincoln,302,Elizabeth Warren Richard Nixon,1
Abraham Lincoln,302,Elizabeth Warren Ronald Reagan,0
Abraham Lincoln,302,George W. Bush Hillary Clinton,0
Abraham Lincoln,302,George W. Bush Joe Biden,0
Abraham Lincoln,302,George W. Bush Richard Nixon,0
Abraham Lincoln,302,George W. Bush Ronald Reagan,0
Abraham Lincoln,302,Hillary Clinton Joe Biden,1
Abraham Lincoln,302,Hillary Clinton Richard Nixon,0
Abraham Lincoln,302,Hillary Clinton Ronald Reagan,1
Abraham Lincoln,302,Joe Biden Richard Nixon,0
Abraham Lincoln,302,Joe Biden Ronald Reagan,0
Abraham Lincoln,302,Richard Nixon Ronald Reagan,0
Elizabeth Warren,303,Abraham Lincoln Barack Obama,0
Elizabeth Warren,303,Abraham Lincoln Bernie Sanders,0
Elizabeth Warren,303,Abraham Lincoln Donald Trump,0
Elizabeth Warren,303,Abraham Lincoln George W. Bush,0
Elizabeth Warren,303,Abraham Lincoln Joe Biden,0
Elizabeth Warren,303,Abraham Lincoln Richard Nixon,0
Elizabeth Warren,303,Abraham Lincoln Ronald Reagan,0
Elizabeth Warren,303,Barack Obama Bernie Sanders,0
Elizabeth Warren,303,Barack Obama Donald Trump,0
Elizabeth Warren,303,Barack Obama George W. Bush,0
Elizabeth Warren,303,Barack Obama Joe Biden,1
Elizabeth Warren,303,Barack Obama Richard Nixon,0
Elizabeth Warren,303,Barack Obama Ronald Reagan,1
Elizabeth Warren,303,Bernie Sanders Donald Trump,0
Elizabeth Warren,303,Bernie Sanders George W. Bush,0
Elizabeth Warren,303,Bernie Sanders Hillary Clinton,0
Elizabeth Warren,303,Bernie Sanders Joe Biden,0
Elizabeth Warren,303,Bernie Sanders Richard Nixon,0
Elizabeth Warren,303,Bernie Sanders Ronald Reagan,0
Elizabeth Warren,303,Donald Trump George W. Bush,0
Elizabeth Warren,303,Donald Trump Hillary Clinton,0
Elizabeth Warren,303,Donald Trump Joe Biden,0
Elizabeth Warren,303,Donald Trump Ronald Reagan,0
Elizabeth Warren,303,George W. Bush Hillary Clinton,0
Elizabeth Warren,303,George W. Bush Joe Biden,0
Elizabeth Warren,303,George W. Bush Richard Nixon,0
Elizabeth Warren,303,George W. Bush Ronald Reagan,1
Elizabeth Warren,303,Hillary Clinton Joe Biden,0
Elizabeth Warren,303,Hillary Clinton Richard Nixon,0
Elizabeth Warren,303,Hillary Clinton Ronald Reagan,0
Elizabeth Warren,303,Joe Biden Richard Nixon,0
Elizabeth Warren,303,Joe Biden Ronald Reagan,0
Elizabeth Warren,303,Richard Nixon Ronald Reagan,0
Bernie Sanders,304,Abraham Lincoln Barack Obama,0
Bernie Sanders,304,Abraham Lincoln Donald Trump,0
Bernie Sanders,304,Abraham Lincoln Elizabeth Warren,0
Bernie Sanders,304,Abraham Lincoln George W. Bush,0
Bernie Sanders,304,Abraham Lincoln Hillary Clinton,0
Bernie Sanders,304,Abraham Lincoln Joe Biden,0
Bernie Sanders,304,Abraham Lincoln Richard Nixon,0
Bernie Sanders,304,Abraham Lincoln Ronald Reagan,1
Bernie Sanders,304,Barack Obama Donald Trump,0
Bernie Sanders,304,Barack Obama Elizabeth Warren,0
Bernie Sanders,304,Barack Obama George W. Bush,0
Bernie Sanders,304,Barack Obama Hillary Clinton,0
Bernie Sanders,304,Barack Obama Joe Biden,0
Bernie Sanders,304,Barack Obama Richard Nixon,0
Bernie Sanders,304,Barack Obama Ronald Reagan,0
Bernie Sanders,304,Donald Trump Elizabeth Warren,0
Bernie Sanders,304,Donald Trump George W. Bush,0
Bernie Sanders,304,Donald Trump Hillary Clinton,0
Bernie Sanders,304,Donald Trump Joe Biden,0
Bernie Sanders,304,Donald Trump Richard Nixon,0
Bernie Sanders,304,Donald Trump Ronald Reagan,0
Bernie Sanders,304,Elizabeth Warren George W. Bush,0
Bernie Sanders,304,Elizabeth Warren Hillary Clinton,0
Bernie Sanders,304,Elizabeth Warren Joe Biden,0
Bernie Sanders,304,Elizabeth Warren Richard Nixon,0
Bernie Sanders,304,Elizabeth Warren Ronald Reagan,0
Bernie Sanders,304,George W. Bush Hillary Clinton,0
Bernie Sanders,304,George W. Bush Joe Biden,0
Bernie Sanders,304,George W. Bush Richard Nixon,0
Bernie Sanders,304,George W. Bush Ronald Reagan,0
Bernie Sanders,304,Hillary Clinton Joe Biden,0
Bernie Sanders,304,Hillary Clinton Richard Nixon,0
Bernie Sanders,304,Hillary Clinton Ronald Reagan,0
Bernie Sanders,304,Joe Biden Richard Nixon,0
Bernie Sanders,304,Joe Biden Ronald Reagan,0
Bernie Sanders,304,Richard Nixon Ronald Reagan,0
Abraham Lincoln,305,Barack Obama Bernie Sanders,1
Abraham Lincoln,305,Barack Obama Donald Trump,0
Abraham Lincoln,305,Barack Obama Elizabeth Warren,0
Abraham Lincoln,305,Barack Obama George W. Bush,0
Abraham Lincoln,305,Barack Obama Hillary Clinton,0
Abraham Lincoln,305,Barack Obama Joe Biden,0
Abraham Lincoln,305,Barack Obama Richard Nixon,0
Abraham Lincoln,305,Barack Obama Ronald Reagan,0
Abraham Lincoln,305,Bernie Sanders Donald Trump,0
Abraham Lincoln,305,Bernie Sanders Elizabeth Warren,0
Abraham Lincoln,305,Bernie Sanders George W. Bush,0
Abraham Lincoln,305,Bernie Sanders Hillary Clinton,0
Abraham Lincoln,305,Bernie Sanders Joe Biden,0
Abraham Lincoln,305,Bernie Sanders Richard Nixon,0
Abraham Lincoln,305,Bernie Sanders Ronald Reagan,0
Abraham Lincoln,305,Donald Trump Elizabeth Warren,0
Abraham Lincoln,305,Donald Trump George W. Bush,0
Abraham Lincoln,305,Donald Trump Hillary Clinton,0
Abraham Lincoln,305,Donald Trump Joe Biden,0
Abraham Lincoln,305,Donald Trump Richard Nixon,0
Abraham Lincoln,305,Elizabeth Warren George W. Bush,0
Abraham Lincoln,305,Elizabeth Warren Hillary Clinton,0
Abraham Lincoln,305,Elizabeth Warren Joe Biden,0
Abraham Lincoln,305,Elizabeth Warren Richard Nixon,0
Abraham Lincoln,305,Elizabeth Warren Ronald Reagan,0
Abraham Lincoln,305,George W. Bush Hillary Clinton,0
Abraham Lincoln,305,George W. Bush Joe Biden,0
Abraham Lincoln,305,George W. Bush Richard Nixon,0
Abraham Lincoln,305,George W. Bush Ronald Reagan,0
Abraham Lincoln,305,Hillary Clinton Joe Biden,0
Abraham Lincoln,305,Hillary Clinton Richard Nixon,0
Abraham Lincoln,305,Hillary Clinton Ronald Reagan,0
Abraham Lincoln,305,Joe Biden Richard Nixon,0
Abraham Lincoln,305,Joe Biden Ronald Reagan,0
Abraham Lincoln,305,Richard Nixon Ronald Reagan,0
Donald Trump,306,Abraham Lincoln Barack Obama,0
Donald Trump,306,Abraham Lincoln Bernie Sanders,0
Donald Trump,306,Abraham Lincoln Elizabeth Warren,0
Donald Trump,306,Abraham Lincoln George W. Bush,0
Donald Trump,306,Abraham Lincoln Hillary Clinton,0
Donald Trump,306,Abraham Lincoln Richard Nixon,0
Donald Trump,306,Abraham Lincoln Ronald Reagan,0
Donald Trump,306,Barack Obama Bernie Sanders,0
Donald Trump,306,Barack Obama Elizabeth Warren,0
Donald Trump,306,Barack Obama George W. Bush,0
Donald Trump,306,Barack Obama Hillary Clinton,0
Donald Trump,306,Barack Obama Joe Biden,0
Donald Trump,306,Barack Obama Richard Nixon,1
Donald Trump,306,Barack Obama Ronald Reagan,0
Donald Trump,306,Bernie Sanders Elizabeth Warren,0
Donald Trump,306,Bernie Sanders George W. Bush,0
Donald Trump,306,Bernie Sanders Hillary Clinton,0
Donald Trump,306,Bernie Sanders Joe Biden,0
Donald Trump,306,Bernie Sanders Richard Nixon,0
Donald Trump,306,Bernie Sanders Ronald Reagan,0
Donald Trump,306,Elizabeth Warren George W. Bush,0
Donald Trump,306,Elizabeth Warren Hillary Clinton,0
Donald Trump,306,Elizabeth Warren Joe Biden,0
Donald Trump,306,Elizabeth Warren Richard Nixon,0
Donald Trump,306,Elizabeth Warren Ronald Reagan,0
Donald Trump,306,George W. Bush Hillary Clinton,0
Donald Trump,306,George W. Bush Joe Biden,0
Donald Trump,306,George W. Bush Richard Nixon,0
Donald Trump,306,George W. Bush Ronald Reagan,1
Donald Trump,306,Hillary Clinton Joe Biden,0
Donald Trump,306,Hillary Clinton Ronald Reagan,1
Donald Trump,306,Joe Biden Richard Nixon,0
Donald Trump,306,Joe Biden Ronald Reagan,0
Donald Trump,306,Richard Nixon Ronald Reagan,0
Elizabeth Warren,307,Abraham Lincoln Barack Obama,0
Elizabeth Warren,307,Abraham Lincoln Bernie Sanders,0
Elizabeth Warren,307,Abraham Lincoln Donald Trump,0
Elizabeth Warren,307,Abraham Lincoln George W. Bush,0
Elizabeth Warren,307,Abraham Lincoln Hillary Clinton,0
Elizabeth Warren,307,Abraham Lincoln Richard Nixon,0
Elizabeth Warren,307,Abraham Lincoln Ronald Reagan,0
Elizabeth Warren,307,Barack Obama Bernie Sanders,0
Elizabeth Warren,307,Barack Obama Donald Trump,0
Elizabeth Warren,307,Barack Obama George W. Bush,0
Elizabeth Warren,307,Barack Obama Hillary Clinton,0
Elizabeth Warren,307,Barack Obama Joe Biden,0
Elizabeth Warren,307,Barack Obama Richard Nixon,0
Elizabeth Warren,307,Barack Obama Ronald Reagan,0
Elizabeth Warren,307,Bernie Sanders Donald Trump,0
Elizabeth Warren,307,Bernie Sanders George W. Bush,0
Elizabeth Warren,307,Bernie Sanders Richard Nixon,1
Elizabeth Warren,307,Bernie Sanders Ronald Reagan,0
Elizabeth Warren,307,Donald Trump George W. Bush,0
Elizabeth Warren,307,Donald Trump Hillary Clinton,0
Elizabeth Warren,307,Donald Trump Joe Biden,0
Elizabeth Warren,307,Donald Trump Richard Nixon,0
Elizabeth Warren,307,Donald Trump Ronald Reagan,0
Elizabeth Warren,307,George W. Bush Hillary Clinton,0
Elizabeth Warren,307,George W. Bush Joe Biden,0
Elizabeth Warren,307,George W. Bush Richard Nixon,0
Elizabeth Warren,307,George W. Bush Ronald Reagan,0
Elizabeth Warren,307,Hillary Clinton Joe Biden,0
Elizabeth Warren,307,Hillary Clinton Richard Nixon,0
Elizabeth Warren,307,Hillary Clinton Ronald Reagan,0
Elizabeth Warren,307,Joe Biden Richard Nixon,1
Elizabeth Warren,307,Joe Biden Ronald Reagan,0
Elizabeth Warren,307,Richard Nixon Ronald Reagan,0
Hillary Clinton,308,Abraham Lincoln Barack Obama,0
Hillary Clinton,308,Abraham Lincoln Bernie Sanders,0
Hillary Clinton,308,Abraham Lincoln Donald Trump,0
Hillary Clinton,308,Abraham Lincoln Elizabeth Warren,0
Hillary Clinton,308,Abraham Lincoln George W. Bush,0
Hillary Clinton,308,Abraham Lincoln Joe Biden,0
Hillary Clinton,308,Abraham Lincoln Richard Nixon,0
Hillary Clinton,308,Abraham Lincoln Ronald Reagan,0
Hillary Clinton,308,Barack Obama Bernie Sanders,0
Hillary Clinton,308,Barack Obama Donald Trump,0
Hillary Clinton,308,Barack Obama Elizabeth Warren,1
Hillary Clinton,308,Barack Obama George W. Bush,0
Hillary Clinton,308,Barack Obama Joe Biden,0
Hillary Clinton,308,Barack Obama Richard Nixon,0
Hillary Clinton,308,Barack Obama Ronald Reagan,0
Hillary Clinton,308,Bernie Sanders Donald Trump,0
Hillary Clinton,308,Bernie Sanders Elizabeth Warren,0
Hillary Clinton,308,Bernie Sanders George W. Bush,0
Hillary Clinton,308,Bernie Sanders Joe Biden,0
Hillary Clinton,308,Bernie Sanders Richard Nixon,0
Hillary Clinton,308,Bernie Sanders Ronald Reagan,0
Hillary Clinton,308,Donald Trump Elizabeth Warren,0
Hillary Clinton,308,Donald Trump Joe Biden,0
Hillary Clinton,308,Donald Trump Richard Nixon,0
Hillary Clinton,308,Donald Trump Ronald Reagan,0
Hillary Clinton,308,Elizabeth Warren George W. Bush,1
Hillary Clinton,308,Elizabeth Warren Joe Biden,0
Hillary Clinton,308,Elizabeth Warren Ronald Reagan,0
Hillary Clinton,308,George W. Bush Joe Biden,0
Hillary Clinton,308,George W. Bush Richard Nixon,1
Hillary Clinton,308,George W. Bush Ronald Reagan,0
Hillary Clinton,308,Joe Biden Richard Nixon,0
Hillary Clinton,308,Joe Biden Ronald Reagan,1
Hillary Clinton,308,Richard Nixon Ronald Reagan,0
Abraham Lincoln,309,Barack Obama Bernie Sanders,0
Abraham Lincoln,309,Barack Obama George W. Bush,0
Abraham Lincoln,309,Barack Obama Hillary Clinton,0
Abraham Lincoln,309,Barack Obama Joe Biden,0
Abraham Lincoln,309,Barack Obama Richard Nixon,1
Abraham Lincoln,309,Barack Obama Ronald Reagan,0
Abraham Lincoln,309,Bernie Sanders Donald Trump,0
Abraham Lincoln,309,Bernie Sanders Elizabeth Warren,0
Abraham Lincoln,309,Bernie Sanders George W. Bush,0
Abraham Lincoln,309,Bernie Sanders Hillary Clinton,0
Abraham Lincoln,309,Bernie Sanders Joe Biden,0
Abraham Lincoln,309,Bernie Sanders Richard Nixon,0
Abraham Lincoln,309,Bernie Sanders Ronald Reagan,0
Abraham Lincoln,309,Donald Trump Elizabeth Warren,0
Abraham Lincoln,309,Donald Trump Hillary Clinton,0
Abraham Lincoln,309,Donald Trump Joe Biden,1
Abraham Lincoln,309,Donald Trump Ronald Reagan,0
Abraham Lincoln,309,Elizabeth Warren George W. Bush,0
Abraham Lincoln,309,Elizabeth Warren Hillary Clinton,0
Abraham Lincoln,309,Elizabeth Warren Joe Biden,0
Abraham Lincoln,309,Elizabeth Warren Richard Nixon,0
Abraham Lincoln,309,Elizabeth Warren Ronald Reagan,0
Abraham Lincoln,309,George W. Bush Hillary Clinton,0
Abraham Lincoln,309,George W. Bush Joe Biden,0
Abraham Lincoln,309,George W. Bush Richard Nixon,0
Abraham Lincoln,309,George W. Bush Ronald Reagan,0
Abraham Lincoln,309,Hillary Clinton Richard Nixon,0
Abraham Lincoln,309,Hillary Clinton Ronald Reagan,0
Abraham Lincoln,309,Joe Biden Ronald Reagan,0
Abraham Lincoln,309,Richard Nixon Ronald Reagan,0
Bernie Sanders,310,Abraham Lincoln Donald Trump,0
Bernie Sanders,310,Abraham Lincoln Elizabeth Warren,0
Bernie Sanders,310,Abraham Lincoln George W. Bush,0
Bernie Sanders,310,Abraham Lincoln Hillary Clinton,0
Bernie Sanders,310,Abraham Lincoln Joe Biden,0
Bernie Sanders,310,Abraham Lincoln Richard Nixon,0
Bernie Sanders,310,Abraham Lincoln Ronald Reagan,0
Bernie Sanders,310,Barack Obama Donald Trump,0
Bernie Sanders,310,Barack Obama Elizabeth Warren,0
Bernie Sanders,310,Barack Obama George W. Bush,0
Bernie Sanders,310,Barack Obama Hillary Clinton,0
Bernie Sanders,310,Barack Obama Joe Biden,0
Bernie Sanders,310,Barack Obama Richard Nixon,1
Bernie Sanders,310,Barack Obama Ronald Reagan,0
Bernie Sanders,310,Donald Trump Elizabeth Warren,0
Bernie Sanders,310,Donald Trump Hillary Clinton,0
Bernie Sanders,310,Donald Trump Joe Biden,0
Bernie Sanders,310,Donald Trump Richard Nixon,0
Bernie Sanders,310,Donald Trump Ronald Reagan,0
Bernie Sanders,310,Elizabeth Warren George W. Bush,1
Bernie Sanders,310,Elizabeth Warren Joe Biden,0
Bernie Sanders,310,Elizabeth Warren Richard Nixon,0
Bernie Sanders,310,Elizabeth Warren Ronald Reagan,0
Bernie Sanders,310,George W. Bush Hillary Clinton,0
Bernie Sanders,310,George W. Bush Joe Biden,0
Bernie Sanders,310,George W. Bush Ronald Reagan,0
Bernie Sanders,310,Hillary Clinton Joe Biden,0
Bernie Sanders,310,Hillary Clinton Richard Nixon,0
Bernie Sanders,310,Hillary Clinton Ronald Reagan,0
Bernie Sanders,310,Joe Biden Richard Nixon,0
Bernie Sanders,310,Joe Biden Ronald Reagan,0
Bernie Sanders,310,Richard Nixon Ronald Reagan,0
Barack Obama,311,Abraham Lincoln Bernie Sanders,0
Barack Obama,311,Abraham Lincoln Donald Trump,0
Barack Obama,311,Abraham Lincoln Elizabeth Warren,0
Barack Obama,311,Abraham Lincoln George W. Bush,0
Barack Obama,311,Abraham Lincoln Hillary Clinton,0
Barack Obama,311,Abraham Lincoln Joe Biden,0
Barack Obama,311,Abraham Lincoln Richard Nixon,0
Barack Obama,311,Abraham Lincoln Ronald Reagan,0
Barack Obama,311,Bernie Sanders Donald Trump,0
Barack Obama,311,Bernie Sanders Elizabeth Warren,0
Barack Obama,311,Bernie Sanders George W. Bush,0
Barack Obama,311,Bernie Sanders Hillary Clinton,0
Barack Obama,311,Bernie Sanders Joe Biden,0
Barack Obama,311,Bernie Sanders Richard Nixon,0
Barack Obama,311,Bernie Sanders Ronald Reagan,0
Barack Obama,311,Donald Trump Elizabeth Warren,0
Barack Obama,311,Donald Trump George W. Bush,0
Barack Obama,311,Donald Trump Joe Biden,0
Barack Obama,311,Donald Trump Richard Nixon,0
Barack Obama,311,Donald Trump Ronald Reagan,0
Barack Obama,311,Elizabeth Warren George W. Bush,0
Barack Obama,311,Elizabeth Warren Hillary Clinton,0
Barack Obama,311,Elizabeth Warren Joe Biden,0
Barack Obama,311,Elizabeth Warren Richard Nixon,0
Barack Obama,311,Elizabeth Warren Ronald Reagan,0
Barack Obama,311,George W. Bush Hillary Clinton,0
Barack Obama,311,George W. Bush Joe Biden,0
Barack Obama,311,George W. Bush Richard Nixon,0
Barack Obama,311,George W. Bush Ronald Reagan,0
Barack Obama,311,Hillary Clinton Joe Biden,0
Barack Obama,311,Hillary Clinton Ronald Reagan,0
Barack Obama,311,Joe Biden Richard Nixon,0
Barack Obama,311,Joe Biden Ronald Reagan,0
Barack Obama,311,Richard Nixon Ronald Reagan,0
Richard Nixon,312,Abraham Lincoln Bernie Sanders,0
Richard Nixon,312,Abraham Lincoln Donald Trump,0
Richard Nixon,312,Abraham Lincoln Elizabeth Warren,0
Richard Nixon,312,Abraham Lincoln George W. Bush,0
Richard Nixon,312,Abraham Lincoln Hillary Clinton,0
Richard Nixon,312,Abraham Lincoln Joe Biden,0
Richard Nixon,312,Abraham Lincoln Ronald Reagan,0
Richard Nixon,312,Barack Obama Bernie Sanders,0
Richard Nixon,312,Barack Obama Donald Trump,1
Richard Nixon,312,Barack Obama Elizabeth Warren,0
Richard Nixon,312,Barack Obama George W. Bush,0
Richard Nixon,312,Barack Obama Hillary Clinton,0
Richard Nixon,312,Barack Obama Joe Biden,0
Richard Nixon,312,Barack Obama Ronald Reagan,0
Richard Nixon,312,Bernie Sanders Donald Trump,0
Richard Nixon,312,Bernie Sanders Elizabeth Warren,0
Richard Nixon,312,Bernie Sanders George W. Bush,1
Richard Nixon,312,Bernie Sanders Hillary Clinton,1
Richard Nixon,312,Bernie Sanders Joe Biden,0
Richard Nixon,312,Bernie Sanders Ronald Reagan,0
Richard Nixon,312,Donald Trump Elizabeth Warren,0
Richard Nixon,312,Donald Trump George W. Bush,0
Richard Nixon,312,Donald Trump Hillary Clinton,0
Richard Nixon,312,Donald Trump Joe Biden,0
Richard Nixon,312,Donald Trump Ronald Reagan,0
Richard Nixon,312,Elizabeth Warren George W. Bush,0
Richard Nixon,312,Elizabeth Warren Hillary Clinton,0
Richard Nixon,312,Elizabeth Warren Joe Biden,0
Richard Nixon,312,Elizabeth Warren Ronald Reagan,0
Richard Nixon,312,George W. Bush Hillary Clinton,0
Richard Nixon,312,George W. Bush Joe Biden,1
Richard Nixon,312,George W. Bush Ronald Reagan,0
Richard Nixon,312,Hillary Clinton Ronald Reagan,0
Richard Nixon,312,Joe Biden Ronald Reagan,0
Ronald Reagan,313,Abraham Lincoln Barack Obama,0
Ronald Reagan,313,Abraham Lincoln Bernie Sanders,0
Ronald Reagan,313,Abraham Lincoln Donald Trump,0
Ronald Reagan,313,Abraham Lincoln Elizabeth Warren,0
Ronald Reagan,313,Abraham Lincoln George W. Bush,0
Ronald Reagan,313,Abraham Lincoln Hillary Clinton,0
Ronald Reagan,313,Abraham Lincoln Joe Biden,0
Ronald Reagan,313,Abraham Lincoln Richard Nixon,0
Ronald Reagan,313,Barack Obama Bernie Sanders,0
Ronald Reagan,313,Barack Obama Donald Trump,0
Ronald Reagan,313,Barack Obama Elizabeth Warren,0
Ronald Reagan,313,Barack Obama George W. Bush,0
Ronald Reagan,313,Barack Obama Hillary Clinton,0
Ronald Reagan,313,Barack Obama Joe Biden,0
Ronald Reagan,313,Barack Obama Richard Nixon,0
Ronald Reagan,313,Bernie Sanders Donald Trump,0
Ronald Reagan,313,Bernie Sanders Elizabeth Warren,0
Ronald Reagan,313,Bernie Sanders George W. Bush,0
Ronald Reagan,313,Bernie Sanders Hillary Clinton,0
Ronald Reagan,313,Bernie Sanders Joe Biden,0
Ronald Reagan,313,Bernie Sanders Richard Nixon,0
Ronald Reagan,313,Donald Trump Elizabeth Warren,0
Ronald Reagan,313,Donald Trump George W. Bush,0
Ronald Reagan,313,Donald Trump Hillary Clinton,0
Ronald Reagan,313,Donald Trump Joe Biden,1
Ronald Reagan,313,Elizabeth Warren George W. Bush,0
Ronald Reagan,313,Elizabeth Warren Hillary Clinton,0
Ronald Reagan,313,Elizabeth Warren Joe Biden,0
Ronald Reagan,313,Elizabeth Warren Richard Nixon,0
Ronald Reagan,313,George W. Bush Hillary Clinton,0
Ronald Reagan,313,George W. Bush Joe Biden,0
Ronald Reagan,313,George W. Bush Richard Nixon,1
Ronald Reagan,313,Hillary Clinton Joe Biden,0
Ronald Reagan,313,Hillary Clinton Richard Nixon,0
Ronald Reagan,313,Joe Biden Richard Nixon,1
George W. Bush,314,Abraham Lincoln Barack Obama,0
George W. Bush,314,Abraham Lincoln Bernie Sanders,0
George W. Bush,314,Abraham Lincoln Donald Trump,0
George W. Bush,314,Abraham Lincoln Elizabeth Warren,0
George W. Bush,314,Abraham Lincoln Hillary Clinton,0
George W. Bush,314,Abraham Lincoln Joe Biden,0
George W. Bush,314,Abraham Lincoln Richard Nixon,0
George W. Bush,314,Abraham Lincoln Ronald Reagan,0
George W. Bush,314,Barack Obama Bernie Sanders,0
George W. Bush,314,Barack Obama Donald Trump,0
George W. Bush,314,Barack Obama Elizabeth Warren,0
George W. Bush,314,Barack Obama Hillary Clinton,0
George W. Bush,314,Barack Obama Joe Biden,0
George W. Bush,314,Barack Obama Richard Nixon,0
George W. Bush,314,Barack Obama Ronald Reagan,0
George W. Bush,314,Bernie Sanders Donald Trump,0
George W. Bush,314,Bernie Sanders Elizabeth Warren,0
George W. Bush,314,Bernie Sanders Hillary Clinton,0
George W. Bush,314,Bernie Sanders Joe Biden,0
George W. Bush,314,Bernie Sanders Richard Nixon,0
George W. Bush,314,Bernie Sanders Ronald Reagan,0
George W. Bush,314,Donald Trump Elizabeth Warren,0
George W. Bush,314,Donald Trump Hillary Clinton,1
George W. Bush,314,Donald Trump Joe Biden,0
George W. Bush,314,Donald Trump Richard Nixon,0
George W. Bush,314,Donald Trump Ronald Reagan,0
George W. Bush,314,Elizabeth Warren Hillary Clinton,0
George W. Bush,314,Elizabeth Warren Joe Biden,0
George W. Bush,314,Elizabeth Warren Richard Nixon,0
George W. Bush,314,Elizabeth Warren Ronald Reagan,0
George W. Bush,314,Hillary Clinton Joe Biden,0
George W. Bush,314,Hillary Clinton Richard Nixon,1
George W. Bush,314,Hillary Clinton Ronald Reagan,0
George W. Bush,314,Joe Biden Richard Nixon,0
George W. Bush,314,Joe Biden Ronald Reagan,0
Ronald Reagan,315,Abraham Lincoln Barack Obama,0
Ronald Reagan,315,Abraham Lincoln Bernie Sanders,0
Ronald Reagan,315,Abraham Lincoln Donald Trump,0
Ronald Reagan,315,Abraham Lincoln Elizabeth Warren,0
Ronald Reagan,315,Abraham Lincoln George W. Bush,0
Ronald Reagan,315,Abraham Lincoln Hillary Clinton,0
Ronald Reagan,315,Abraham Lincoln Joe Biden,0
Ronald Reagan,315,Abraham Lincoln Richard Nixon,0
Ronald Reagan,315,Barack Obama Donald Trump,0
Ronald Reagan,315,Barack Obama Elizabeth Warren,0
Ronald Reagan,315,Barack Obama Joe Biden,1
Ronald Reagan,315,Barack Obama Richard Nixon,0
Ronald Reagan,315,Bernie Sanders Donald Trump,0
Ronald Reagan,315,Bernie Sanders Elizabeth Warren,0
Ronald Reagan,315,Bernie Sanders George W. Bush,0
Ronald Reagan,315,Bernie Sanders Hillary Clinton,0
Ronald Reagan,315,Bernie Sanders Joe Biden,0
Ronald Reagan,315,Bernie Sanders Richard Nixon,1
Ronald Reagan,315,Donald Trump Elizabeth Warren,0
Ronald Reagan,315,Donald Trump George W. Bush,0
Ronald Reagan,315,Donald Trump Hillary Clinton,0
Ronald Reagan,315,Donald Trump Joe Biden,0
Ronald Reagan,315,Donald Trump Richard Nixon,0
Ronald Reagan,315,Elizabeth Warren George W. Bush,0
Ronald Reagan,315,Elizabeth Warren Hillary Clinton,0
Ronald Reagan,315,Elizabeth Warren Joe Biden,0
Ronald Reagan,315,Elizabeth Warren Richard Nixon,0
Ronald Reagan,315,George W. Bush Hillary Clinton,1
Ronald Reagan,315,George W. Bush Joe Biden,0
Ronald Reagan,315,George W. Bush Richard Nixon,0
Ronald Reagan,315,Hillary Clinton Joe Biden,0
Ronald Reagan,315,Hillary Clinton Richard Nixon,0
Ronald Reagan,315,Joe Biden Richard Nixon,1
Bernie Sanders,316,Abraham Lincoln Barack Obama,0
Bernie Sanders,316,Abraham Lincoln Donald Trump,0
Bernie Sanders,316,Abraham Lincoln Elizabeth Warren,0
Bernie Sanders,316,Abraham Lincoln George W. Bush,0
Bernie Sanders,316,Abraham Lincoln Hillary Clinton,0
Bernie Sanders,316,Abraham Lincoln Joe Biden,0
Bernie Sanders,316,Abraham Lincoln Richard Nixon,0
Bernie Sanders,316,Barack Obama Donald Trump,0
Bernie Sanders,316,Barack Obama Elizabeth Warren,0
Bernie Sanders,316,Barack Obama George W. Bush,0
Bernie Sanders,316,Barack Obama Hillary Clinton,0
Bernie Sanders,316,Barack Obama Joe Biden,0
Bernie Sanders,316,Barack Obama Richard Nixon,0
Bernie Sanders,316,Barack Obama Ronald Reagan,0
Bernie Sanders,316,Donald Trump Elizabeth Warren,0
Bernie Sanders,316,Donald Trump Joe Biden,0
Bernie Sanders,316,Donald Trump Richard Nixon,0
Bernie Sanders,316,Elizabeth Warren George W. Bush,1
Bernie Sanders,316,Elizabeth Warren Hillary Clinton,0
Bernie Sanders,316,Elizabeth Warren Joe Biden,0
Bernie Sanders,316,Elizabeth Warren Richard Nixon,0
Bernie Sanders,316,George W. Bush Hillary Clinton,0
Bernie Sanders,316,George W. Bush Joe Biden,0
Bernie Sanders,316,George W. Bush Richard Nixon,0
Bernie Sanders,316,George W. Bush Ronald Reagan,0
Bernie Sanders,316,Hillary Clinton Joe Biden,0
Bernie Sanders,316,Hillary Clinton Richard Nixon,1
Bernie Sanders,316,Joe Biden Richard Nixon,0
Bernie Sanders,316,Joe Biden Ronald Reagan,0
Bernie Sanders,316,Richard Nixon Ronald Reagan,0
Joe Biden,317,Abraham Lincoln Barack Obama,0
Joe Biden,317,Abraham Lincoln Bernie Sanders,0
Joe Biden,317,Abraham Lincoln Donald Trump,0
Joe Biden,317,Abraham Lincoln Elizabeth Warren,0
Joe Biden,317,Abraham Lincoln George W. Bush,1
Joe Biden,317,Abraham Lincoln Hillary Clinton,0
Joe Biden,317,Abraham Lincoln Richard Nixon,0
Joe Biden,317,Abraham Lincoln Ronald Reagan,0
Joe Biden,317,Barack Obama Bernie Sanders,0
Joe Biden,317,Barack Obama Donald Trump,0
Joe Biden,317,Barack Obama Elizabeth Warren,0
Joe Biden,317,Barack Obama George W. Bush,0
Joe Biden,317,Barack Obama Hillary Clinton,0
Joe Biden,317,Barack Obama Richard Nixon,0
Joe Biden,317,Barack Obama Ronald Reagan,1
Joe Biden,317,Bernie Sanders Donald Trump,0
Joe Biden,317,Bernie Sanders Elizabeth Warren,0
Joe Biden,317,Bernie Sanders George W. Bush,0
Joe Biden,317,Bernie Sanders Hillary Clinton,0
Joe Biden,317,Bernie Sanders Richard Nixon,0
Joe Biden,317,Bernie Sanders Ronald Reagan,0
Joe Biden,317,Donald Trump Elizabeth Warren,0
Joe Biden,317,Donald Trump George W. Bush,0
Joe Biden,317,Donald Trump Hillary Clinton,0
Joe Biden,317,Elizabeth Warren George W. Bush,0
Joe Biden,317,Elizabeth Warren Hillary Clinton,0
Joe Biden,317,Elizabeth Warren Ronald Reagan,0
Joe Biden,317,George W. Bush Hillary Clinton,0
Joe Biden,317,George W. Bush Richard Nixon,0
Joe Biden,317,George W. Bush Ronald Reagan,0
Joe Biden,317,Hillary Clinton Richard Nixon,1
Joe Biden,318,Abraham Lincoln Barack Obama,1
Joe Biden,318,Abraham Lincoln Bernie Sanders,0
Joe Biden,318,Abraham Lincoln Donald Trump,0
Joe Biden,318,Abraham Lincoln Elizabeth Warren,0
Joe Biden,318,Abraham Lincoln Hillary Clinton,0
Joe Biden,318,Abraham Lincoln Richard Nixon,0
Joe Biden,318,Barack Obama Bernie Sanders,0
Joe Biden,318,Barack Obama Donald Trump,0
Joe Biden,318,Barack Obama Elizabeth Warren,0
Joe Biden,318,Barack Obama George W. Bush,0
Joe Biden,318,Barack Obama Hillary Clinton,0
Joe Biden,318,Barack Obama Richard Nixon,0
Joe Biden,318,Barack Obama Ronald Reagan,0
Joe Biden,318,Bernie Sanders Donald Trump,0
Joe Biden,318,Bernie Sanders Elizabeth Warren,0
Joe Biden,318,Bernie Sanders George W. Bush,0
Joe Biden,318,Bernie Sanders Hillary Clinton,0
Joe Biden,318,Bernie Sanders Richard Nixon,0
Joe Biden,318,Bernie Sanders Ronald Reagan,0
Joe Biden,318,Donald Trump Elizabeth Warren,0
Joe Biden,318,Donald Trump George W. Bush,0
Joe Biden,318,Donald Trump Hillary Clinton,0
Joe Biden,318,Donald Trump Richard Nixon,0
Joe Biden,318,Donald Trump Ronald Reagan,0
Joe Biden,318,Elizabeth Warren George W. Bush,0
Joe Biden,318,Elizabeth Warren Hillary Clinton,0
Joe Biden,318,Elizabeth Warren Richard Nixon,0
Joe Biden,318,Elizabeth Warren Ronald Reagan,0
Joe Biden,318,George W. Bush Hillary Clinton,1
Joe Biden,318,George W. Bush Richard Nixon,0
Joe Biden,318,George W. Bush Ronald Reagan,0
Joe Biden,318,Hillary Clinton Richard Nixon,0
Joe Biden,318,Hillary Clinton Ronald Reagan,0
Joe Biden,318,Richard Nixon Ronald Reagan,0
Barack Obama,319,Abraham Lincoln Bernie Sanders,0
Barack Obama,319,Abraham Lincoln Elizabeth Warren,1
Barack Obama,319,Abraham Lincoln George W. Bush,0
Barack Obama,319,Abraham Lincoln Hillary Clinton,0
Barack Obama,319,Abraham Lincoln Joe Biden,0
Barack Obama,319,Abraham Lincoln Richard Nixon,0
Barack Obama,319,Abraham Lincoln Ronald Reagan,0
Barack Obama,319,Bernie Sanders Donald Trump,0
Barack Obama,319,Bernie Sanders Elizabeth Warren,0
Barack Obama,319,Bernie Sanders George W. Bush,0
Barack Obama,319,Bernie Sanders Hillary Clinton,0
Barack Obama,319,Bernie Sanders Joe Biden,0
Barack Obama,319,Bernie Sanders Richard Nixon,0
Barack Obama,319,Bernie Sanders Ronald Reagan,1
Barack Obama,319,Donald Trump Elizabeth Warren,0
Barack Obama,319,Donald Trump George W. Bush,0
Barack Obama,319,Donald Trump Hillary Clinton,0
Barack Obama,319,Donald Trump Joe Biden,0
Barack Obama,319,Donald Trump Richard Nixon,0
Barack Obama,319,Donald Trump Ronald Reagan,0
Barack Obama,319,Elizabeth Warren George W. Bush,0
Barack Obama,319,Elizabeth Warren Hillary Clinton,0
Barack Obama,319,Elizabeth Warren Joe Biden,0
Barack Obama,319,Elizabeth Warren Ronald Reagan,0
Barack Obama,319,George W. Bush Hillary Clinton,0
Barack Obama,319,George W. Bush Joe Biden,0
Barack Obama,319,George W. Bush Richard Nixon,0
Barack Obama,319,George W. Bush Ronald Reagan,0
Barack Obama,319,Hillary Clinton Richard Nixon,0
Barack Obama,319,Hillary Clinton Ronald Reagan,0
Barack Obama,319,Joe Biden Richard Nixon,0
Barack Obama,319,Joe Biden Ronald Reagan,1
Barack Obama,319,Richard Nixon Ronald Reagan,0
George W. Bush,320,Abraham Lincoln Barack Obama,0
George W. Bush,320,Abraham Lincoln Bernie Sanders,0
George W. Bush,320,Abraham Lincoln Donald Trump,0
George W. Bush,320,Abraham Lincoln Elizabeth Warren,0
George W. Bush,320,Abraham Lincoln Hillary Clinton,0
George W. Bush,320,Abraham Lincoln Joe Biden,0
George W. Bush,320,Abraham Lincoln Richard Nixon,0
George W. Bush,320,Abraham Lincoln Ronald Reagan,0
George W. Bush,320,Barack Obama Bernie Sanders,0
George W. Bush,320,Barack Obama Donald Trump,0
George W. Bush,320,Barack Obama Elizabeth Warren,0
George W. Bush,320,Barack Obama Joe Biden,0
George W. Bush,320,Barack Obama Richard Nixon,0
George W. Bush,320,Barack Obama Ronald Reagan,0
George W. Bush,320,Bernie Sanders Donald Trump,0
George W. Bush,320,Bernie Sanders Elizabeth Warren,0
George W. Bush,320,Bernie Sanders Hillary Clinton,0
George W. Bush,320,Bernie Sanders Joe Biden,0
George W. Bush,320,Bernie Sanders Richard Nixon,0
George W. Bush,320,Bernie Sanders Ronald Reagan,0
George W. Bush,320,Donald Trump Elizabeth Warren,0
George W. Bush,320,Donald Trump Hillary Clinton,0
George W. Bush,320,Donald Trump Joe Biden,0
George W. Bush,320,Donald Trump Richard Nixon,0
George W. Bush,320,Donald Trump Ronald Reagan,0
George W. Bush,320,Elizabeth Warren Hillary Clinton,0
George W. Bush,320,Elizabeth Warren Joe Biden,1
George W. Bush,320,Elizabeth Warren Richard Nixon,0
George W. Bush,320,Elizabeth Warren Ronald Reagan,0
George W. Bush,320,Hillary Clinton Joe Biden,0
George W. Bush,320,Hillary Clinton Richard Nixon,0
George W. Bush,320,Hillary Clinton Ronald Reagan,0
George W. Bush,320,Joe Biden Richard Nixon,0
George W. Bush,320,Joe Biden Ronald Reagan,0
George W. Bush,320,Richard Nixon Ronald Reagan,0
Hillary Clinton,321,Abraham Lincoln Barack Obama,0
Hillary Clinton,321,Abraham Lincoln Bernie Sanders,0
Hillary Clinton,321,Abraham Lincoln Donald Trump,0
Hillary Clinton,321,Abraham Lincoln Elizabeth Warren,0
Hillary Clinton,321,Abraham Lincoln George W. Bush,0
Hillary Clinton,321,Abraham Lincoln Joe Biden,0
Hillary Clinton,321,Abraham Lincoln Richard Nixon,0
Hillary Clinton,321,Abraham Lincoln Ronald Reagan,0
Hillary Clinton,321,Barack Obama Bernie Sanders,0
Hillary Clinton,321,Barack Obama Donald Trump,0
Hillary Clinton,321,Barack Obama Elizabeth Warren,1
Hillary Clinton,321,Barack Obama George W. Bush,0
Hillary Clinton,321,Barack Obama Joe Biden,0
Hillary Clinton,321,Barack Obama Richard Nixon,0
Hillary Clinton,321,Barack Obama Ronald Reagan,0
Hillary Clinton,321,Bernie Sanders Donald Trump,0
Hillary Clinton,321,Bernie Sanders Elizabeth Warren,0
Hillary Clinton,321,Bernie Sanders George W. Bush,0
Hillary Clinton,321,Bernie Sanders Joe Biden,0
Hillary Clinton,321,Bernie Sanders Richard Nixon,0
Hillary Clinton,321,Donald Trump Elizabeth Warren,0
Hillary Clinton,321,Donald Trump George W. Bush,0
Hillary Clinton,321,Donald Trump Joe Biden,0
Hillary Clinton,321,Donald Trump Richard Nixon,0
Hillary Clinton,321,Donald Trump Ronald Reagan,0
Hillary Clinton,321,Elizabeth Warren George W. Bush,0
Hillary Clinton,321,Elizabeth Warren Joe Biden,0
Hillary Clinton,321,Elizabeth Warren Ronald Reagan,0
Hillary Clinton,321,George W. Bush Joe Biden,0
Hillary Clinton,321,George W. Bush Richard Nixon,0
Hillary Clinton,321,George W. Bush Ronald Reagan,0
Hillary Clinton,321,Joe Biden Richard Nixon,0
Hillary Clinton,321,Joe Biden Ronald Reagan,0
Hillary Clinton,321,Richard Nixon Ronald Reagan,0
Barack Obama,322,Abraham Lincoln Bernie Sanders,0
Barack Obama,322,Abraham Lincoln Donald Trump,0
Barack Obama,322,Abraham Lincoln Elizabeth Warren,0
Barack Obama,322,Abraham Lincoln George W. Bush,0
Barack Obama,322,Abraham Lincoln Hillary Clinton,0
Barack Obama,322,Abraham Lincoln Joe Biden,0
Barack Obama,322,Abraham Lincoln Richard Nixon,0
Barack Obama,322,Abraham Lincoln Ronald Reagan,0
Barack Obama,322,Bernie Sanders Donald Trump,0
Barack Obama,322,Bernie Sanders Elizabeth Warren,0
Barack Obama,322,Bernie Sanders George W. Bush,0
Barack Obama,322,Bernie Sanders Hillary Clinton,0
Barack Obama,322,Bernie Sanders Joe Biden,0
Barack Obama,322,Bernie Sanders Richard Nixon,0
Barack Obama,322,Bernie Sanders Ronald Reagan,0
Barack Obama,322,Donald Trump Elizabeth Warren,0
Barack Obama,322,Donald Trump George W. Bush,0
Barack Obama,322,Donald Trump Hillary Clinton,0
Barack Obama,322,Donald Trump Joe Biden,0
Barack Obama,322,Donald Trump Richard Nixon,0
Barack Obama,322,Donald Trump Ronald Reagan,0
Barack Obama,322,Elizabeth Warren George W. Bush,1
Barack Obama,322,Elizabeth Warren Hillary Clinton,0
Barack Obama,322,Elizabeth Warren Joe Biden,0
Barack Obama,322,Elizabeth Warren Richard Nixon,0
Barack Obama,322,Elizabeth Warren Ronald Reagan,0
Barack Obama,322,George W. Bush Hillary Clinton,0
Barack Obama,322,George W. Bush Joe Biden,0
Barack Obama,322,George W. Bush Ronald Reagan,0
Barack Obama,322,Hillary Clinton Joe Biden,0
Barack Obama,322,Hillary Clinton Richard Nixon,0
Barack Obama,322,Hillary Clinton Ronald Reagan,0
Barack Obama,322,Joe Biden Richard Nixon,0
Barack Obama,322,Joe Biden Ronald Reagan,0
Barack Obama,322,Richard Nixon Ronald Reagan,0
Ronald Reagan,323,Abraham Lincoln Barack Obama,0
Ronald Reagan,323,Abraham Lincoln Bernie Sanders,0
Ronald Reagan,323,Abraham Lincoln Donald Trump,0
Ronald Reagan,323,Abraham Lincoln Elizabeth Warren,0
Ronald Reagan,323,Abraham Lincoln George W. Bush,0
Ronald Reagan,323,Abraham Lincoln Hillary Clinton,0
Ronald Reagan,323,Abraham Lincoln Joe Biden,0
Ronald Reagan,323,Abraham Lincoln Richard Nixon,0
Ronald Reagan,323,Barack Obama Bernie Sanders,1
Ronald Reagan,323,Barack Obama Donald Trump,0
Ronald Reagan,323,Barack Obama Elizabeth Warren,0
Ronald Reagan,323,Barack Obama George W. Bush,0
Ronald Reagan,323,Barack Obama Hillary Clinton,0
Ronald Reagan,323,Barack Obama Joe Biden,0
Ronald Reagan,323,Barack Obama Richard Nixon,1
Ronald Reagan,323,Bernie Sanders Donald Trump,0
Ronald Reagan,323,Bernie Sanders Elizabeth Warren,1
Ronald Reagan,323,Bernie Sanders George W. Bush,0
Ronald Reagan,323,Bernie Sanders Hillary Clinton,0
Ronald Reagan,323,Bernie Sanders Joe Biden,0
Ronald Reagan,323,Bernie Sanders Richard Nixon,0
Ronald Reagan,323,Donald Trump Elizabeth Warren,0
Ronald Reagan,323,Donald Trump George W. Bush,0
Ronald Reagan,323,Donald Trump Hillary Clinton,1
Ronald Reagan,323,Donald Trump Joe Biden,0
Ronald Reagan,323,Donald Trump Richard Nixon,0
Ronald Reagan,323,Elizabeth Warren George W. Bush,0
Ronald Reagan,323,Elizabeth Warren Joe Biden,0
Ronald Reagan,323,Elizabeth Warren Richard Nixon,0
Ronald Reagan,323,George W. Bush Hillary Clinton,0
Ronald Reagan,323,George W. Bush Joe Biden,0
Ronald Reagan,323,George W. Bush Richard Nixon,0
Ronald Reagan,323,Hillary Clinton Joe Biden,0
Ronald Reagan,323,Hillary Clinton Richard Nixon,0
Ronald Reagan,323,Joe Biden Richard Nixon,0
Barack Obama,324,Abraham Lincoln Bernie Sanders,0
Barack Obama,324,Abraham Lincoln Donald Trump,0
Barack Obama,324,Abraham Lincoln Elizabeth Warren,0
Barack Obama,324,Abraham Lincoln George W. Bush,0
Barack Obama,324,Abraham Lincoln Hillary Clinton,0
Barack Obama,324,Abraham Lincoln Joe Biden,0
Barack Obama,324,Abraham Lincoln Richard Nixon,0
Barack Obama,324,Abraham Lincoln Ronald Reagan,0
Barack Obama,324,Bernie Sanders Donald Trump,0
Barack Obama,324,Bernie Sanders Elizabeth Warren,1
Barack Obama,324,Bernie Sanders George W. Bush,0
Barack Obama,324,Bernie Sanders Hillary Clinton,0
Barack Obama,324,Bernie Sanders Joe Biden,0
Barack Obama,324,Bernie Sanders Richard Nixon,0
Barack Obama,324,Bernie Sanders Ronald Reagan,0
Barack Obama,324,Donald Trump Elizabeth Warren,0
Barack Obama,324,Donald Trump George W. Bush,0
Barack Obama,324,Donald Trump Hillary Clinton,0
Barack Obama,324,Donald Trump Joe Biden,0
Barack Obama,324,Donald Trump Richard Nixon,0
Barack Obama,324,Donald Trump Ronald Reagan,0
Barack Obama,324,Elizabeth Warren George W. Bush,0
Barack Obama,324,Elizabeth Warren Hillary Clinton,0
Barack Obama,324,Elizabeth Warren Richard Nixon,0
Barack Obama,324,Elizabeth Warren Ronald Reagan,0
Barack Obama,324,George W. Bush Hillary Clinton,0
Barack Obama,324,George W. Bush Joe Biden,0
Barack Obama,324,George W. Bush Richard Nixon,0
Barack Obama,324,George W. Bush Ronald Reagan,0
Barack Obama,324,Hillary Clinton Joe Biden,0
Barack Obama,324,Hillary Clinton Richard Nixon,0
Barack Obama,324,Hillary Clinton Ronald Reagan,1
Barack Obama,324,Joe Biden Richard Nixon,0
Barack Obama,324,Joe Biden Ronald Reagan,0
Barack Obama,324,Richard Nixon Ronald Reagan,0
Ronald Reagan,325,Abraham Lincoln Barack Obama,0
Ronald Reagan,325,Abraham Lincoln Bernie Sanders,0
Ronald Reagan,325,Abraham Lincoln Donald Trump,0
Ronald Reagan,325,Abraham Lincoln Elizabeth Warren,0
Ronald Reagan,325,Abraham Lincoln George W. Bush,0
Ronald Reagan,325,Abraham Lincoln Hillary Clinton,0
Ronald Reagan,325,Abraham Lincoln Joe Biden,0
Ronald Reagan,325,Barack Obama Bernie Sanders,0
Ronald Reagan,325,Barack Obama Donald Trump,0
Ronald Reagan,325,Barack Obama Elizabeth Warren,0
Ronald Reagan,325,Barack Obama Hillary Clinton,0
Ronald Reagan,325,Barack Obama Joe Biden,0
Ronald Reagan,325,Barack Obama Richard Nixon,0
Ronald Reagan,325,Bernie Sanders Donald Trump,0
Ronald Reagan,325,Bernie Sanders Elizabeth Warren,0
Ronald Reagan,325,Bernie Sanders George W. Bush,0
Ronald Reagan,325,Bernie Sanders Hillary Clinton,0
Ronald Reagan,325,Bernie Sanders Joe Biden,0
Ronald Reagan,325,Bernie Sanders Richard Nixon,0
Ronald Reagan,325,Donald Trump Elizabeth Warren,0
Ronald Reagan,325,Donald Trump George W. Bush,0
Ronald Reagan,325,Donald Trump Hillary Clinton,0
Ronald Reagan,325,Donald Trump Joe Biden,0
Ronald Reagan,325,Donald Trump Richard Nixon,0
Ronald Reagan,325,Elizabeth Warren George W. Bush,0
Ronald Reagan,325,Elizabeth Warren Hillary Clinton,0
Ronald Reagan,325,Elizabeth Warren Joe Biden,0
Ronald Reagan,325,Elizabeth Warren Richard Nixon,0
Ronald Reagan,325,George W. Bush Hillary Clinton,0
Ronald Reagan,325,George W. Bush Richard Nixon,0
Ronald Reagan,325,Hillary Clinton Joe Biden,0
Ronald Reagan,325,Hillary Clinton Richard Nixon,0
Ronald Reagan,325,Joe Biden Richard Nixon,0
Abraham Lincoln,326,Barack Obama Bernie Sanders,0
Abraham Lincoln,326,Barack Obama Donald Trump,0
Abraham Lincoln,326,Barack Obama Elizabeth Warren,0
Abraham Lincoln,326,Barack Obama Hillary Clinton,0
Abraham Lincoln,326,Barack Obama Joe Biden,0
Abraham Lincoln,326,Barack Obama Richard Nixon,0
Abraham Lincoln,326,Barack Obama Ronald Reagan,0
Abraham Lincoln,326,Bernie Sanders Donald Trump,0
Abraham Lincoln,326,Bernie Sanders Elizabeth Warren,0
Abraham Lincoln,326,Bernie Sanders George W. Bush,0
Abraham Lincoln,326,Bernie Sanders Hillary Clinton,0
Abraham Lincoln,326,Bernie Sanders Joe Biden,0
Abraham Lincoln,326,Bernie Sanders Richard Nixon,0
Abraham Lincoln,326,Bernie Sanders Ronald Reagan,0
Abraham Lincoln,326,Donald Trump Elizabeth Warren,0
Abraham Lincoln,326,Donald Trump George W. Bush,0
Abraham Lincoln,326,Donald Trump Hillary Clinton,0
Abraham Lincoln,326,Donald Trump Joe Biden,0
Abraham Lincoln,326,Donald Trump Richard Nixon,1
Abraham Lincoln,326,Donald Trump Ronald Reagan,0
Abraham Lincoln,326,Elizabeth Warren George W. Bush,0
Abraham Lincoln,326,Elizabeth Warren Hillary Clinton,0
Abraham Lincoln,326,Elizabeth Warren Richard Nixon,0
Abraham Lincoln,326,Elizabeth Warren Ronald Reagan,0
Abraham Lincoln,326,George W. Bush Hillary Clinton,0
Abraham Lincoln,326,George W. Bush Joe Biden,0
Abraham Lincoln,326,George W. Bush Richard Nixon,1
Abraham Lincoln,326,George W. Bush Ronald Reagan,0
Abraham Lincoln,326,Hillary Clinton Joe Biden,0
Abraham Lincoln,326,Hillary Clinton Richard Nixon,0
Abraham Lincoln,326,Hillary Clinton Ronald Reagan,0
Abraham Lincoln,326,Joe Biden Ronald Reagan,0
Abraham Lincoln,326,Richard Nixon Ronald Reagan,0
Joe Biden,327,Abraham Lincoln Barack Obama,0
Joe Biden,327,Abraham Lincoln Bernie Sanders,0
Joe Biden,327,Abraham Lincoln Donald Trump,0
Joe Biden,327,Abraham Lincoln Elizabeth Warren,0
Joe Biden,327,Abraham Lincoln George W. Bush,0
Joe Biden,327,Abraham Lincoln Hillary Clinton,0
Joe Biden,327,Abraham Lincoln Richard Nixon,1
Joe Biden,327,Abraham Lincoln Ronald Reagan,0
Joe Biden,327,Barack Obama Bernie Sanders,0
Joe Biden,327,Barack Obama Donald Trump,0
Joe Biden,327,Barack Obama Elizabeth Warren,0
Joe Biden,327,Barack Obama George W. Bush,0
Joe Biden,327,Barack Obama Hillary Clinton,0
Joe Biden,327,Barack Obama Richard Nixon,0
Joe Biden,327,Barack Obama Ronald Reagan,1
Joe Biden,327,Bernie Sanders Donald Trump,0
Joe Biden,327,Bernie Sanders Elizabeth Warren,0
Joe Biden,327,Bernie Sanders George W. Bush,0
Joe Biden,327,Bernie Sanders Hillary Clinton,0
Joe Biden,327,Bernie Sanders Richard Nixon,0
Joe Biden,327,Bernie Sanders Ronald Reagan,0
Joe Biden,327,Donald Trump Hillary Clinton,0
Joe Biden,327,Donald Trump Richard Nixon,0
Joe Biden,327,Donald Trump Ronald Reagan,0
Joe Biden,327,Elizabeth Warren George W. Bush,1
Joe Biden,327,Elizabeth Warren Hillary Clinton,0
Joe Biden,327,Elizabeth Warren Richard Nixon,0
Joe Biden,327,Elizabeth Warren Ronald Reagan,0
Joe Biden,327,George W. Bush Hillary Clinton,0
Joe Biden,327,George W. Bush Richard Nixon,0
Joe Biden,327,George W. Bush Ronald Reagan,1
Joe Biden,327,Hillary Clinton Richard Nixon,1
Joe Biden,327,Hillary Clinton Ronald Reagan,0
Joe Biden,327,Richard Nixon Ronald Reagan,0
Abraham Lincoln,328,Barack Obama Bernie Sanders,0
Abraham Lincoln,328,Barack Obama Donald Trump,0
Abraham Lincoln,328,Barack Obama Elizabeth Warren,0
Abraham Lincoln,328,Barack Obama Hillary Clinton,0
Abraham Lincoln,328,Barack Obama Joe Biden,0
Abraham Lincoln,328,Barack Obama Ronald Reagan,0
Abraham Lincoln,328,Bernie Sanders Elizabeth Warren,0
Abraham Lincoln,328,Bernie Sanders George W. Bush,1
Abraham Lincoln,328,Bernie Sanders Hillary Clinton,0
Abraham Lincoln,328,Bernie Sanders Joe Biden,0
Abraham Lincoln,328,Bernie Sanders Richard Nixon,1
Abraham Lincoln,328,Bernie Sanders Ronald Reagan,0
Abraham Lincoln,328,Donald Trump Elizabeth Warren,0
Abraham Lincoln,328,Donald Trump George W. Bush,1
Abraham Lincoln,328,Donald Trump Hillary Clinton,0
Abraham Lincoln,328,Donald Trump Joe Biden,0
Abraham Lincoln,328,Donald Trump Richard Nixon,1
Abraham Lincoln,328,Donald Trump Ronald Reagan,0
Abraham Lincoln,328,Elizabeth Warren George W. Bush,0
Abraham Lincoln,328,Elizabeth Warren Hillary Clinton,0
Abraham Lincoln,328,Elizabeth Warren Joe Biden,0
Abraham Lincoln,328,Elizabeth Warren Richard Nixon,0
Abraham Lincoln,328,Elizabeth Warren Ronald Reagan,0
Abraham Lincoln,328,George W. Bush Hillary Clinton,0
Abraham Lincoln,328,George W. Bush Richard Nixon,0
Abraham Lincoln,328,George W. Bush Ronald Reagan,0
Abraham Lincoln,328,Hillary Clinton Joe Biden,1
Abraham Lincoln,328,Hillary Clinton Richard Nixon,0
Abraham Lincoln,328,Hillary Clinton Ronald Reagan,0
Abraham Lincoln,328,Joe Biden Richard Nixon,0
Abraham Lincoln,328,Joe Biden Ronald Reagan,0
Abraham Lincoln,328,Richard Nixon Ronald Reagan,0
Richard Nixon,329,Abraham Lincoln Barack Obama,0
Richard Nixon,329,Abraham Lincoln Bernie Sanders,0
Richard Nixon,329,Abraham Lincoln Donald Trump,0
Richard Nixon,329,Abraham Lincoln Elizabeth Warren,0
Richard Nixon,329,Abraham Lincoln Hillary Clinton,0
Richard Nixon,329,Abraham Lincoln Joe Biden,0
Richard Nixon,329,Abraham Lincoln Ronald Reagan,0
Richard Nixon,329,Barack Obama Bernie Sanders,0
Richard Nixon,329,Barack Obama Donald Trump,0
Richard Nixon,329,Barack Obama Elizabeth Warren,0
Richard Nixon,329,Barack Obama George W. Bush,0
Richard Nixon,329,Barack Obama Hillary Clinton,0
Richard Nixon,329,Barack Obama Joe Biden,0
Richard Nixon,329,Barack Obama Ronald Reagan,0
Richard Nixon,329,Bernie Sanders Donald Trump,0
Richard Nixon,329,Bernie Sanders Elizabeth Warren,0
Richard Nixon,329,Bernie Sanders George W. Bush,0
Richard Nixon,329,Bernie Sanders Hillary Clinton,0
Richard Nixon,329,Bernie Sanders Ronald Reagan,0
Richard Nixon,329,Donald Trump Elizabeth Warren,0
Richard Nixon,329,Donald Trump Hillary Clinton,0
Richard Nixon,329,Donald Trump Joe Biden,0
Richard Nixon,329,Donald Trump Ronald Reagan,0
Richard Nixon,329,Elizabeth Warren George W. Bush,0
Richard Nixon,329,Elizabeth Warren Hillary Clinton,0
Richard Nixon,329,Elizabeth Warren Joe Biden,1
Richard Nixon,329,Elizabeth Warren Ronald Reagan,0
Richard Nixon,329,George W. Bush Hillary Clinton,0
Richard Nixon,329,George W. Bush Joe Biden,0
Richard Nixon,329,George W. Bush Ronald Reagan,0
Richard Nixon,329,Hillary Clinton Joe Biden,0
Richard Nixon,329,Hillary Clinton Ronald Reagan,0
Richard Nixon,329,Joe Biden Ronald Reagan,0
George W. Bush,330,Abraham Lincoln Barack Obama,0
George W. Bush,330,Abraham Lincoln Bernie Sanders,0
George W. Bush,330,Abraham Lincoln Donald Trump,0
George W. Bush,330,Abraham Lincoln Elizabeth Warren,0
George W. Bush,330,Abraham Lincoln Richard Nixon,0
George W. Bush,330,Abraham Lincoln Ronald Reagan,0
George W. Bush,330,Barack Obama Bernie Sanders,0
George W. Bush,330,Barack Obama Donald Trump,1
George W. Bush,330,Barack Obama Hillary Clinton,0
George W. Bush,330,Barack Obama Joe Biden,0
George W. Bush,330,Barack Obama Ronald Reagan,0
George W. Bush,330,Bernie Sanders Donald Trump,0
George W. Bush,330,Bernie Sanders Elizabeth Warren,0
George W. Bush,330,Bernie Sanders Joe Biden,0
George W. Bush,330,Bernie Sanders Richard Nixon,0
George W. Bush,330,Bernie Sanders Ronald Reagan,0
George W. Bush,330,Donald Trump Elizabeth Warren,0
George W. Bush,330,Donald Trump Hillary Clinton,0
George W. Bush,330,Donald Trump Joe Biden,0
George W. Bush,330,Donald Trump Richard Nixon,0
George W. Bush,330,Donald Trump Ronald Reagan,0
George W. Bush,330,Elizabeth Warren Hillary Clinton,0
George W. Bush,330,Elizabeth Warren Joe Biden,0
George W. Bush,330,Elizabeth Warren Richard Nixon,0
George W. Bush,330,Elizabeth Warren Ronald Reagan,0
George W. Bush,330,Hillary Clinton Joe Biden,0
George W. Bush,330,Hillary Clinton Richard Nixon,0
George W. Bush,330,Joe Biden Richard Nixon,1
George W. Bush,330,Joe Biden Ronald Reagan,0
George W. Bush,330,Richard Nixon Ronald Reagan,0
Hillary Clinton,331,Abraham Lincoln Bernie Sanders,0
Hillary Clinton,331,Abraham Lincoln Donald Trump,0
Hillary Clinton,331,Abraham Lincoln Elizabeth Warren,0
Hillary Clinton,331,Abraham Lincoln George W. Bush,0
Hillary Clinton,331,Abraham Lincoln Joe Biden,0
Hillary Clinton,331,Abraham Lincoln Richard Nixon,0
Hillary Clinton,331,Abraham Lincoln Ronald Reagan,0
Hillary Clinton,331,Barack Obama Bernie Sanders,0
Hillary Clinton,331,Barack Obama Elizabeth Warren,0
Hillary Clinton,331,Barack Obama George W. Bush,0
Hillary Clinton,331,Barack Obama Joe Biden,0
Hillary Clinton,331,Barack Obama Richard Nixon,0
Hillary Clinton,331,Barack Obama Ronald Reagan,0
Hillary Clinton,331,Bernie Sanders Elizabeth Warren,0
Hillary Clinton,331,Bernie Sanders George W. Bush,0
Hillary Clinton,331,Bernie Sanders Joe Biden,0
Hillary Clinton,331,Bernie Sanders Richard Nixon,0
Hillary Clinton,331,Bernie Sanders Ronald Reagan,0
Hillary Clinton,331,Donald Trump Elizabeth Warren,0
Hillary Clinton,331,Donald Trump George W. Bush,0
Hillary Clinton,331,Donald Trump Joe Biden,0
Hillary Clinton,331,Donald Trump Richard Nixon,0
Hillary Clinton,331,Donald Trump Ronald Reagan,0
Hillary Clinton,331,Elizabeth Warren George W. Bush,1
Hillary Clinton,331,Elizabeth Warren Joe Biden,0
Hillary Clinton,331,Elizabeth Warren Richard Nixon,0
Hillary Clinton,331,Elizabeth Warren Ronald Reagan,0
Hillary Clinton,331,George W. Bush Joe Biden,1
Hillary Clinton,331,George W. Bush Richard Nixon,0
Hillary Clinton,331,George W. Bush Ronald Reagan,0
Hillary Clinton,331,Joe Biden Richard Nixon,0
Hillary Clinton,331,Joe Biden Ronald Reagan,0
Hillary Clinton,331,Richard Nixon Ronald Reagan,0
Ronald Reagan,332,Abraham Lincoln Barack Obama,0
Ronald Reagan,332,Abraham Lincoln Bernie Sanders,0
Ronald Reagan,332,Abraham Lincoln Donald Trump,0
Ronald Reagan,332,Abraham Lincoln Elizabeth Warren,0
Ronald Reagan,332,Abraham Lincoln George W. Bush,1
Ronald Reagan,332,Abraham Lincoln Hillary Clinton,0
Ronald Reagan,332,Abraham Lincoln Joe Biden,0
Ronald Reagan,332,Abraham Lincoln Richard Nixon,0
Ronald Reagan,332,Barack Obama Bernie Sanders,0
Ronald Reagan,332,Barack Obama Donald Trump,0
Ronald Reagan,332,Barack Obama Elizabeth Warren,0
Ronald Reagan,332,Barack Obama George W. Bush,0
Ronald Reagan,332,Barack Obama Hillary Clinton,0
Ronald Reagan,332,Barack Obama Joe Biden,0
Ronald Reagan,332,Bernie Sanders Donald Trump,0
Ronald Reagan,332,Bernie Sanders Elizabeth Warren,0
Ronald Reagan,332,Bernie Sanders George W. Bush,0
Ronald Reagan,332,Bernie Sanders Hillary Clinton,0
Ronald Reagan,332,Bernie Sanders Joe Biden,0
Ronald Reagan,332,Bernie Sanders Richard Nixon,0
Ronald Reagan,332,Donald Trump Elizabeth Warren,0
Ronald Reagan,332,Donald Trump George W. Bush,0
Ronald Reagan,332,Donald Trump Joe Biden,0
Ronald Reagan,332,Donald Trump Richard Nixon,0
Ronald Reagan,332,Elizabeth Warren George W. Bush,0
Ronald Reagan,332,Elizabeth Warren Hillary Clinton,0
Ronald Reagan,332,Elizabeth Warren Joe Biden,0
Ronald Reagan,332,Elizabeth Warren Richard Nixon,0
Ronald Reagan,332,George W. Bush Hillary Clinton,0
Ronald Reagan,332,George W. Bush Joe Biden,0
Ronald Reagan,332,George W. Bush Richard Nixon,0
Ronald Reagan,332,Hillary Clinton Joe Biden,0
Ronald Reagan,332,Hillary Clinton Richard Nixon,0
Hillary Clinton,333,Abraham Lincoln Barack Obama,0
Hillary Clinton,333,Abraham Lincoln Bernie Sanders,0
Hillary Clinton,333,Abraham Lincoln Donald Trump,0
Hillary Clinton,333,Abraham Lincoln Elizabeth Warren,0
Hillary Clinton,333,Abraham Lincoln George W. Bush,0
Hillary Clinton,333,Abraham Lincoln Joe Biden,0
Hillary Clinton,333,Abraham Lincoln Richard Nixon,0
Hillary Clinton,333,Abraham Lincoln Ronald Reagan,0
Hillary Clinton,333,Barack Obama Bernie Sanders,0
Hillary Clinton,333,Barack Obama Donald Trump,0
Hillary Clinton,333,Barack Obama Elizabeth Warren,0
Hillary Clinton,333,Barack Obama George W. Bush,0
Hillary Clinton,333,Barack Obama Joe Biden,0
Hillary Clinton,333,Barack Obama Richard Nixon,0
Hillary Clinton,333,Barack Obama Ronald Reagan,0
Hillary Clinton,333,Bernie Sanders Donald Trump,0
Hillary Clinton,333,Bernie Sanders Elizabeth Warren,0
Hillary Clinton,333,Bernie Sanders George W. Bush,0
Hillary Clinton,333,Bernie Sanders Joe Biden,0
Hillary Clinton,333,Bernie Sanders Richard Nixon,0
Hillary Clinton,333,Bernie Sanders Ronald Reagan,0
Hillary Clinton,333,Donald Trump Elizabeth Warren,0
Hillary Clinton,333,Donald Trump George W. Bush,0
Hillary Clinton,333,Donald Trump Joe Biden,0
Hillary Clinton,333,Donald Trump Richard Nixon,0
Hillary Clinton,333,Donald Trump Ronald Reagan,0
Hillary Clinton,333,Elizabeth Warren George W. Bush,0
Hillary Clinton,333,Elizabeth Warren Joe Biden,0
Hillary Clinton,333,Elizabeth Warren Richard Nixon,0
Hillary Clinton,333,Elizabeth Warren Ronald Reagan,0
Hillary Clinton,333,George W. Bush Joe Biden,0
Hillary Clinton,333,George W. Bush Richard Nixon,0
Hillary Clinton,333,George W. Bush Ronald Reagan,0
Hillary Clinton,333,Joe Biden Richard Nixon,1
Hillary Clinton,333,Joe Biden Ronald Reagan,1
Hillary Clinton,333,Richard Nixon Ronald Reagan,0
Ronald Reagan,334,Abraham Lincoln Barack Obama,0
Ronald Reagan,334,Abraham Lincoln Bernie Sanders,0
Ronald Reagan,334,Abraham Lincoln Donald Trump,0
Ronald Reagan,334,Abraham Lincoln Elizabeth Warren,0
Ronald Reagan,334,Abraham Lincoln George W. Bush,0
Ronald Reagan,334,Abraham Lincoln Hillary Clinton,0
Ronald Reagan,334,Abraham Lincoln Joe Biden,0
Ronald Reagan,334,Abraham Lincoln Richard Nixon,0
Ronald Reagan,334,Barack Obama Bernie Sanders,1
Ronald Reagan,334,Barack Obama Elizabeth Warren,0
Ronald Reagan,334,Barack Obama Hillary Clinton,0
Ronald Reagan,334,Barack Obama Joe Biden,0
Ronald Reagan,334,Barack Obama Richard Nixon,0
Ronald Reagan,334,Bernie Sanders Donald Trump,0
Ronald Reagan,334,Bernie Sanders Elizabeth Warren,0
Ronald Reagan,334,Bernie Sanders George W. Bush,0
Ronald Reagan,334,Bernie Sanders Hillary Clinton,0
Ronald Reagan,334,Bernie Sanders Joe Biden,0
Ronald Reagan,334,Bernie Sanders Richard Nixon,0
Ronald Reagan,334,Donald Trump Elizabeth Warren,0
Ronald Reagan,334,Donald Trump George W. Bush,0
Ronald Reagan,334,Donald Trump Hillary Clinton,0
Ronald Reagan,334,Donald Trump Joe Biden,0
Ronald Reagan,334,Donald Trump Richard Nixon,0
Ronald Reagan,334,Elizabeth Warren George W. Bush,0
Ronald Reagan,334,Elizabeth Warren Hillary Clinton,0
Ronald Reagan,334,Elizabeth Warren Joe Biden,0
Ronald Reagan,334,Elizabeth Warren Richard Nixon,0
Ronald Reagan,334,George W. Bush Hillary Clinton,0
Ronald Reagan,334,George W. Bush Joe Biden,0
Ronald Reagan,334,George W. Bush Richard Nixon,0
Ronald Reagan,334,Hillary Clinton Joe Biden,0
Ronald Reagan,334,Hillary Clinton Richard Nixon,0
Ronald Reagan,334,Joe Biden Richard Nixon,1
Bernie Sanders,335,Abraham Lincoln Barack Obama,0
Bernie Sanders,335,Abraham Lincoln Donald Trump,0
Bernie Sanders,335,Abraham Lincoln Elizabeth Warren,0
Bernie Sanders,335,Abraham Lincoln George W. Bush,1
Bernie Sanders,335,Abraham Lincoln Hillary Clinton,0
Bernie Sanders,335,Abraham Lincoln Joe Biden,0
Bernie Sanders,335,Abraham Lincoln Richard Nixon,0
Bernie Sanders,335,Abraham Lincoln Ronald Reagan,0
Bernie Sanders,335,Barack Obama Elizabeth Warren,0
Bernie Sanders,335,Barack Obama George W. Bush,0
Bernie Sanders,335,Barack Obama Hillary Clinton,0
Bernie Sanders,335,Barack Obama Joe Biden,0
Bernie Sanders,335,Barack Obama Richard Nixon,0
Bernie Sanders,335,Barack Obama Ronald Reagan,0
Bernie Sanders,335,Donald Trump Elizabeth Warren,0
Bernie Sanders,335,Donald Trump George W. Bush,0
Bernie Sanders,335,Donald Trump Hillary Clinton,0
Bernie Sanders,335,Donald Trump Joe Biden,0
Bernie Sanders,335,Donald Trump Richard Nixon,1
Bernie Sanders,335,Donald Trump Ronald Reagan,0
Bernie Sanders,335,Elizabeth Warren George W. Bush,0
Bernie Sanders,335,Elizabeth Warren Hillary Clinton,0
Bernie Sanders,335,Elizabeth Warren Joe Biden,0
Bernie Sanders,335,Elizabeth Warren Richard Nixon,0
Bernie Sanders,335,Elizabeth Warren Ronald Reagan,0
Bernie Sanders,335,George W. Bush Hillary Clinton,0
Bernie Sanders,335,George W. Bush Joe Biden,0
Bernie Sanders,335,George W. Bush Richard Nixon,1
Bernie Sanders,335,George W. Bush Ronald Reagan,0
Bernie Sanders,335,Hillary Clinton Richard Nixon,0
Bernie Sanders,335,Hillary Clinton Ronald Reagan,1
Bernie Sanders,335,Joe Biden Richard Nixon,0
Bernie Sanders,335,Joe Biden Ronald Reagan,0
Bernie Sanders,335,Richard Nixon Ronald Reagan,0
Barack Obama,336,Abraham Lincoln Bernie Sanders,0
Barack Obama,336,Abraham Lincoln Donald Trump,0
Barack Obama,336,Abraham Lincoln Elizabeth Warren,0
Barack Obama,336,Abraham Lincoln George W. Bush,0
Barack Obama,336,Abraham Lincoln Hillary Clinton,0
Barack Obama,336,Abraham Lincoln Joe Biden,0
Barack Obama,336,Abraham Lincoln Richard Nixon,0
Barack Obama,336,Abraham Lincoln Ronald Reagan,0
Barack Obama,336,Bernie Sanders Donald Trump,0
Barack Obama,336,Bernie Sanders Elizabeth Warren,0
Barack Obama,336,Bernie Sanders George W. Bush,0
Barack Obama,336,Bernie Sanders Hillary Clinton,0
Barack Obama,336,Bernie Sanders Joe Biden,0
Barack Obama,336,Bernie Sanders Ronald Reagan,0
Barack Obama,336,Donald Trump Elizabeth Warren,0
Barack Obama,336,Donald Trump Hillary Clinton,0
Barack Obama,336,Donald Trump Joe Biden,0
Barack Obama,336,Donald Trump Richard Nixon,0
Barack Obama,336,Donald Trump Ronald Reagan,0
Barack Obama,336,Elizabeth Warren George W. Bush,0
Barack Obama,336,Elizabeth Warren Hillary Clinton,0
Barack Obama,336,Elizabeth Warren Joe Biden,0
Barack Obama,336,Elizabeth Warren Richard Nixon,0
Barack Obama,336,Elizabeth Warren Ronald Reagan,0
Barack Obama,336,George W. Bush Hillary Clinton,1
Barack Obama,336,George W. Bush Joe Biden,0
Barack Obama,336,George W. Bush Ronald Reagan,1
Barack Obama,336,Hillary Clinton Joe Biden,0
Barack Obama,336,Hillary Clinton Richard Nixon,0
Barack Obama,336,Hillary Clinton Ronald Reagan,0
Barack Obama,336,Joe Biden Ronald Reagan,0
Barack Obama,336,Richard Nixon Ronald Reagan,0
Richard Nixon,337,Abraham Lincoln Barack Obama,0
Richard Nixon,337,Abraham Lincoln Bernie Sanders,0
Richard Nixon,337,Abraham Lincoln Donald Trump,0
Richard Nixon,337,Abraham Lincoln Elizabeth Warren,0
Richard Nixon,337,Abraham Lincoln George W. Bush,0
Richard Nixon,337,Abraham Lincoln Hillary Clinton,0
Richard Nixon,337,Abraham Lincoln Joe Biden,1
Richard Nixon,337,Abraham Lincoln Ronald Reagan,0
Richard Nixon,337,Barack Obama Bernie Sanders,0
Richard Nixon,337,Barack Obama Donald Trump,0
Richard Nixon,337,Barack Obama Elizabeth Warren,0
Richard Nixon,337,Barack Obama George W. Bush,0
Richard Nixon,337,Barack Obama Hillary Clinton,0
Richard Nixon,337,Barack Obama Joe Biden,0
Richard Nixon,337,Barack Obama Ronald Reagan,0
Richard Nixon,337,Bernie Sanders Donald Trump,0
Richard Nixon,337,Bernie Sanders Elizabeth Warren,0
Richard Nixon,337,Bernie Sanders George W. Bush,0
Richard Nixon,337,Bernie Sanders Hillary Clinton,0
Richard Nixon,337,Bernie Sanders Joe Biden,0
Richard Nixon,337,Bernie Sanders Ronald Reagan,1
Richard Nixon,337,Donald Trump Elizabeth Warren,0
Richard Nixon,337,Donald Trump George W. Bush,0
Richard Nixon,337,Donald Trump Hillary Clinton,1
Richard Nixon,337,Donald Trump Joe Biden,1
Richard Nixon,337,Donald Trump Ronald Reagan,0
Richard Nixon,337,Elizabeth Warren George W. Bush,1
Richard Nixon,337,Elizabeth Warren Hillary Clinton,0
Richard Nixon,337,Elizabeth Warren Joe Biden,1
Richard Nixon,337,Elizabeth Warren Ronald Reagan,0
Richard Nixon,337,George W. Bush Hillary Clinton,0
Richard Nixon,337,George W. Bush Joe Biden,1
Richard Nixon,337,George W. Bush Ronald Reagan,0
Richard Nixon,337,Hillary Clinton Joe Biden,0
Richard Nixon,337,Hillary Clinton Ronald Reagan,0
Richard Nixon,337,Joe Biden Ronald Reagan,0
Joe Biden,338,Abraham Lincoln Barack Obama,0
Joe Biden,338,Abraham Lincoln Bernie Sanders,1
Joe Biden,338,Abraham Lincoln Donald Trump,0
Joe Biden,338,Abraham Lincoln Elizabeth Warren,0
Joe Biden,338,Abraham Lincoln George W. Bush,0
Joe Biden,338,Abraham Lincoln Hillary Clinton,0
Joe Biden,338,Abraham Lincoln Richard Nixon,0
Joe Biden,338,Abraham Lincoln Ronald Reagan,0
Joe Biden,338,Barack Obama Bernie Sanders,0
Joe Biden,338,Barack Obama Donald Trump,0
Joe Biden,338,Barack Obama Elizabeth Warren,0
Joe Biden,338,Barack Obama George W. Bush,0
Joe Biden,338,Barack Obama Hillary Clinton,0
Joe Biden,338,Barack Obama Richard Nixon,0
Joe Biden,338,Bernie Sanders Donald Trump,0
Joe Biden,338,Bernie Sanders Elizabeth Warren,0
Joe Biden,338,Bernie Sanders George W. Bush,0
Joe Biden,338,Bernie Sanders Hillary Clinton,0
Joe Biden,338,Bernie Sanders Richard Nixon,1
Joe Biden,338,Bernie Sanders Ronald Reagan,0
Joe Biden,338,Donald Trump Elizabeth Warren,0
Joe Biden,338,Donald Trump George W. Bush,0
Joe Biden,338,Donald Trump Richard Nixon,0
Joe Biden,338,Donald Trump Ronald Reagan,0
Joe Biden,338,Elizabeth Warren George W. Bush,0
Joe Biden,338,Elizabeth Warren Hillary Clinton,0
Joe Biden,338,Elizabeth Warren Richard Nixon,0
Joe Biden,338,Elizabeth Warren Ronald Reagan,0
Joe Biden,338,George W. Bush Hillary Clinton,0
Joe Biden,338,George W. Bush Richard Nixon,0
Joe Biden,338,George W. Bush Ronald Reagan,0
Joe Biden,338,Hillary Clinton Richard Nixon,0
Joe Biden,338,Hillary Clinton Ronald Reagan,0
Joe Biden,338,Richard Nixon Ronald Reagan,0
Ronald Reagan,339,Abraham Lincoln Barack Obama,0
Ronald Reagan,339,Abraham Lincoln Bernie Sanders,0
Ronald Reagan,339,Abraham Lincoln Elizabeth Warren,0
Ronald Reagan,339,Abraham Lincoln George W. Bush,0
Ronald Reagan,339,Abraham Lincoln Hillary Clinton,0
Ronald Reagan,339,Abraham Lincoln Joe Biden,0
Ronald Reagan,339,Abraham Lincoln Richard Nixon,0
Ronald Reagan,339,Barack Obama Bernie Sanders,0
Ronald Reagan,339,Barack Obama Elizabeth Warren,0
Ronald Reagan,339,Barack Obama George W. Bush,0
Ronald Reagan,339,Barack Obama Hillary Clinton,0
Ronald Reagan,339,Barack Obama Joe Biden,0
Ronald Reagan,339,Barack Obama Richard Nixon,0
Ronald Reagan,339,Bernie Sanders Donald Trump,0
Ronald Reagan,339,Bernie Sanders Elizabeth Warren,0
Ronald Reagan,339,Bernie Sanders George W. Bush,1
Ronald Reagan,339,Bernie Sanders Hillary Clinton,0
Ronald Reagan,339,Bernie Sanders Joe Biden,0
Ronald Reagan,339,Bernie Sanders Richard Nixon,0
Ronald Reagan,339,Donald Trump Elizabeth Warren,0
Ronald Reagan,339,Donald Trump George W. Bush,0
Ronald Reagan,339,Donald Trump Hillary Clinton,0
Ronald Reagan,339,Donald Trump Joe Biden,0
Ronald Reagan,339,Donald Trump Richard Nixon,0
Ronald Reagan,339,Elizabeth Warren George W. Bush,0
Ronald Reagan,339,Elizabeth Warren Hillary Clinton,0
Ronald Reagan,339,Elizabeth Warren Joe Biden,0
Ronald Reagan,339,Elizabeth Warren Richard Nixon,0
Ronald Reagan,339,George W. Bush Hillary Clinton,0
Ronald Reagan,339,George W. Bush Joe Biden,1
Ronald Reagan,339,George W. Bush Richard Nixon,0
Ronald Reagan,339,Hillary Clinton Joe Biden,0
Ronald Reagan,339,Hillary Clinton Richard Nixon,0
Ronald Reagan,339,Joe Biden Richard Nixon,0
Hillary Clinton,340,Abraham Lincoln Barack Obama,0
Hillary Clinton,340,Abraham Lincoln Bernie Sanders,0
Hillary Clinton,340,Abraham Lincoln Donald Trump,0
Hillary Clinton,340,Abraham Lincoln Elizabeth Warren,0
Hillary Clinton,340,Abraham Lincoln Joe Biden,0
Hillary Clinton,340,Abraham Lincoln Richard Nixon,0
Hillary Clinton,340,Abraham Lincoln Ronald Reagan,0
Hillary Clinton,340,Barack Obama Bernie Sanders,0
Hillary Clinton,340,Barack Obama Elizabeth Warren,1
Hillary Clinton,340,Barack Obama George W. Bush,0
Hillary Clinton,340,Barack Obama Joe Biden,0
Hillary Clinton,340,Barack Obama Ronald Reagan,0
Hillary Clinton,340,Bernie Sanders Donald Trump,0
Hillary Clinton,340,Bernie Sanders Elizabeth Warren,0
Hillary Clinton,340,Bernie Sanders George W. Bush,0
Hillary Clinton,340,Bernie Sanders Joe Biden,0
Hillary Clinton,340,Bernie Sanders Richard Nixon,0
Hillary Clinton,340,Bernie Sanders Ronald Reagan,0
Hillary Clinton,340,Donald Trump Elizabeth Warren,0
Hillary Clinton,340,Donald Trump Joe Biden,1
Hillary Clinton,340,Donald Trump Richard Nixon,0
Hillary Clinton,340,Donald Trump Ronald Reagan,0
Hillary Clinton,340,Elizabeth Warren George W. Bush,0
Hillary Clinton,340,Elizabeth Warren Joe Biden,0
Hillary Clinton,340,Elizabeth Warren Richard Nixon,0
Hillary Clinton,340,Elizabeth Warren Ronald Reagan,0
Hillary Clinton,340,George W. Bush Joe Biden,0
Hillary Clinton,340,George W. Bush Richard Nixon,0
Hillary Clinton,340,George W. Bush Ronald Reagan,0
Hillary Clinton,340,Joe Biden Richard Nixon,0
Hillary Clinton,340,Joe Biden Ronald Reagan,0
Hillary Clinton,340,Richard Nixon Ronald Reagan,1
Richard Nixon,341,Abraham Lincoln Barack Obama,0
Richard Nixon,341,Abraham Lincoln Bernie Sanders,0
Richard Nixon,341,Abraham Lincoln Donald Trump,0
Richard Nixon,341,Abraham Lincoln Elizabeth Warren,0
Richard Nixon,341,Abraham Lincoln George W. Bush,0
Richard Nixon,341,Abraham Lincoln Hillary Clinton,0
Richard Nixon,341,Abraham Lincoln Joe Biden,0
Richard Nixon,341,Abraham Lincoln Ronald Reagan,0
Richard Nixon,341,Barack Obama Bernie Sanders,0
Richard Nixon,341,Barack Obama Elizabeth Warren,0
Richard Nixon,341,Barack Obama George W. Bush,0
Richard Nixon,341,Barack Obama Hillary Clinton,0
Richard Nixon,341,Barack Obama Joe Biden,0
Richard Nixon,341,Bernie Sanders Donald Trump,0
Richard Nixon,341,Bernie Sanders Elizabeth Warren,0
Richard Nixon,341,Bernie Sanders George W. Bush,0
Richard Nixon,341,Bernie Sanders Hillary Clinton,0
Richard Nixon,341,Bernie Sanders Joe Biden,0
Richard Nixon,341,Bernie Sanders Ronald Reagan,0
Richard Nixon,341,Donald Trump Elizabeth Warren,0
Richard Nixon,341,Donald Trump George W. Bush,0
Richard Nixon,341,Donald Trump Hillary Clinton,0
Richard Nixon,341,Donald Trump Ronald Reagan,0
Richard Nixon,341,Elizabeth Warren George W. Bush,0
Richard Nixon,341,Elizabeth Warren Hillary Clinton,0
Richard Nixon,341,Elizabeth Warren Joe Biden,0
Richard Nixon,341,Elizabeth Warren Ronald Reagan,0
Richard Nixon,341,George W. Bush Joe Biden,0
Richard Nixon,341,George W. Bush Ronald Reagan,0
Richard Nixon,341,Hillary Clinton Joe Biden,0
Richard Nixon,341,Hillary Clinton Ronald Reagan,0
Richard Nixon,341,Joe Biden Ronald Reagan,0
Donald Trump,342,Abraham Lincoln Barack Obama,0
Donald Trump,342,Abraham Lincoln Bernie Sanders,0
Donald Trump,342,Abraham Lincoln Elizabeth Warren,0
Donald Trump,342,Abraham Lincoln George W. Bush,1
Donald Trump,342,Abraham Lincoln Hillary Clinton,0
Donald Trump,342,Abraham Lincoln Joe Biden,0
Donald Trump,342,Abraham Lincoln Richard Nixon,0
Donald Trump,342,Abraham Lincoln Ronald Reagan,0
Donald Trump,342,Barack Obama Bernie Sanders,0
Donald Trump,342,Barack Obama Elizabeth Warren,0
Donald Trump,342,Barack Obama George W. Bush,0
Donald Trump,342,Barack Obama Hillary Clinton,0
Donald Trump,342,Barack Obama Joe Biden,0
Donald Trump,342,Barack Obama Richard Nixon,1
Donald Trump,342,Barack Obama Ronald Reagan,1
Donald Trump,342,Bernie Sanders Elizabeth Warren,0
Donald Trump,342,Bernie Sanders George W. Bush,0
Donald Trump,342,Bernie Sanders Hillary Clinton,0
Donald Trump,342,Bernie Sanders Joe Biden,0
Donald Trump,342,Bernie Sanders Richard Nixon,0
Donald Trump,342,Bernie Sanders Ronald Reagan,0
Donald Trump,342,Elizabeth Warren George W. Bush,1
Donald Trump,342,Elizabeth Warren Hillary Clinton,0
Donald Trump,342,Elizabeth Warren Joe Biden,0
Donald Trump,342,Elizabeth Warren Ronald Reagan,0
Donald Trump,342,George W. Bush Hillary Clinton,0
Donald Trump,342,George W. Bush Joe Biden,0
Donald Trump,342,George W. Bush Richard Nixon,0
Donald Trump,342,George W. Bush Ronald Reagan,0
Donald Trump,342,Hillary Clinton Joe Biden,0
Donald Trump,342,Hillary Clinton Richard Nixon,0
Donald Trump,342,Hillary Clinton Ronald Reagan,0
Donald Trump,342,Joe Biden Richard Nixon,1
Donald Trump,342,Joe Biden Ronald Reagan,0
Donald Trump,342,Richard Nixon Ronald Reagan,0
Donald Trump,343,Abraham Lincoln Barack Obama,0
Donald Trump,343,Abraham Lincoln Bernie Sanders,0
Donald Trump,343,Abraham Lincoln Elizabeth Warren,0
Donald Trump,343,Abraham Lincoln George W. Bush,1
Donald Trump,343,Abraham Lincoln Hillary Clinton,0
Donald Trump,343,Abraham Lincoln Joe Biden,0
Donald Trump,343,Abraham Lincoln Richard Nixon,1
Donald Trump,343,Abraham Lincoln Ronald Reagan,0
Donald Trump,343,Barack Obama Bernie Sanders,0
Donald Trump,343,Barack Obama Elizabeth Warren,0
Donald Trump,343,Barack Obama George W. Bush,0
Donald Trump,343,Barack Obama Hillary Clinton,0
Donald Trump,343,Barack Obama Joe Biden,0
Donald Trump,343,Barack Obama Richard Nixon,0
Donald Trump,343,Barack Obama Ronald Reagan,1
Donald Trump,343,Bernie Sanders Elizabeth Warren,0
Donald Trump,343,Bernie Sanders George W. Bush,0
Donald Trump,343,Bernie Sanders Hillary Clinton,0
Donald Trump,343,Bernie Sanders Joe Biden,0
Donald Trump,343,Bernie Sanders Richard Nixon,0
Donald Trump,343,Bernie Sanders Ronald Reagan,1
Donald Trump,343,Elizabeth Warren George W. Bush,0
Donald Trump,343,Elizabeth Warren Hillary Clinton,0
Donald Trump,343,Elizabeth Warren Joe Biden,0
Donald Trump,343,Elizabeth Warren Richard Nixon,0
Donald Trump,343,Elizabeth Warren Ronald Reagan,0
Donald Trump,343,George W. Bush Hillary Clinton,1
Donald Trump,343,George W. Bush Richard Nixon,0
Donald Trump,343,George W. Bush Ronald Reagan,0
Donald Trump,343,Hillary Clinton Joe Biden,0
Donald Trump,343,Hillary Clinton Richard Nixon,0
Donald Trump,343,Joe Biden Richard Nixon,0
Donald Trump,343,Joe Biden Ronald Reagan,0
Donald Trump,343,Richard Nixon Ronald Reagan,0
Abraham Lincoln,344,Barack Obama Elizabeth Warren,0
Abraham Lincoln,344,Barack Obama George W. Bush,0
Abraham Lincoln,344,Barack Obama Richard Nixon,0
Abraham Lincoln,344,Barack Obama Ronald Reagan,0
Abraham Lincoln,344,Bernie Sanders Donald Trump,0
Abraham Lincoln,344,Bernie Sanders Elizabeth Warren,0
Abraham Lincoln,344,Bernie Sanders Hillary Clinton,0
Abraham Lincoln,344,Bernie Sanders Joe Biden,0
Abraham Lincoln,344,Bernie Sanders Richard Nixon,0
Abraham Lincoln,344,Bernie Sanders Ronald Reagan,0
Abraham Lincoln,344,Donald Trump Elizabeth Warren,0
Abraham Lincoln,344,Donald Trump George W. Bush,0
Abraham Lincoln,344,Donald Trump Hillary Clinton,0
Abraham Lincoln,344,Donald Trump Joe Biden,0
Abraham Lincoln,344,Donald Trump Ronald Reagan,0
Abraham Lincoln,344,Elizabeth Warren George W. Bush,0
Abraham Lincoln,344,Elizabeth Warren Hillary Clinton,0
Abraham Lincoln,344,Elizabeth Warren Joe Biden,0
Abraham Lincoln,344,Elizabeth Warren Richard Nixon,0
Abraham Lincoln,344,Elizabeth Warren Ronald Reagan,0
Abraham Lincoln,344,George W. Bush Hillary Clinton,0
Abraham Lincoln,344,George W. Bush Joe Biden,0
Abraham Lincoln,344,George W. Bush Richard Nixon,1
Abraham Lincoln,344,George W. Bush Ronald Reagan,0
Abraham Lincoln,344,Hillary Clinton Joe Biden,1
Abraham Lincoln,344,Hillary Clinton Richard Nixon,0
Abraham Lincoln,344,Hillary Clinton Ronald Reagan,0
Abraham Lincoln,344,Joe Biden Richard Nixon,0
Abraham Lincoln,344,Joe Biden Ronald Reagan,1
Abraham Lincoln,344,Richard Nixon Ronald Reagan,0
Joe Biden,345,Abraham Lincoln Barack Obama,0
Joe Biden,345,Abraham Lincoln Bernie Sanders,0
Joe Biden,345,Abraham Lincoln Donald Trump,0
Joe Biden,345,Abraham Lincoln Elizabeth Warren,0
Joe Biden,345,Abraham Lincoln George W. Bush,1
Joe Biden,345,Abraham Lincoln Hillary Clinton,0
Joe Biden,345,Abraham Lincoln Richard Nixon,0
Joe Biden,345,Abraham Lincoln Ronald Reagan,0
Joe Biden,345,Barack Obama Bernie Sanders,0
Joe Biden,345,Barack Obama Donald Trump,0
Joe Biden,345,Barack Obama Elizabeth Warren,0
Joe Biden,345,Barack Obama George W. Bush,0
Joe Biden,345,Barack Obama Hillary Clinton,0
Joe Biden,345,Barack Obama Richard Nixon,0
Joe Biden,345,Barack Obama Ronald Reagan,0
Joe Biden,345,Bernie Sanders Donald Trump,0
Joe Biden,345,Bernie Sanders Elizabeth Warren,0
Joe Biden,345,Bernie Sanders George W. Bush,0
Joe Biden,345,Bernie Sanders Hillary Clinton,0
Joe Biden,345,Bernie Sanders Richard Nixon,0
Joe Biden,345,Bernie Sanders Ronald Reagan,0
Joe Biden,345,Donald Trump George W. Bush,1
Joe Biden,345,Donald Trump Hillary Clinton,0
Joe Biden,345,Donald Trump Richard Nixon,0
Joe Biden,345,Donald Trump Ronald Reagan,0
Joe Biden,345,Elizabeth Warren Hillary Clinton,0
Joe Biden,345,Elizabeth Warren Richard Nixon,0
Joe Biden,345,Elizabeth Warren Ronald Reagan,0
Joe Biden,345,George W. Bush Hillary Clinton,0
Joe Biden,345,George W. Bush Richard Nixon,0
Joe Biden,345,George W. Bush Ronald Reagan,0
Joe Biden,345,Hillary Clinton Richard Nixon,0
Joe Biden,345,Hillary Clinton Ronald Reagan,0
Joe Biden,345,Richard Nixon Ronald Reagan,0
Bernie Sanders,346,Abraham Lincoln Barack Obama,0
Bernie Sanders,346,Abraham Lincoln Donald Trump,0
Bernie Sanders,346,Abraham Lincoln Elizabeth Warren,0
Bernie Sanders,346,Abraham Lincoln George W. Bush,0
Bernie Sanders,346,Abraham Lincoln Hillary Clinton,0
Bernie Sanders,346,Abraham Lincoln Joe Biden,0
Bernie Sanders,346,Abraham Lincoln Richard Nixon,0
Bernie Sanders,346,Abraham Lincoln Ronald Reagan,0
Bernie Sanders,346,Barack Obama Donald Trump,0
Bernie Sanders,346,Barack Obama Elizabeth Warren,0
Bernie Sanders,346,Barack Obama George W. Bush,0
Bernie Sanders,346,Barack Obama Hillary Clinton,0
Bernie Sanders,346,Barack Obama Joe Biden,0
Bernie Sanders,346,Barack Obama Ronald Reagan,0
Bernie Sanders,346,Donald Trump Elizabeth Warren,0
Bernie Sanders,346,Donald Trump Hillary Clinton,0
Bernie Sanders,346,Donald Trump Joe Biden,0
Bernie Sanders,346,Donald Trump Richard Nixon,0
Bernie Sanders,346,Donald Trump Ronald Reagan,0
Bernie Sanders,346,Elizabeth Warren George W. Bush,0
Bernie Sanders,346,Elizabeth Warren Hillary Clinton,1
Bernie Sanders,346,Elizabeth Warren Joe Biden,0
Bernie Sanders,346,Elizabeth Warren Richard Nixon,0
Bernie Sanders,346,Elizabeth Warren Ronald Reagan,0
Bernie Sanders,346,George W. Bush Hillary Clinton,0
Bernie Sanders,346,George W. Bush Joe Biden,0
Bernie Sanders,346,George W. Bush Richard Nixon,0
Bernie Sanders,346,George W. Bush Ronald Reagan,0
Bernie Sanders,346,Hillary Clinton Joe Biden,0
Bernie Sanders,346,Hillary Clinton Richard Nixon,0
Bernie Sanders,346,Hillary Clinton Ronald Reagan,0
Bernie Sanders,346,Joe Biden Richard Nixon,0
Bernie Sanders,346,Joe Biden Ronald Reagan,0
Bernie Sanders,346,Richard Nixon Ronald Reagan,0
Hillary Clinton,347,Abraham Lincoln Barack Obama,0
Hillary Clinton,347,Abraham Lincoln Bernie Sanders,0
Hillary Clinton,347,Abraham Lincoln Donald Trump,0
Hillary Clinton,347,Abraham Lincoln Elizabeth Warren,0
Hillary Clinton,347,Abraham Lincoln George W. Bush,0
Hillary Clinton,347,Abraham Lincoln Joe Biden,0
Hillary Clinton,347,Abraham Lincoln Richard Nixon,1
Hillary Clinton,347,Abraham Lincoln Ronald Reagan,0
Hillary Clinton,347,Barack Obama Bernie Sanders,0
Hillary Clinton,347,Barack Obama Donald Trump,0
Hillary Clinton,347,Barack Obama Elizabeth Warren,0
Hillary Clinton,347,Barack Obama George W. Bush,0
Hillary Clinton,347,Barack Obama Joe Biden,1
Hillary Clinton,347,Barack Obama Richard Nixon,0
Hillary Clinton,347,Barack Obama Ronald Reagan,0
Hillary Clinton,347,Bernie Sanders Donald Trump,0
Hillary Clinton,347,Bernie Sanders Elizabeth Warren,0
Hillary Clinton,347,Bernie Sanders George W. Bush,0
Hillary Clinton,347,Bernie Sanders Joe Biden,0
Hillary Clinton,347,Bernie Sanders Richard Nixon,0
Hillary Clinton,347,Bernie Sanders Ronald Reagan,0
Hillary Clinton,347,Donald Trump Elizabeth Warren,0
Hillary Clinton,347,Donald Trump George W. Bush,0
Hillary Clinton,347,Donald Trump Richard Nixon,0
Hillary Clinton,347,Donald Trump Ronald Reagan,0
Hillary Clinton,347,Elizabeth Warren George W. Bush,0
Hillary Clinton,347,Elizabeth Warren Joe Biden,0
Hillary Clinton,347,Elizabeth Warren Richard Nixon,0
Hillary Clinton,347,Elizabeth Warren Ronald Reagan,0
Hillary Clinton,347,George W. Bush Joe Biden,0
Hillary Clinton,347,George W. Bush Richard Nixon,0
Hillary Clinton,347,George W. Bush Ronald Reagan,0
Hillary Clinton,347,Joe Biden Richard Nixon,0
Hillary Clinton,347,Joe Biden Ronald Reagan,0
Hillary Clinton,347,Richard Nixon Ronald Reagan,0
Barack Obama,348,Abraham Lincoln Bernie Sanders,0
Barack Obama,348,Abraham Lincoln Donald Trump,0
Barack Obama,348,Abraham Lincoln Elizabeth Warren,0
Barack Obama,348,Abraham Lincoln George W. Bush,0
Barack Obama,348,Abraham Lincoln Hillary Clinton,0
Barack Obama,348,Abraham Lincoln Joe Biden,0
Barack Obama,348,Abraham Lincoln Ronald Reagan,0
Barack Obama,348,Bernie Sanders Donald Trump,0
Barack Obama,348,Bernie Sanders Elizabeth Warren,0
Barack Obama,348,Bernie Sanders George W. Bush,1
Barack Obama,348,Bernie Sanders Hillary Clinton,0
Barack Obama,348,Bernie Sanders Joe Biden,0
Barack Obama,348,Bernie Sanders Richard Nixon,0
Barack Obama,348,Bernie Sanders Ronald Reagan,0
Barack Obama,348,Donald Trump Elizabeth Warren,0
Barack Obama,348,Donald Trump George W. Bush,0
Barack Obama,348,Donald Trump Hillary Clinton,0
Barack Obama,348,Donald Trump Joe Biden,0
Barack Obama,348,Donald Trump Richard Nixon,0
Barack Obama,348,Donald Trump Ronald Reagan,0
Barack Obama,348,Elizabeth Warren George W. Bush,0
Barack Obama,348,Elizabeth Warren Hillary Clinton,0
Barack Obama,348,Elizabeth Warren Joe Biden,0
Barack Obama,348,Elizabeth Warren Richard Nixon,0
Barack Obama,348,Elizabeth Warren Ronald Reagan,0
Barack Obama,348,George W. Bush Hillary Clinton,1
Barack Obama,348,George W. Bush Joe Biden,0
Barack Obama,348,George W. Bush Richard Nixon,0
Barack Obama,348,George W. Bush Ronald Reagan,0
Barack Obama,348,Hillary Clinton Joe Biden,0
Barack Obama,348,Hillary Clinton Richard Nixon,0
Barack Obama,348,Hillary Clinton Ronald Reagan,0
Barack Obama,348,Joe Biden Richard Nixon,0
Barack Obama,348,Joe Biden Ronald Reagan,0
Barack Obama,348,Richard Nixon Ronald Reagan,0
Barack Obama,349,Abraham Lincoln Bernie Sanders,0
Barack Obama,349,Abraham Lincoln Donald Trump,0
Barack Obama,349,Abraham Lincoln Elizabeth Warren,0
Barack Obama,349,Abraham Lincoln George W. Bush,0
Barack Obama,349,Abraham Lincoln Hillary Clinton,0
Barack Obama,349,Abraham Lincoln Joe Biden,0
Barack Obama,349,Abraham Lincoln Richard Nixon,0
Barack Obama,349,Abraham Lincoln Ronald Reagan,0
Barack Obama,349,Bernie Sanders Donald Trump,0
Barack Obama,349,Bernie Sanders Elizabeth Warren,0
Barack Obama,349,Bernie Sanders George W. Bush,0
Barack Obama,349,Bernie Sanders Hillary Clinton,0
Barack Obama,349,Bernie Sanders Joe Biden,0
Barack Obama,349,Bernie Sanders Richard Nixon,0
Barack Obama,349,Bernie Sanders Ronald Reagan,0
Barack Obama,349,Donald Trump Elizabeth Warren,0
Barack Obama,349,Donald Trump George W. Bush,1
Barack Obama,349,Donald Trump Joe Biden,0
Barack Obama,349,Donald Trump Richard Nixon,0
Barack Obama,349,Donald Trump Ronald Reagan,0
Barack Obama,349,Elizabeth Warren George W. Bush,0
Barack Obama,349,Elizabeth Warren Hillary Clinton,0
Barack Obama,349,Elizabeth Warren Joe Biden,0
Barack Obama,349,Elizabeth Warren Richard Nixon,0
Barack Obama,349,Elizabeth Warren Ronald Reagan,0
Barack Obama,349,George W. Bush Hillary Clinton,0
Barack Obama,349,George W. Bush Joe Biden,0
Barack Obama,349,George W. Bush Richard Nixon,0
Barack Obama,349,George W. Bush Ronald Reagan,0
Barack Obama,349,Hillary Clinton Joe Biden,0
Barack Obama,349,Hillary Clinton Richard Nixon,0
Barack Obama,349,Hillary Clinton Ronald Reagan,1
Barack Obama,349,Joe Biden Richard Nixon,1
Barack Obama,349,Joe Biden Ronald Reagan,0
Barack Obama,349,Richard Nixon Ronald Reagan,0
Hillary Clinton,350,Abraham Lincoln Barack Obama,0
Hillary Clinton,350,Abraham Lincoln Bernie Sanders,0
Hillary Clinton,350,Abraham Lincoln Donald Trump,0
Hillary Clinton,350,Abraham Lincoln Elizabeth Warren,0
Hillary Clinton,350,Abraham Lincoln George W. Bush,0
Hillary Clinton,350,Abraham Lincoln Richard Nixon,0
Hillary Clinton,350,Abraham Lincoln Ronald Reagan,0
Hillary Clinton,350,Barack Obama Bernie Sanders,0
Hillary Clinton,350,Barack Obama Donald Trump,0
Hillary Clinton,350,Barack Obama Elizabeth Warren,0
Hillary Clinton,350,Barack Obama George W. Bush,0
Hillary Clinton,350,Barack Obama Joe Biden,0
Hillary Clinton,350,Barack Obama Richard Nixon,0
Hillary Clinton,350,Barack Obama Ronald Reagan,0
Hillary Clinton,350,Bernie Sanders Donald Trump,0
Hillary Clinton,350,Bernie Sanders Elizabeth Warren,0
Hillary Clinton,350,Bernie Sanders George W. Bush,0
Hillary Clinton,350,Bernie Sanders Joe Biden,0
Hillary Clinton,350,Bernie Sanders Ronald Reagan,0
Hillary Clinton,350,Donald Trump Elizabeth Warren,0
Hillary Clinton,350,Donald Trump George W. Bush,0
Hillary Clinton,350,Donald Trump Ronald Reagan,0
Hillary Clinton,350,Elizabeth Warren George W. Bush,0
Hillary Clinton,350,Elizabeth Warren Joe Biden,0
Hillary Clinton,350,Elizabeth Warren Richard Nixon,0
Hillary Clinton,350,Elizabeth Warren Ronald Reagan,0
Hillary Clinton,350,George W. Bush Joe Biden,1
Hillary Clinton,350,George W. Bush Richard Nixon,0
Hillary Clinton,350,George W. Bush Ronald Reagan,0
Hillary Clinton,350,Joe Biden Richard Nixon,0
Hillary Clinton,350,Joe Biden Ronald Reagan,0
Hillary Clinton,350,Richard Nixon Ronald Reagan,0
George W. Bush,351,Abraham Lincoln Barack Obama,0
George W. Bush,351,Abraham Lincoln Bernie Sanders,0
George W. Bush,351,Abraham Lincoln Donald Trump,0
George W. Bush,351,Abraham Lincoln Elizabeth Warren,0
George W. Bush,351,Abraham Lincoln Hillary Clinton,0
George W. Bush,351,Abraham Lincoln Joe Biden,0
George W. Bush,351,Abraham Lincoln Richard Nixon,0
George W. Bush,351,Abraham Lincoln Ronald Reagan,0
George W. Bush,351,Barack Obama Bernie Sanders,0
George W. Bush,351,Barack Obama Elizabeth Warren,0
George W. Bush,351,Barack Obama Hillary Clinton,0
George W. Bush,351,Barack Obama Richard Nixon,0
George W. Bush,351,Barack Obama Ronald Reagan,0
George W. Bush,351,Bernie Sanders Donald Trump,0
George W. Bush,351,Bernie Sanders Elizabeth Warren,0
George W. Bush,351,Bernie Sanders Hillary Clinton,0
George W. Bush,351,Bernie Sanders Joe Biden,0
George W. Bush,351,Bernie Sanders Richard Nixon,0
George W. Bush,351,Bernie Sanders Ronald Reagan,0
George W. Bush,351,Donald Trump Elizabeth Warren,0
George W. Bush,351,Donald Trump Hillary Clinton,0
George W. Bush,351,Donald Trump Joe Biden,1
George W. Bush,351,Donald Trump Richard Nixon,0
George W. Bush,351,Donald Trump Ronald Reagan,0
George W. Bush,351,Elizabeth Warren Hillary Clinton,0
George W. Bush,351,Elizabeth Warren Joe Biden,0
George W. Bush,351,Elizabeth Warren Richard Nixon,0
George W. Bush,351,Elizabeth Warren Ronald Reagan,0
George W. Bush,351,Hillary Clinton Joe Biden,0
George W. Bush,351,Hillary Clinton Richard Nixon,0
George W. Bush,351,Hillary Clinton Ronald Reagan,1
George W. Bush,351,Joe Biden Richard Nixon,0
George W. Bush,351,Joe Biden Ronald Reagan,0
George W. Bush,351,Richard Nixon Ronald Reagan,0
Bernie Sanders,352,Abraham Lincoln Barack Obama,0
Bernie Sanders,352,Abraham Lincoln Donald Trump,0
Bernie Sanders,352,Abraham Lincoln Elizabeth Warren,0
Bernie Sanders,352,Abraham Lincoln George W. Bush,0
Bernie Sanders,352,Abraham Lincoln Hillary Clinton,0
Bernie Sanders,352,Abraham Lincoln Joe Biden,0
Bernie Sanders,352,Abraham Lincoln Richard Nixon,0
Bernie Sanders,352,Abraham Lincoln Ronald Reagan,0
Bernie Sanders,352,Barack Obama Donald Trump,0
Bernie Sanders,352,Barack Obama Elizabeth Warren,0
Bernie Sanders,352,Barack Obama Hillary Clinton,0
Bernie Sanders,352,Barack Obama Joe Biden,0
Bernie Sanders,352,Barack Obama Ronald Reagan,0
Bernie Sanders,352,Donald Trump Elizabeth Warren,0
Bernie Sanders,352,Donald Trump George W. Bush,0
Bernie Sanders,352,Donald Trump Hillary Clinton,0
Bernie Sanders,352,Donald Trump Richard Nixon,0
Bernie Sanders,352,Donald Trump Ronald Reagan,0
Bernie Sanders,352,Elizabeth Warren George W. Bush,0
Bernie Sanders,352,Elizabeth Warren Hillary Clinton,0
Bernie Sanders,352,Elizabeth Warren Joe Biden,0
Bernie Sanders,352,Elizabeth Warren Richard Nixon,0
Bernie Sanders,352,Elizabeth Warren Ronald Reagan,0
Bernie Sanders,352,George W. Bush Hillary Clinton,0
Bernie Sanders,352,George W. Bush Joe Biden,0
Bernie Sanders,352,George W. Bush Richard Nixon,0
Bernie Sanders,352,George W. Bush Ronald Reagan,0
Bernie Sanders,352,Hillary Clinton Richard Nixon,0
Bernie Sanders,352,Hillary Clinton Ronald Reagan,0
Bernie Sanders,352,Joe Biden Richard Nixon,0
Bernie Sanders,352,Joe Biden Ronald Reagan,0
Bernie Sanders,352,Richard Nixon Ronald Reagan,0
Richard Nixon,353,Abraham Lincoln Barack Obama,0
Richard Nixon,353,Abraham Lincoln Bernie Sanders,0
Richard Nixon,353,Abraham Lincoln Donald Trump,0
Richard Nixon,353,Abraham Lincoln Elizabeth Warren,0
Richard Nixon,353,Abraham Lincoln George W. Bush,0
Richard Nixon,353,Abraham Lincoln Hillary Clinton,0
Richard Nixon,353,Abraham Lincoln Joe Biden,0
Richard Nixon,353,Abraham Lincoln Ronald Reagan,0
Richard Nixon,353,Barack Obama Bernie Sanders,0
Richard Nixon,353,Barack Obama Donald Trump,0
Richard Nixon,353,Barack Obama Elizabeth Warren,0
Richard Nixon,353,Barack Obama George W. Bush,0
Richard Nixon,353,Barack Obama Joe Biden,0
Richard Nixon,353,Barack Obama Ronald Reagan,0
Richard Nixon,353,Bernie Sanders Donald Trump,0
Richard Nixon,353,Bernie Sanders Elizabeth Warren,0
Richard Nixon,353,Bernie Sanders George W. Bush,0
Richard Nixon,353,Bernie Sanders Hillary Clinton,0
Richard Nixon,353,Bernie Sanders Joe Biden,0
Richard Nixon,353,Bernie Sanders Ronald Reagan,0
Richard Nixon,353,Donald Trump Elizabeth Warren,0
Richard Nixon,353,Donald Trump George W. Bush,0
Richard Nixon,353,Donald Trump Joe Biden,0
Richard Nixon,353,Donald Trump Ronald Reagan,0
Richard Nixon,353,Elizabeth Warren George W. Bush,0
Richard Nixon,353,Elizabeth Warren Hillary Clinton,0
Richard Nixon,353,Elizabeth Warren Joe Biden,0
Richard Nixon,353,Elizabeth Warren Ronald Reagan,0
Richard Nixon,353,George W. Bush Hillary Clinton,0
Richard Nixon,353,George W. Bush Ronald Reagan,1
Richard Nixon,353,Hillary Clinton Joe Biden,0
Richard Nixon,353,Hillary Clinton Ronald Reagan,0
Richard Nixon,353,Joe Biden Ronald Reagan,0
Ronald Reagan,354,Abraham Lincoln Barack Obama,0
Ronald Reagan,354,Abraham Lincoln Bernie Sanders,0
Ronald Reagan,354,Abraham Lincoln Donald Trump,0
Ronald Reagan,354,Abraham Lincoln Elizabeth Warren,0
Ronald Reagan,354,Abraham Lincoln George W. Bush,0
Ronald Reagan,354,Abraham Lincoln Hillary Clinton,0
Ronald Reagan,354,Abraham Lincoln Joe Biden,0
Ronald Reagan,354,Abraham Lincoln Richard Nixon,0
Ronald Reagan,354,Barack Obama Bernie Sanders,0
Ronald Reagan,354,Barack Obama George W. Bush,1
Ronald Reagan,354,Barack Obama Hillary Clinton,0
Ronald Reagan,354,Barack Obama Joe Biden,1
Ronald Reagan,354,Bernie Sanders Donald Trump,0
Ronald Reagan,354,Bernie Sanders Elizabeth Warren,0
Ronald Reagan,354,Bernie Sanders George W. Bush,1
Ronald Reagan,354,Bernie Sanders Hillary Clinton,0
Ronald Reagan,354,Bernie Sanders Richard Nixon,0
Ronald Reagan,354,Donald Trump Elizabeth Warren,0
Ronald Reagan,354,Donald Trump George W. Bush,0
Ronald Reagan,354,Donald Trump Hillary Clinton,0
Ronald Reagan,354,Donald Trump Joe Biden,0
Ronald Reagan,354,Donald Trump Richard Nixon,0
Ronald Reagan,354,Elizabeth Warren George W. Bush,0
Ronald Reagan,354,Elizabeth Warren Joe Biden,0
Ronald Reagan,354,Elizabeth Warren Richard Nixon,0
Ronald Reagan,354,George W. Bush Hillary Clinton,0
Ronald Reagan,354,George W. Bush Joe Biden,0
Ronald Reagan,354,George W. Bush Richard Nixon,0
Ronald Reagan,354,Hillary Clinton Joe Biden,0
Ronald Reagan,354,Hillary Clinton Richard Nixon,0
Ronald Reagan,354,Joe Biden Richard Nixon,0
George W. Bush,355,Abraham Lincoln Bernie Sanders,0
George W. Bush,355,Abraham Lincoln Donald Trump,0
George W. Bush,355,Abraham Lincoln Elizabeth Warren,0
George W. Bush,355,Abraham Lincoln Joe Biden,0
George W. Bush,355,Abraham Lincoln Richard Nixon,0
George W. Bush,355,Abraham Lincoln Ronald Reagan,0
George W. Bush,355,Barack Obama Bernie Sanders,0
George W. Bush,355,Barack Obama Donald Trump,0
George W. Bush,355,Barack Obama Elizabeth Warren,0
George W. Bush,355,Barack Obama Hillary Clinton,0
George W. Bush,355,Barack Obama Richard Nixon,0
George W. Bush,355,Barack Obama Ronald Reagan,0
George W. Bush,355,Bernie Sanders Donald Trump,0
George W. Bush,355,Bernie Sanders Elizabeth Warren,0
George W. Bush,355,Bernie Sanders Hillary Clinton,1
George W. Bush,355,Bernie Sanders Joe Biden,0
George W. Bush,355,Bernie Sanders Richard Nixon,0
George W. Bush,355,Bernie Sanders Ronald Reagan,0
George W. Bush,355,Donald Trump Elizabeth Warren,0
George W. Bush,355,Donald Trump Hillary Clinton,0
George W. Bush,355,Donald Trump Joe Biden,0
George W. Bush,355,Donald Trump Richard Nixon,0
George W. Bush,355,Donald Trump Ronald Reagan,0
George W. Bush,355,Elizabeth Warren Hillary Clinton,0
George W. Bush,355,Elizabeth Warren Joe Biden,1
George W. Bush,355,Elizabeth Warren Richard Nixon,0
George W. Bush,355,Elizabeth Warren Ronald Reagan,0
George W. Bush,355,Hillary Clinton Joe Biden,0
George W. Bush,355,Hillary Clinton Richard Nixon,0
George W. Bush,355,Hillary Clinton Ronald Reagan,0
George W. Bush,355,Joe Biden Richard Nixon,0
George W. Bush,355,Joe Biden Ronald Reagan,0
George W. Bush,355,Richard Nixon Ronald Reagan,1
Ronald Reagan,356,Abraham Lincoln Barack Obama,0
Ronald Reagan,356,Abraham Lincoln Bernie Sanders,0
Ronald Reagan,356,Abraham Lincoln Donald Trump,0
Ronald Reagan,356,Abraham Lincoln George W. Bush,0
Ronald Reagan,356,Abraham Lincoln Hillary Clinton,0
Ronald Reagan,356,Abraham Lincoln Joe Biden,0
Ronald Reagan,356,Abraham Lincoln Richard Nixon,1
Ronald Reagan,356,Barack Obama Bernie Sanders,1
Ronald Reagan,356,Barack Obama Donald Trump,0
Ronald Reagan,356,Barack Obama Elizabeth Warren,0
Ronald Reagan,356,Barack Obama George W. Bush,0
Ronald Reagan,356,Barack Obama Hillary Clinton,0
Ronald Reagan,356,Barack Obama Joe Biden,0
Ronald Reagan,356,Barack Obama Richard Nixon,0
Ronald Reagan,356,Bernie Sanders Donald Trump,0
Ronald Reagan,356,Bernie Sanders Elizabeth Warren,0
Ronald Reagan,356,Bernie Sanders George W. Bush,0
Ronald Reagan,356,Bernie Sanders Hillary Clinton,1
Ronald Reagan,356,Bernie Sanders Joe Biden,0
Ronald Reagan,356,Bernie Sanders Richard Nixon,0
Ronald Reagan,356,Donald Trump Elizabeth Warren,0
Ronald Reagan,356,Donald Trump George W. Bush,0
Ronald Reagan,356,Donald Trump Hillary Clinton,0
Ronald Reagan,356,Donald Trump Joe Biden,0
Ronald Reagan,356,Donald Trump Richard Nixon,0
Ronald Reagan,356,Elizabeth Warren George W. Bush,0
Ronald Reagan,356,Elizabeth Warren Hillary Clinton,0
Ronald Reagan,356,Elizabeth Warren Joe Biden,0
Ronald Reagan,356,Elizabeth Warren Richard Nixon,1
Ronald Reagan,356,George W. Bush Hillary Clinton,0
Ronald Reagan,356,George W. Bush Joe Biden,0
Ronald Reagan,356,George W. Bush Richard Nixon,0
Ronald Reagan,356,Hillary Clinton Joe Biden,0
Ronald Reagan,356,Hillary Clinton Richard Nixon,0
Ronald Reagan,356,Joe Biden Richard Nixon,0
Ronald Reagan,357,Abraham Lincoln Barack Obama,0
Ronald Reagan,357,Abraham Lincoln Bernie Sanders,0
Ronald Reagan,357,Abraham Lincoln Donald Trump,0
Ronald Reagan,357,Abraham Lincoln Elizabeth Warren,0
Ronald Reagan,357,Abraham Lincoln George W. Bush,0
Ronald Reagan,357,Abraham Lincoln Hillary Clinton,0
Ronald Reagan,357,Abraham Lincoln Joe Biden,0
Ronald Reagan,357,Abraham Lincoln Richard Nixon,0
Ronald Reagan,357,Barack Obama Bernie Sanders,0
Ronald Reagan,357,Barack Obama Donald Trump,1
Ronald Reagan,357,Barack Obama George W. Bush,1
Ronald Reagan,357,Barack Obama Hillary Clinton,0
Ronald Reagan,357,Barack Obama Joe Biden,0
Ronald Reagan,357,Barack Obama Richard Nixon,0
Ronald Reagan,357,Bernie Sanders Donald Trump,0
Ronald Reagan,357,Bernie Sanders Elizabeth Warren,0
Ronald Reagan,357,Bernie Sanders George W. Bush,0
Ronald Reagan,357,Bernie Sanders Joe Biden,0
Ronald Reagan,357,Bernie Sanders Richard Nixon,1
Ronald Reagan,357,Donald Trump Elizabeth Warren,0
Ronald Reagan,357,Donald Trump George W. Bush,0
Ronald Reagan,357,Donald Trump Hillary Clinton,0
Ronald Reagan,357,Donald Trump Joe Biden,0
Ronald Reagan,357,Donald Trump Richard Nixon,0
Ronald Reagan,357,Elizabeth Warren George W. Bush,0
Ronald Reagan,357,Elizabeth Warren Hillary Clinton,0
Ronald Reagan,357,Elizabeth Warren Joe Biden,0
Ronald Reagan,357,Elizabeth Warren Richard Nixon,0
Ronald Reagan,357,George W. Bush Joe Biden,0
Ronald Reagan,357,George W. Bush Richard Nixon,1
Ronald Reagan,357,Hillary Clinton Richard Nixon,0
Ronald Reagan,357,Joe Biden Richard Nixon,0
George W. Bush,358,Abraham Lincoln Barack Obama,0
George W. Bush,358,Abraham Lincoln Bernie Sanders,0
George W. Bush,358,Abraham Lincoln Donald Trump,0
George W. Bush,358,Abraham Lincoln Elizabeth Warren,0
George W. Bush,358,Abraham Lincoln Hillary Clinton,0
George W. Bush,358,Abraham Lincoln Joe Biden,0
George W. Bush,358,Abraham Lincoln Richard Nixon,0
George W. Bush,358,Abraham Lincoln Ronald Reagan,1
George W. Bush,358,Barack Obama Bernie Sanders,0
George W. Bush,358,Barack Obama Donald Trump,0
George W. Bush,358,Barack Obama Elizabeth Warren,0
George W. Bush,358,Barack Obama Hillary Clinton,0
George W. Bush,358,Barack Obama Joe Biden,0
George W. Bush,358,Barack Obama Richard Nixon,0
George W. Bush,358,Barack Obama Ronald Reagan,0
George W. Bush,358,Bernie Sanders Donald Trump,0
George W. Bush,358,Bernie Sanders Elizabeth Warren,0
George W. Bush,358,Bernie Sanders Hillary Clinton,0
George W. Bush,358,Bernie Sanders Joe Biden,0
George W. Bush,358,Bernie Sanders Richard Nixon,0
George W. Bush,358,Bernie Sanders Ronald Reagan,0
George W. Bush,358,Donald Trump Elizabeth Warren,0
George W. Bush,358,Donald Trump Hillary Clinton,0
George W. Bush,358,Donald Trump Joe Biden,0
George W. Bush,358,Donald Trump Richard Nixon,0
George W. Bush,358,Donald Trump Ronald Reagan,1
George W. Bush,358,Elizabeth Warren Hillary Clinton,0
George W. Bush,358,Elizabeth Warren Joe Biden,0
George W. Bush,358,Elizabeth Warren Richard Nixon,0
George W. Bush,358,Elizabeth Warren Ronald Reagan,0
George W. Bush,358,Hillary Clinton Joe Biden,1
George W. Bush,358,Hillary Clinton Richard Nixon,0
George W. Bush,358,Hillary Clinton Ronald Reagan,0
George W. Bush,358,Joe Biden Richard Nixon,0
George W. Bush,358,Joe Biden Ronald Reagan,1
George W. Bush,358,Richard Nixon Ronald Reagan,0
Abraham Lincoln,359,Barack Obama Bernie Sanders,0
Abraham Lincoln,359,Barack Obama Donald Trump,0
Abraham Lincoln,359,Barack Obama Elizabeth Warren,0
Abraham Lincoln,359,Barack Obama George W. Bush,0
Abraham Lincoln,359,Barack Obama Hillary Clinton,0
Abraham Lincoln,359,Barack Obama Joe Biden,0
Abraham Lincoln,359,Barack Obama Richard Nixon,0
Abraham Lincoln,359,Barack Obama Ronald Reagan,0
Abraham Lincoln,359,Bernie Sanders Donald Trump,0
Abraham Lincoln,359,Bernie Sanders Elizabeth Warren,0
Abraham Lincoln,359,Bernie Sanders George W. Bush,0
Abraham Lincoln,359,Bernie Sanders Hillary Clinton,0
Abraham Lincoln,359,Bernie Sanders Richard Nixon,0
Abraham Lincoln,359,Bernie Sanders Ronald Reagan,0
Abraham Lincoln,359,Donald Trump Elizabeth Warren,0
Abraham Lincoln,359,Donald Trump George W. Bush,0
Abraham Lincoln,359,Donald Trump Richard Nixon,0
Abraham Lincoln,359,Elizabeth Warren George W. Bush,0
Abraham Lincoln,359,Elizabeth Warren Hillary Clinton,0
Abraham Lincoln,359,Elizabeth Warren Joe Biden,0
Abraham Lincoln,359,Elizabeth Warren Richard Nixon,0
Abraham Lincoln,359,Elizabeth Warren Ronald Reagan,0
Abraham Lincoln,359,George W. Bush Joe Biden,0
Abraham Lincoln,359,George W. Bush Richard Nixon,0
Abraham Lincoln,359,George W. Bush Ronald Reagan,0
Abraham Lincoln,359,Hillary Clinton Richard Nixon,0
Abraham Lincoln,359,Hillary Clinton Ronald Reagan,0
Abraham Lincoln,359,Joe Biden Richard Nixon,0
Abraham Lincoln,359,Joe Biden Ronald Reagan,0
Abraham Lincoln,359,Richard Nixon Ronald Reagan,0
Donald Trump,360,Abraham Lincoln Barack Obama,0
Donald Trump,360,Abraham Lincoln Bernie Sanders,0
Donald Trump,360,Abraham Lincoln Elizabeth Warren,0
Donald Trump,360,Abraham Lincoln George W. Bush,0
Donald Trump,360,Abraham Lincoln Hillary Clinton,0
Donald Trump,360,Abraham Lincoln Joe Biden,0
Donald Trump,360,Abraham Lincoln Richard Nixon,1
Donald Trump,360,Abraham Lincoln Ronald Reagan,0
Donald Trump,360,Barack Obama Bernie Sanders,0
Donald Trump,360,Barack Obama Elizabeth Warren,0
Donald Trump,360,Barack Obama George W. Bush,0
Donald Trump,360,Barack Obama Hillary Clinton,0
Donald Trump,360,Barack Obama Joe Biden,0
Donald Trump,360,Barack Obama Richard Nixon,0
Donald Trump,360,Barack Obama Ronald Reagan,1
Donald Trump,360,Bernie Sanders Elizabeth Warren,0
Donald Trump,360,Bernie Sanders George W. Bush,0
Donald Trump,360,Bernie Sanders Hillary Clinton,0
Donald Trump,360,Bernie Sanders Joe Biden,0
Donald Trump,360,Bernie Sanders Richard Nixon,0
Donald Trump,360,Bernie Sanders Ronald Reagan,0
Donald Trump,360,Elizabeth Warren George W. Bush,1
Donald Trump,360,Elizabeth Warren Hillary Clinton,0
Donald Trump,360,Elizabeth Warren Joe Biden,0
Donald Trump,360,Elizabeth Warren Richard Nixon,0
Donald Trump,360,Elizabeth Warren Ronald Reagan,0
Donald Trump,360,George W. Bush Hillary Clinton,1
Donald Trump,360,George W. Bush Joe Biden,0
Donald Trump,360,George W. Bush Richard Nixon,0
Donald Trump,360,George W. Bush Ronald Reagan,0
Donald Trump,360,Hillary Clinton Joe Biden,0
Donald Trump,360,Hillary Clinton Richard Nixon,0
Donald Trump,360,Hillary Clinton Ronald Reagan,0
Donald Trump,360,Joe Biden Richard Nixon,0
Donald Trump,360,Joe Biden Ronald Reagan,1
Donald Trump,360,Richard Nixon Ronald Reagan,0
Ronald Reagan,361,Abraham Lincoln Barack Obama,0
Ronald Reagan,361,Abraham Lincoln Bernie Sanders,0
Ronald Reagan,361,Abraham Lincoln Elizabeth Warren,0
Ronald Reagan,361,Abraham Lincoln George W. Bush,0
Ronald Reagan,361,Abraham Lincoln Hillary Clinton,0
Ronald Reagan,361,Abraham Lincoln Joe Biden,0
Ronald Reagan,361,Abraham Lincoln Richard Nixon,1
Ronald Reagan,361,Barack Obama Bernie Sanders,0
Ronald Reagan,361,Barack Obama Donald Trump,0
Ronald Reagan,361,Barack Obama Elizabeth Warren,0
Ronald Reagan,361,Barack Obama George W. Bush,0
Ronald Reagan,361,Barack Obama Hillary Clinton,1
Ronald Reagan,361,Barack Obama Joe Biden,0
Ronald Reagan,361,Barack Obama Richard Nixon,0
Ronald Reagan,361,Bernie Sanders Donald Trump,0
Ronald Reagan,361,Bernie Sanders Elizabeth Warren,0
Ronald Reagan,361,Bernie Sanders George W. Bush,0
Ronald Reagan,361,Bernie Sanders Hillary Clinton,0
Ronald Reagan,361,Bernie Sanders Joe Biden,0
Ronald Reagan,361,Bernie Sanders Richard Nixon,0
Ronald Reagan,361,Donald Trump Elizabeth Warren,0
Ronald Reagan,361,Donald Trump George W. Bush,0
Ronald Reagan,361,Donald Trump Hillary Clinton,0
Ronald Reagan,361,Donald Trump Joe Biden,0
Ronald Reagan,361,Donald Trump Richard Nixon,0
Ronald Reagan,361,Elizabeth Warren George W. Bush,0
Ronald Reagan,361,Elizabeth Warren Hillary Clinton,0
Ronald Reagan,361,Elizabeth Warren Joe Biden,0
Ronald Reagan,361,Elizabeth Warren Richard Nixon,0
Ronald Reagan,361,George W. Bush Hillary Clinton,0
Ronald Reagan,361,George W. Bush Joe Biden,0
Ronald Reagan,361,George W. Bush Richard Nixon,0
Ronald Reagan,361,Hillary Clinton Joe Biden,0
Ronald Reagan,361,Hillary Clinton Richard Nixon,0
Ronald Reagan,361,Joe Biden Richard Nixon,0
George W. Bush,362,Abraham Lincoln Barack Obama,0
George W. Bush,362,Abraham Lincoln Bernie Sanders,0
George W. Bush,362,Abraham Lincoln Donald Trump,0
George W. Bush,362,Abraham Lincoln Elizabeth Warren,0
George W. Bush,362,Abraham Lincoln Hillary Clinton,0
George W. Bush,362,Abraham Lincoln Joe Biden,0
George W. Bush,362,Abraham Lincoln Richard Nixon,0
George W. Bush,362,Abraham Lincoln Ronald Reagan,0
George W. Bush,362,Barack Obama Bernie Sanders,0
George W. Bush,362,Barack Obama Elizabeth Warren,0
George W. Bush,362,Barack Obama Hillary Clinton,1
George W. Bush,362,Barack Obama Joe Biden,0
George W. Bush,362,Barack Obama Ronald Reagan,1
George W. Bush,362,Bernie Sanders Donald Trump,0
George W. Bush,362,Bernie Sanders Elizabeth Warren,0
George W. Bush,362,Bernie Sanders Hillary Clinton,1
George W. Bush,362,Bernie Sanders Joe Biden,0
George W. Bush,362,Bernie Sanders Richard Nixon,0
George W. Bush,362,Bernie Sanders Ronald Reagan,0
George W. Bush,362,Donald Trump Elizabeth Warren,1
George W. Bush,362,Donald Trump Hillary Clinton,0
George W. Bush,362,Donald Trump Joe Biden,0
George W. Bush,362,Donald Trump Richard Nixon,0
George W. Bush,362,Donald Trump Ronald Reagan,0
George W. Bush,362,Elizabeth Warren Joe Biden,0
George W. Bush,362,Elizabeth Warren Richard Nixon,0
George W. Bush,362,Elizabeth Warren Ronald Reagan,0
George W. Bush,362,Hillary Clinton Joe Biden,0
George W. Bush,362,Hillary Clinton Richard Nixon,0
George W. Bush,362,Hillary Clinton Ronald Reagan,0
George W. Bush,362,Joe Biden Richard Nixon,0
George W. Bush,362,Joe Biden Ronald Reagan,0
George W. Bush,362,Richard Nixon Ronald Reagan,1
George W. Bush,363,Abraham Lincoln Barack Obama,0
George W. Bush,363,Abraham Lincoln Bernie Sanders,0
George W. Bush,363,Abraham Lincoln Donald Trump,0
George W. Bush,363,Abraham Lincoln Elizabeth Warren,0
George W. Bush,363,Abraham Lincoln Hillary Clinton,0
George W. Bush,363,Abraham Lincoln Joe Biden,0
George W. Bush,363,Abraham Lincoln Richard Nixon,0
George W. Bush,363,Abraham Lincoln Ronald Reagan,0
George W. Bush,363,Barack Obama Bernie Sanders,0
George W. Bush,363,Barack Obama Donald Trump,0
George W. Bush,363,Barack Obama Elizabeth Warren,0
George W. Bush,363,Barack Obama Hillary Clinton,0
George W. Bush,363,Barack Obama Joe Biden,0
George W. Bush,363,Barack Obama Richard Nixon,0
George W. Bush,363,Barack Obama Ronald Reagan,0
George W. Bush,363,Bernie Sanders Donald Trump,0
George W. Bush,363,Bernie Sanders Elizabeth Warren,0
George W. Bush,363,Bernie Sanders Hillary Clinton,0
George W. Bush,363,Bernie Sanders Joe Biden,0
George W. Bush,363,Bernie Sanders Richard Nixon,0
George W. Bush,363,Bernie Sanders Ronald Reagan,0
George W. Bush,363,Donald Trump Elizabeth Warren,0
George W. Bush,363,Donald Trump Hillary Clinton,1
George W. Bush,363,Donald Trump Richard Nixon,0
George W. Bush,363,Donald Trump Ronald Reagan,1
George W. Bush,363,Elizabeth Warren Hillary Clinton,0
George W. Bush,363,Elizabeth Warren Joe Biden,0
George W. Bush,363,Elizabeth Warren Richard Nixon,0
George W. Bush,363,Elizabeth Warren Ronald Reagan,0
George W. Bush,363,Hillary Clinton Joe Biden,0
George W. Bush,363,Hillary Clinton Richard Nixon,0
George W. Bush,363,Joe Biden Richard Nixon,0
George W. Bush,363,Joe Biden Ronald Reagan,1
George W. Bush,363,Richard Nixon Ronald Reagan,0
Elizabeth Warren,364,Abraham Lincoln Barack Obama,0
Elizabeth Warren,364,Abraham Lincoln Bernie Sanders,0
Elizabeth Warren,364,Abraham Lincoln Donald Trump,0
Elizabeth Warren,364,Abraham Lincoln George W. Bush,0
Elizabeth Warren,364,Abraham Lincoln Hillary Clinton,0
Elizabeth Warren,364,Abraham Lincoln Joe Biden,0
Elizabeth Warren,364,Abraham Lincoln Richard Nixon,0
Elizabeth Warren,364,Abraham Lincoln Ronald Reagan,0
Elizabeth Warren,364,Barack Obama Bernie Sanders,0
Elizabeth Warren,364,Barack Obama Donald Trump,0
Elizabeth Warren,364,Barack Obama George W. Bush,0
Elizabeth Warren,364,Barack Obama Hillary Clinton,0
Elizabeth Warren,364,Barack Obama Joe Biden,0
Elizabeth Warren,364,Barack Obama Richard Nixon,0
Elizabeth Warren,364,Barack Obama Ronald Reagan,0
Elizabeth Warren,364,Bernie Sanders Donald Trump,0
Elizabeth Warren,364,Bernie Sanders George W. Bush,0
Elizabeth Warren,364,Bernie Sanders Hillary Clinton,0
Elizabeth Warren,364,Bernie Sanders Joe Biden,0
Elizabeth Warren,364,Bernie Sanders Richard Nixon,0
Elizabeth Warren,364,Bernie Sanders Ronald Reagan,0
Elizabeth Warren,364,Donald Trump George W. Bush,0
Elizabeth Warren,364,Donald Trump Hillary Clinton,0
Elizabeth Warren,364,Donald Trump Joe Biden,0
Elizabeth Warren,364,Donald Trump Richard Nixon,0
Elizabeth Warren,364,Donald Trump Ronald Reagan,0
Elizabeth Warren,364,George W. Bush Hillary Clinton,0
Elizabeth Warren,364,George W. Bush Joe Biden,0
Elizabeth Warren,364,George W. Bush Richard Nixon,0
Elizabeth Warren,364,George W. Bush Ronald Reagan,0
Elizabeth Warren,364,Hillary Clinton Joe Biden,0
Elizabeth Warren,364,Hillary Clinton Richard Nixon,0
Elizabeth Warren,364,Hillary Clinton Ronald Reagan,0
Elizabeth Warren,364,Joe Biden Richard Nixon,0
Elizabeth Warren,364,Joe Biden Ronald Reagan,0
Elizabeth Warren,364,Richard Nixon Ronald Reagan,0
Abraham Lincoln,365,Barack Obama Bernie Sanders,0
Abraham Lincoln,365,Barack Obama Donald Trump,0
Abraham Lincoln,365,Barack Obama George W. Bush,0
Abraham Lincoln,365,Barack Obama Hillary Clinton,0
Abraham Lincoln,365,Barack Obama Joe Biden,0
Abraham Lincoln,365,Barack Obama Richard Nixon,0
Abraham Lincoln,365,Barack Obama Ronald Reagan,0
Abraham Lincoln,365,Bernie Sanders Donald Trump,0
Abraham Lincoln,365,Bernie Sanders Hillary Clinton,0
Abraham Lincoln,365,Bernie Sanders Joe Biden,0
Abraham Lincoln,365,Bernie Sanders Richard Nixon,1
Abraham Lincoln,365,Bernie Sanders Ronald Reagan,0
Abraham Lincoln,365,Donald Trump Elizabeth Warren,0
Abraham Lincoln,365,Donald Trump George W. Bush,0
Abraham Lincoln,365,Donald Trump Hillary Clinton,0
Abraham Lincoln,365,Donald Trump Joe Biden,0
Abraham Lincoln,365,Donald Trump Richard Nixon,0
Abraham Lincoln,365,Donald Trump Ronald Reagan,0
Abraham Lincoln,365,Elizabeth Warren George W. Bush,0
Abraham Lincoln,365,Elizabeth Warren Hillary Clinton,0
Abraham Lincoln,365,Elizabeth Warren Joe Biden,0
Abraham Lincoln,365,Elizabeth Warren Richard Nixon,0
Abraham Lincoln,365,Elizabeth Warren Ronald Reagan,0
Abraham Lincoln,365,George W. Bush Hillary Clinton,0
Abraham Lincoln,365,George W. Bush Joe Biden,0
Abraham Lincoln,365,George W. Bush Richard Nixon,0
Abraham Lincoln,365,George W. Bush Ronald Reagan,0
Abraham Lincoln,365,Hillary Clinton Joe Biden,0
Abraham Lincoln,365,Hillary Clinton Richard Nixon,0
Abraham Lincoln,365,Hillary Clinton Ronald Reagan,0
Abraham Lincoln,365,Joe Biden Richard Nixon,0
Abraham Lincoln,365,Richard Nixon Ronald Reagan,0
Joe Biden,366,Abraham Lincoln Barack Obama,0
Joe Biden,366,Abraham Lincoln Bernie Sanders,0
Joe Biden,366,Abraham Lincoln Donald Trump,0
Joe Biden,366,Abraham Lincoln Elizabeth Warren,0
Joe Biden,366,Abraham Lincoln George W. Bush,0
Joe Biden,366,Abraham Lincoln Hillary Clinton,0
Joe Biden,366,Abraham Lincoln Richard Nixon,0
Joe Biden,366,Abraham Lincoln Ronald Reagan,0
Joe Biden,366,Barack Obama Bernie Sanders,0
Joe Biden,366,Barack Obama Donald Trump,0
Joe Biden,366,Barack Obama Elizabeth Warren,0
Joe Biden,366,Barack Obama George W. Bush,0
Joe Biden,366,Barack Obama Richard Nixon,0
Joe Biden,366,Barack Obama Ronald Reagan,0
Joe Biden,366,Bernie Sanders Donald Trump,0
Joe Biden,366,Bernie Sanders Elizabeth Warren,0
Joe Biden,366,Bernie Sanders George W. Bush,0
Joe Biden,366,Bernie Sanders Hillary Clinton,0
Joe Biden,366,Bernie Sanders Richard Nixon,0
Joe Biden,366,Bernie Sanders Ronald Reagan,0
Joe Biden,366,Donald Trump Elizabeth Warren,0
Joe Biden,366,Donald Trump George W. Bush,0
Joe Biden,366,Donald Trump Hillary Clinton,0
Joe Biden,366,Donald Trump Richard Nixon,0
Joe Biden,366,Donald Trump Ronald Reagan,0
Joe Biden,366,Elizabeth Warren George W. Bush,0
Joe Biden,366,Elizabeth Warren Hillary Clinton,0
Joe Biden,366,Elizabeth Warren Richard Nixon,0
Joe Biden,366,Elizabeth Warren Ronald Reagan,0
Joe Biden,366,George W. Bush Hillary Clinton,0
Joe Biden,366,George W. Bush Richard Nixon,0
Joe Biden,366,George W. Bush Ronald Reagan,0
Joe Biden,366,Hillary Clinton Richard Nixon,0
Joe Biden,366,Hillary Clinton Ronald Reagan,0
Joe Biden,366,Richard Nixon Ronald Reagan,0
Elizabeth Warren,367,Abraham Lincoln Barack Obama,0
Elizabeth Warren,367,Abraham Lincoln Bernie Sanders,0
Elizabeth Warren,367,Abraham Lincoln Donald Trump,0
Elizabeth Warren,367,Abraham Lincoln George W. Bush,0
Elizabeth Warren,367,Abraham Lincoln Hillary Clinton,0
Elizabeth Warren,367,Abraham Lincoln Joe Biden,0
Elizabeth Warren,367,Abraham Lincoln Richard Nixon,0
Elizabeth Warren,367,Abraham Lincoln Ronald Reagan,0
Elizabeth Warren,367,Barack Obama Bernie Sanders,0
Elizabeth Warren,367,Barack Obama Donald Trump,0
Elizabeth Warren,367,Barack Obama George W. Bush,0
Elizabeth Warren,367,Barack Obama Hillary Clinton,0
Elizabeth Warren,367,Barack Obama Joe Biden,0
Elizabeth Warren,367,Barack Obama Richard Nixon,1
Elizabeth Warren,367,Barack Obama Ronald Reagan,0
Elizabeth Warren,367,Bernie Sanders Donald Trump,0
Elizabeth Warren,367,Bernie Sanders George W. Bush,0
Elizabeth Warren,367,Bernie Sanders Hillary Clinton,0
Elizabeth Warren,367,Bernie Sanders Joe Biden,0
Elizabeth Warren,367,Bernie Sanders Richard Nixon,0
Elizabeth Warren,367,Bernie Sanders Ronald Reagan,0
Elizabeth Warren,367,Donald Trump George W. Bush,1
Elizabeth Warren,367,Donald Trump Hillary Clinton,0
Elizabeth Warren,367,Donald Trump Joe Biden,0
Elizabeth Warren,367,Donald Trump Richard Nixon,0
Elizabeth Warren,367,Donald Trump Ronald Reagan,0
Elizabeth Warren,367,George W. Bush Hillary Clinton,0
Elizabeth Warren,367,George W. Bush Joe Biden,0
Elizabeth Warren,367,George W. Bush Ronald Reagan,0
Elizabeth Warren,367,Hillary Clinton Joe Biden,0
Elizabeth Warren,367,Hillary Clinton Richard Nixon,0
Elizabeth Warren,367,Hillary Clinton Ronald Reagan,0
Elizabeth Warren,367,Joe Biden Richard Nixon,1
Elizabeth Warren,367,Joe Biden Ronald Reagan,0
Elizabeth Warren,367,Richard Nixon Ronald Reagan,0
Elizabeth Warren,368,Abraham Lincoln Barack Obama,0
Elizabeth Warren,368,Abraham Lincoln Bernie Sanders,0
Elizabeth Warren,368,Abraham Lincoln Donald Trump,0
Elizabeth Warren,368,Abraham Lincoln George W. Bush,0
Elizabeth Warren,368,Abraham Lincoln Hillary Clinton,0
Elizabeth Warren,368,Abraham Lincoln Joe Biden,0
Elizabeth Warren,368,Abraham Lincoln Richard Nixon,0
Elizabeth Warren,368,Abraham Lincoln Ronald Reagan,0
Elizabeth Warren,368,Barack Obama Bernie Sanders,0
Elizabeth Warren,368,Barack Obama Donald Trump,1
Elizabeth Warren,368,Barack Obama George W. Bush,0
Elizabeth Warren,368,Barack Obama Hillary Clinton,0
Elizabeth Warren,368,Barack Obama Joe Biden,0
Elizabeth Warren,368,Barack Obama Richard Nixon,0
Elizabeth Warren,368,Barack Obama Ronald Reagan,0
Elizabeth Warren,368,Bernie Sanders Donald Trump,0
Elizabeth Warren,368,Bernie Sanders George W. Bush,0
Elizabeth Warren,368,Bernie Sanders Hillary Clinton,0
Elizabeth Warren,368,Bernie Sanders Joe Biden,0
Elizabeth Warren,368,Bernie Sanders Richard Nixon,0
Elizabeth Warren,368,Bernie Sanders Ronald Reagan,0
Elizabeth Warren,368,Donald Trump George W. Bush,0
Elizabeth Warren,368,Donald Trump Hillary Clinton,0
Elizabeth Warren,368,Donald Trump Joe Biden,0
Elizabeth Warren,368,Donald Trump Richard Nixon,0
Elizabeth Warren,368,Donald Trump Ronald Reagan,0
Elizabeth Warren,368,George W. Bush Hillary Clinton,0
Elizabeth Warren,368,George W. Bush Joe Biden,0
Elizabeth Warren,368,George W. Bush Richard Nixon,0
Elizabeth Warren,368,George W. Bush Ronald Reagan,0
Elizabeth Warren,368,Hillary Clinton Joe Biden,0
Elizabeth Warren,368,Hillary Clinton Richard Nixon,0
Elizabeth Warren,368,Hillary Clinton Ronald Reagan,0
Elizabeth Warren,368,Joe Biden Richard Nixon,1
Elizabeth Warren,368,Joe Biden Ronald Reagan,1
Elizabeth Warren,368,Richard Nixon Ronald Reagan,0
Hillary Clinton,369,Abraham Lincoln Barack Obama,0
Hillary Clinton,369,Abraham Lincoln Bernie Sanders,0
Hillary Clinton,369,Abraham Lincoln Donald Trump,0
Hillary Clinton,369,Abraham Lincoln Elizabeth Warren,0
Hillary Clinton,369,Abraham Lincoln George W. Bush,0
Hillary Clinton,369,Abraham Lincoln Joe Biden,0
Hillary Clinton,369,Abraham Lincoln Richard Nixon,0
Hillary Clinton,369,Abraham Lincoln Ronald Reagan,0
Hillary Clinton,369,Barack Obama Bernie Sanders,0
Hillary Clinton,369,Barack Obama Donald Trump,0
Hillary Clinton,369,Barack Obama Elizabeth Warren,0
Hillary Clinton,369,Barack Obama George W. Bush,0
Hillary Clinton,369,Barack Obama Joe Biden,1
Hillary Clinton,369,Barack Obama Richard Nixon,0
Hillary Clinton,369,Barack Obama Ronald Reagan,0
Hillary Clinton,369,Bernie Sanders Elizabeth Warren,0
Hillary Clinton,369,Bernie Sanders George W. Bush,0
Hillary Clinton,369,Bernie Sanders Joe Biden,0
Hillary Clinton,369,Bernie Sanders Richard Nixon,0
Hillary Clinton,369,Bernie Sanders Ronald Reagan,0
Hillary Clinton,369,Donald Trump Elizabeth Warren,0
Hillary Clinton,369,Donald Trump George W. Bush,0
Hillary Clinton,369,Donald Trump Joe Biden,0
Hillary Clinton,369,Donald Trump Richard Nixon,0
Hillary Clinton,369,Donald Trump Ronald Reagan,0
Hillary Clinton,369,Elizabeth Warren George W. Bush,0
Hillary Clinton,369,Elizabeth Warren Joe Biden,0
Hillary Clinton,369,Elizabeth Warren Richard Nixon,0
Hillary Clinton,369,Elizabeth Warren Ronald Reagan,0
Hillary Clinton,369,George W. Bush Joe Biden,0
Hillary Clinton,369,George W. Bush Richard Nixon,0
Hillary Clinton,369,George W. Bush Ronald Reagan,0
Hillary Clinton,369,Joe Biden Richard Nixon,0
Hillary Clinton,369,Joe Biden Ronald Reagan,0
Hillary Clinton,369,Richard Nixon Ronald Reagan,0
Donald Trump,370,Abraham Lincoln Barack Obama,0
Donald Trump,370,Abraham Lincoln Bernie Sanders,0
Donald Trump,370,Abraham Lincoln Elizabeth Warren,0
Donald Trump,370,Abraham Lincoln George W. Bush,0
Donald Trump,370,Abraham Lincoln Hillary Clinton,0
Donald Trump,370,Abraham Lincoln Joe Biden,0
Donald Trump,370,Abraham Lincoln Richard Nixon,0
Donald Trump,370,Abraham Lincoln Ronald Reagan,0
Donald Trump,370,Barack Obama Bernie Sanders,0
Donald Trump,370,Barack Obama George W. Bush,0
Donald Trump,370,Barack Obama Joe Biden,0
Donald Trump,370,Barack Obama Richard Nixon,0
Donald Trump,370,Barack Obama Ronald Reagan,0
Donald Trump,370,Bernie Sanders Elizabeth Warren,0
Donald Trump,370,Bernie Sanders George W. Bush,0
Donald Trump,370,Bernie Sanders Hillary Clinton,0
Donald Trump,370,Bernie Sanders Joe Biden,0
Donald Trump,370,Bernie Sanders Richard Nixon,0
Donald Trump,370,Bernie Sanders Ronald Reagan,1
Donald Trump,370,Elizabeth Warren George W. Bush,0
Donald Trump,370,Elizabeth Warren Hillary Clinton,0
Donald Trump,370,Elizabeth Warren Joe Biden,0
Donald Trump,370,Elizabeth Warren Richard Nixon,0
Donald Trump,370,Elizabeth Warren Ronald Reagan,0
Donald Trump,370,George W. Bush Hillary Clinton,0
Donald Trump,370,George W. Bush Joe Biden,0
Donald Trump,370,George W. Bush Richard Nixon,0
Donald Trump,370,George W. Bush Ronald Reagan,0
Donald Trump,370,Hillary Clinton Joe Biden,1
Donald Trump,370,Hillary Clinton Ronald Reagan,0
Donald Trump,370,Joe Biden Richard Nixon,0
Donald Trump,370,Joe Biden Ronald Reagan,1
Donald Trump,370,Richard Nixon Ronald Reagan,0
George W. Bush,371,Abraham Lincoln Barack Obama,0
George W. Bush,371,Abraham Lincoln Bernie Sanders,0
George W. Bush,371,Abraham Lincoln Donald Trump,0
George W. Bush,371,Abraham Lincoln Elizabeth Warren,0
George W. Bush,371,Abraham Lincoln Hillary Clinton,0
George W. Bush,371,Abraham Lincoln Joe Biden,0
George W. Bush,371,Abraham Lincoln Richard Nixon,0
George W. Bush,371,Abraham Lincoln Ronald Reagan,0
George W. Bush,371,Barack Obama Donald Trump,0
George W. Bush,371,Barack Obama Elizabeth Warren,0
George W. Bush,371,Barack Obama Joe Biden,0
George W. Bush,371,Barack Obama Richard Nixon,1
George W. Bush,371,Barack Obama Ronald Reagan,0
George W. Bush,371,Bernie Sanders Donald Trump,0
George W. Bush,371,Bernie Sanders Elizabeth Warren,1
George W. Bush,371,Bernie Sanders Hillary Clinton,1
George W. Bush,371,Bernie Sanders Joe Biden,0
George W. Bush,371,Bernie Sanders Richard Nixon,0
George W. Bush,371,Bernie Sanders Ronald Reagan,0
George W. Bush,371,Donald Trump Joe Biden,0
George W. Bush,371,Donald Trump Richard Nixon,0
George W. Bush,371,Donald Trump Ronald Reagan,0
George W. Bush,371,Elizabeth Warren Hillary Clinton,0
George W. Bush,371,Elizabeth Warren Joe Biden,0
George W. Bush,371,Elizabeth Warren Richard Nixon,0
George W. Bush,371,Elizabeth Warren Ronald Reagan,0
George W. Bush,371,Hillary Clinton Joe Biden,0
George W. Bush,371,Hillary Clinton Richard Nixon,0
George W. Bush,371,Hillary Clinton Ronald Reagan,0
George W. Bush,371,Joe Biden Richard Nixon,1
George W. Bush,371,Joe Biden Ronald Reagan,0
George W. Bush,371,Richard Nixon Ronald Reagan,0
Donald Trump,372,Abraham Lincoln Barack Obama,0
Donald Trump,372,Abraham Lincoln Bernie Sanders,0
Donald Trump,372,Abraham Lincoln Elizabeth Warren,0
Donald Trump,372,Abraham Lincoln George W. Bush,0
Donald Trump,372,Abraham Lincoln Hillary Clinton,0
Donald Trump,372,Abraham Lincoln Joe Biden,0
Donald Trump,372,Abraham Lincoln Richard Nixon,0
Donald Trump,372,Abraham Lincoln Ronald Reagan,0
Donald Trump,372,Barack Obama Elizabeth Warren,0
Donald Trump,372,Barack Obama George W. Bush,0
Donald Trump,372,Barack Obama Hillary Clinton,0
Donald Trump,372,Barack Obama Joe Biden,0
Donald Trump,372,Barack Obama Richard Nixon,0
Donald Trump,372,Barack Obama Ronald Reagan,0
Donald Trump,372,Bernie Sanders Elizabeth Warren,0
Donald Trump,372,Bernie Sanders George W. Bush,0
Donald Trump,372,Bernie Sanders Hillary Clinton,0
Donald Trump,372,Bernie Sanders Joe Biden,0
Donald Trump,372,Bernie Sanders Richard Nixon,0
Donald Trump,372,Bernie Sanders Ronald Reagan,1
Donald Trump,372,Elizabeth Warren George W. Bush,0
Donald Trump,372,Elizabeth Warren Hillary Clinton,0
Donald Trump,372,Elizabeth Warren Joe Biden,0
Donald Trump,372,Elizabeth Warren Richard Nixon,0
Donald Trump,372,Elizabeth Warren Ronald Reagan,0
Donald Trump,372,George W. Bush Hillary Clinton,0
Donald Trump,372,George W. Bush Joe Biden,0
Donald Trump,372,George W. Bush Ronald Reagan,0
Donald Trump,372,Hillary Clinton Joe Biden,0
Donald Trump,372,Hillary Clinton Richard Nixon,0
Donald Trump,372,Hillary Clinton Ronald Reagan,0
Donald Trump,372,Joe Biden Richard Nixon,0
Donald Trump,372,Richard Nixon Ronald Reagan,0
Bernie Sanders,373,Abraham Lincoln Barack Obama,0
Bernie Sanders,373,Abraham Lincoln Donald Trump,0
Bernie Sanders,373,Abraham Lincoln Elizabeth Warren,0
Bernie Sanders,373,Abraham Lincoln Hillary Clinton,0
Bernie Sanders,373,Abraham Lincoln Joe Biden,0
Bernie Sanders,373,Abraham Lincoln Richard Nixon,0
Bernie Sanders,373,Abraham Lincoln Ronald Reagan,0
Bernie Sanders,373,Barack Obama Donald Trump,0
Bernie Sanders,373,Barack Obama Elizabeth Warren,0
Bernie Sanders,373,Barack Obama George W. Bush,0
Bernie Sanders,373,Barack Obama Hillary Clinton,0
Bernie Sanders,373,Barack Obama Joe Biden,0
Bernie Sanders,373,Barack Obama Richard Nixon,0
Bernie Sanders,373,Barack Obama Ronald Reagan,0
Bernie Sanders,373,Donald Trump Elizabeth Warren,0
Bernie Sanders,373,Donald Trump Hillary Clinton,0
Bernie Sanders,373,Donald Trump Joe Biden,0
Bernie Sanders,373,Donald Trump Richard Nixon,0
Bernie Sanders,373,Donald Trump Ronald Reagan,0
Bernie Sanders,373,Elizabeth Warren George W. Bush,0
Bernie Sanders,373,Elizabeth Warren Hillary Clinton,0
Bernie Sanders,373,Elizabeth Warren Joe Biden,0
Bernie Sanders,373,Elizabeth Warren Richard Nixon,0
Bernie Sanders,373,Elizabeth Warren Ronald Reagan,0
Bernie Sanders,373,George W. Bush Hillary Clinton,0
Bernie Sanders,373,George W. Bush Joe Biden,0
Bernie Sanders,373,George W. Bush Richard Nixon,0
Bernie Sanders,373,George W. Bush Ronald Reagan,1
Bernie Sanders,373,Hillary Clinton Joe Biden,0
Bernie Sanders,373,Hillary Clinton Richard Nixon,0
Bernie Sanders,373,Hillary Clinton Ronald Reagan,0
Bernie Sanders,373,Joe Biden Richard Nixon,0
Bernie Sanders,373,Joe Biden Ronald Reagan,0
Bernie Sanders,373,Richard Nixon Ronald Reagan,0
Hillary Clinton,374,Abraham Lincoln Barack Obama,0
Hillary Clinton,374,Abraham Lincoln Bernie Sanders,0
Hillary Clinton,374,Abraham Lincoln Donald Trump,0
Hillary Clinton,374,Abraham Lincoln Elizabeth Warren,0
Hillary Clinton,374,Abraham Lincoln George W. Bush,0
Hillary Clinton,374,Abraham Lincoln Joe Biden,0
Hillary Clinton,374,Abraham Lincoln Richard Nixon,0
Hillary Clinton,374,Abraham Lincoln Ronald Reagan,0
Hillary Clinton,374,Barack Obama Bernie Sanders,0
Hillary Clinton,374,Barack Obama Donald Trump,0
Hillary Clinton,374,Barack Obama Elizabeth Warren,1
Hillary Clinton,374,Barack Obama George W. Bush,0
Hillary Clinton,374,Barack Obama Joe Biden,1
Hillary Clinton,374,Barack Obama Richard Nixon,1
Hillary Clinton,374,Barack Obama Ronald Reagan,0
Hillary Clinton,374,Bernie Sanders Donald Trump,0
Hillary Clinton,374,Bernie Sanders Elizabeth Warren,0
Hillary Clinton,374,Bernie Sanders George W. Bush,0
Hillary Clinton,374,Bernie Sanders Joe Biden,0
Hillary Clinton,374,Bernie Sanders Richard Nixon,0
Hillary Clinton,374,Bernie Sanders Ronald Reagan,0
Hillary Clinton,374,Donald Trump Elizabeth Warren,0
Hillary Clinton,374,Donald Trump George W. Bush,0
Hillary Clinton,374,Donald Trump Joe Biden,0
Hillary Clinton,374,Donald Trump Richard Nixon,0
Hillary Clinton,374,Donald Trump Ronald Reagan,0
Hillary Clinton,374,Elizabeth Warren George W. Bush,0
Hillary Clinton,374,Elizabeth Warren Joe Biden,0
Hillary Clinton,374,Elizabeth Warren Richard Nixon,0
Hillary Clinton,374,Elizabeth Warren Ronald Reagan,0
Hillary Clinton,374,George W. Bush Joe Biden,0
Hillary Clinton,374,George W. Bush Richard Nixon,0
Hillary Clinton,374,George W. Bush Ronald Reagan,0
Hillary Clinton,374,Joe Biden Richard Nixon,0
Hillary Clinton,374,Joe Biden Ronald Reagan,0
Hillary Clinton,374,Richard Nixon Ronald Reagan,0
Joe Biden,375,Abraham Lincoln Barack Obama,0
Joe Biden,375,Abraham Lincoln Bernie Sanders,0
Joe Biden,375,Abraham Lincoln Donald Trump,0
Joe Biden,375,Abraham Lincoln George W. Bush,0
Joe Biden,375,Abraham Lincoln Hillary Clinton,0
Joe Biden,375,Abraham Lincoln Richard Nixon,0
Joe Biden,375,Abraham Lincoln Ronald Reagan,0
Joe Biden,375,Barack Obama Bernie Sanders,1
Joe Biden,375,Barack Obama Donald Trump,0
Joe Biden,375,Barack Obama Elizabeth Warren,0
Joe Biden,375,Barack Obama George W. Bush,0
Joe Biden,375,Barack Obama Hillary Clinton,0
Joe Biden,375,Barack Obama Richard Nixon,0
Joe Biden,375,Barack Obama Ronald Reagan,0
Joe Biden,375,Bernie Sanders Donald Trump,0
Joe Biden,375,Bernie Sanders Elizabeth Warren,0
Joe Biden,375,Bernie Sanders George W. Bush,0
Joe Biden,375,Bernie Sanders Hillary Clinton,0
Joe Biden,375,Bernie Sanders Richard Nixon,0
Joe Biden,375,Bernie Sanders Ronald Reagan,0
Joe Biden,375,Donald Trump Elizabeth Warren,0
Joe Biden,375,Donald Trump George W. Bush,0
Joe Biden,375,Donald Trump Hillary Clinton,0
Joe Biden,375,Donald Trump Richard Nixon,0
Joe Biden,375,Donald Trump Ronald Reagan,0
Joe Biden,375,Elizabeth Warren George W. Bush,0
Joe Biden,375,Elizabeth Warren Hillary Clinton,0
Joe Biden,375,Elizabeth Warren Richard Nixon,0
Joe Biden,375,Elizabeth Warren Ronald Reagan,0
Joe Biden,375,George W. Bush Hillary Clinton,0
Joe Biden,375,George W. Bush Richard Nixon,0
Joe Biden,375,George W. Bush Ronald Reagan,0
Joe Biden,375,Hillary Clinton Richard Nixon,1
Joe Biden,375,Hillary Clinton Ronald Reagan,0
Joe Biden,375,Richard Nixon Ronald Reagan,0
Donald Trump,376,Abraham Lincoln Barack Obama,0
Donald Trump,376,Abraham Lincoln Bernie Sanders,0
Donald Trump,376,Abraham Lincoln Elizabeth Warren,0
Donald Trump,376,Abraham Lincoln George W. Bush,0
Donald Trump,376,Abraham Lincoln Hillary Clinton,0
Donald Trump,376,Abraham Lincoln Joe Biden,0
Donald Trump,376,Abraham Lincoln Richard Nixon,0
Donald Trump,376,Abraham Lincoln Ronald Reagan,0
Donald Trump,376,Barack Obama Bernie Sanders,0
Donald Trump,376,Barack Obama Elizabeth Warren,0
Donald Trump,376,Barack Obama George W. Bush,0
Donald Trump,376,Barack Obama Hillary Clinton,0
Donald Trump,376,Bernie Sanders Elizabeth Warren,0
Donald Trump,376,Bernie Sanders George W. Bush,1
Donald Trump,376,Bernie Sanders Joe Biden,0
Donald Trump,376,Bernie Sanders Richard Nixon,0
Donald Trump,376,Bernie Sanders Ronald Reagan,0
Donald Trump,376,Elizabeth Warren George W. Bush,0
Donald Trump,376,Elizabeth Warren Hillary Clinton,0
Donald Trump,376,Elizabeth Warren Joe Biden,0
Donald Trump,376,Elizabeth Warren Richard Nixon,0
Donald Trump,376,Elizabeth Warren Ronald Reagan,0
Donald Trump,376,George W. Bush Hillary Clinton,0
Donald Trump,376,George W. Bush Joe Biden,0
Donald Trump,376,George W. Bush Richard Nixon,1
Donald Trump,376,George W. Bush Ronald Reagan,0
Donald Trump,376,Hillary Clinton Joe Biden,0
Donald Trump,376,Hillary Clinton Richard Nixon,0
Donald Trump,376,Hillary Clinton Ronald Reagan,1
Donald Trump,376,Joe Biden Richard Nixon,0
Donald Trump,376,Joe Biden Ronald Reagan,0
Donald Trump,376,Richard Nixon Ronald Reagan,0
Barack Obama,377,Abraham Lincoln Bernie Sanders,0
Barack Obama,377,Abraham Lincoln Donald Trump,0
Barack Obama,377,Abraham Lincoln Elizabeth Warren,0
Barack Obama,377,Abraham Lincoln George W. Bush,0
Barack Obama,377,Abraham Lincoln Hillary Clinton,0
Barack Obama,377,Abraham Lincoln Joe Biden,0
Barack Obama,377,Abraham Lincoln Richard Nixon,0
Barack Obama,377,Abraham Lincoln Ronald Reagan,0
Barack Obama,377,Bernie Sanders Donald Trump,0
Barack Obama,377,Bernie Sanders Elizabeth Warren,0
Barack Obama,377,Bernie Sanders George W. Bush,0
Barack Obama,377,Bernie Sanders Hillary Clinton,0
Barack Obama,377,Bernie Sanders Joe Biden,0
Barack Obama,377,Bernie Sanders Richard Nixon,0
Barack Obama,377,Bernie Sanders Ronald Reagan,0
Barack Obama,377,Donald Trump Elizabeth Warren,0
Barack Obama,377,Donald Trump George W. Bush,0
Barack Obama,377,Donald Trump Joe Biden,1
Barack Obama,377,Donald Trump Richard Nixon,0
Barack Obama,377,Donald Trump Ronald Reagan,0
Barack Obama,377,Elizabeth Warren George W. Bush,0
Barack Obama,377,Elizabeth Warren Hillary Clinton,0
Barack Obama,377,Elizabeth Warren Joe Biden,0
Barack Obama,377,Elizabeth Warren Richard Nixon,0
Barack Obama,377,George W. Bush Hillary Clinton,0
Barack Obama,377,George W. Bush Joe Biden,0
Barack Obama,377,George W. Bush Richard Nixon,0
Barack Obama,377,George W. Bush Ronald Reagan,0
Barack Obama,377,Hillary Clinton Joe Biden,0
Barack Obama,377,Hillary Clinton Richard Nixon,1
Barack Obama,377,Hillary Clinton Ronald Reagan,0
Barack Obama,377,Joe Biden Richard Nixon,0
Barack Obama,377,Joe Biden Ronald Reagan,0
Barack Obama,377,Richard Nixon Ronald Reagan,1
Ronald Reagan,378,Abraham Lincoln Barack Obama,0
Ronald Reagan,378,Abraham Lincoln Bernie Sanders,0
Ronald Reagan,378,Abraham Lincoln Elizabeth Warren,0
Ronald Reagan,378,Abraham Lincoln George W. Bush,0
Ronald Reagan,378,Abraham Lincoln Hillary Clinton,0
Ronald Reagan,378,Abraham Lincoln Joe Biden,0
Ronald Reagan,378,Abraham Lincoln Richard Nixon,0
Ronald Reagan,378,Barack Obama Bernie Sanders,0
Ronald Reagan,378,Barack Obama Donald Trump,0
Ronald Reagan,378,Barack Obama Elizabeth Warren,0
Ronald Reagan,378,Barack Obama George W. Bush,0
Ronald Reagan,378,Barack Obama Hillary Clinton,0
Ronald Reagan,378,Barack Obama Joe Biden,0
Ronald Reagan,378,Barack Obama Richard Nixon,1
Ronald Reagan,378,Bernie Sanders Donald Trump,0
Ronald Reagan,378,Bernie Sanders Elizabeth Warren,0
Ronald Reagan,378,Bernie Sanders George W. Bush,0
Ronald Reagan,378,Bernie Sanders Hillary Clinton,0
Ronald Reagan,378,Bernie Sanders Joe Biden,0
Ronald Reagan,378,Bernie Sanders Richard Nixon,0
Ronald Reagan,378,Donald Trump Elizabeth Warren,0
Ronald Reagan,378,Donald Trump Hillary Clinton,0
Ronald Reagan,378,Donald Trump Richard Nixon,0
Ronald Reagan,378,Elizabeth Warren George W. Bush,0
Ronald Reagan,378,Elizabeth Warren Hillary Clinton,0
Ronald Reagan,378,Elizabeth Warren Joe Biden,0
Ronald Reagan,378,Elizabeth Warren Richard Nixon,0
Ronald Reagan,378,George W. Bush Hillary Clinton,0
Ronald Reagan,378,George W. Bush Richard Nixon,0
Ronald Reagan,378,Hillary Clinton Joe Biden,0
Ronald Reagan,378,Hillary Clinton Richard Nixon,0
Ronald Reagan,378,Joe Biden Richard Nixon,0
Bernie Sanders,379,Abraham Lincoln Barack Obama,0
Bernie Sanders,379,Abraham Lincoln Donald Trump,0
Bernie Sanders,379,Abraham Lincoln Elizabeth Warren,0
Bernie Sanders,379,Abraham Lincoln George W. Bush,0
Bernie Sanders,379,Abraham Lincoln Hillary Clinton,0
Bernie Sanders,379,Abraham Lincoln Joe Biden,0
Bernie Sanders,379,Abraham Lincoln Ronald Reagan,0
Bernie Sanders,379,Barack Obama Donald Trump,0
Bernie Sanders,379,Barack Obama Elizabeth Warren,0
Bernie Sanders,379,Barack Obama George W. Bush,0
Bernie Sanders,379,Barack Obama Hillary Clinton,0
Bernie Sanders,379,Barack Obama Joe Biden,0
Bernie Sanders,379,Barack Obama Richard Nixon,0
Bernie Sanders,379,Barack Obama Ronald Reagan,0
Bernie Sanders,379,Donald Trump Elizabeth Warren,0
Bernie Sanders,379,Donald Trump George W. Bush,0
Bernie Sanders,379,Donald Trump Hillary Clinton,0
Bernie Sanders,379,Donald Trump Joe Biden,0
Bernie Sanders,379,Donald Trump Richard Nixon,0
Bernie Sanders,379,Donald Trump Ronald Reagan,0
Bernie Sanders,379,Elizabeth Warren George W. Bush,0
Bernie Sanders,379,Elizabeth Warren Hillary Clinton,0
Bernie Sanders,379,Elizabeth Warren Joe Biden,0
Bernie Sanders,379,Elizabeth Warren Richard Nixon,0
Bernie Sanders,379,Elizabeth Warren Ronald Reagan,0
Bernie Sanders,379,George W. Bush Hillary Clinton,0
Bernie Sanders,379,George W. Bush Joe Biden,0
Bernie Sanders,379,George W. Bush Richard Nixon,0
Bernie Sanders,379,George W. Bush Ronald Reagan,0
Bernie Sanders,379,Hillary Clinton Joe Biden,0
Bernie Sanders,379,Hillary Clinton Ronald Reagan,0
Bernie Sanders,379,Joe Biden Richard Nixon,1
Bernie Sanders,379,Joe Biden Ronald Reagan,0
Bernie Sanders,379,Richard Nixon Ronald Reagan,0
Abraham Lincoln,380,Barack Obama Bernie Sanders,0
Abraham Lincoln,380,Barack Obama Donald Trump,0
Abraham Lincoln,380,Barack Obama Elizabeth Warren,0
Abraham Lincoln,380,Barack Obama Hillary Clinton,0
Abraham Lincoln,380,Barack Obama Joe Biden,0
Abraham Lincoln,380,Barack Obama Richard Nixon,0
Abraham Lincoln,380,Barack Obama Ronald Reagan,0
Abraham Lincoln,380,Bernie Sanders Donald Trump,0
Abraham Lincoln,380,Bernie Sanders Elizabeth Warren,0
Abraham Lincoln,380,Bernie Sanders George W. Bush,0
Abraham Lincoln,380,Bernie Sanders Hillary Clinton,0
Abraham Lincoln,380,Bernie Sanders Richard Nixon,0
Abraham Lincoln,380,Bernie Sanders Ronald Reagan,0
Abraham Lincoln,380,Donald Trump Elizabeth Warren,0
Abraham Lincoln,380,Donald Trump George W. Bush,0
Abraham Lincoln,380,Donald Trump Hillary Clinton,0
Abraham Lincoln,380,Donald Trump Joe Biden,0
Abraham Lincoln,380,Donald Trump Richard Nixon,0
Abraham Lincoln,380,Donald Trump Ronald Reagan,0
Abraham Lincoln,380,Elizabeth Warren George W. Bush,0
Abraham Lincoln,380,Elizabeth Warren Hillary Clinton,0
Abraham Lincoln,380,Elizabeth Warren Joe Biden,0
Abraham Lincoln,380,Elizabeth Warren Richard Nixon,0
Abraham Lincoln,380,Elizabeth Warren Ronald Reagan,0
Abraham Lincoln,380,George W. Bush Hillary Clinton,0
Abraham Lincoln,380,George W. Bush Joe Biden,0
Abraham Lincoln,380,George W. Bush Richard Nixon,0
Abraham Lincoln,380,George W. Bush Ronald Reagan,0
Abraham Lincoln,380,Hillary Clinton Joe Biden,0
Abraham Lincoln,380,Hillary Clinton Richard Nixon,1
Abraham Lincoln,380,Hillary Clinton Ronald Reagan,0
Abraham Lincoln,380,Joe Biden Richard Nixon,0
Abraham Lincoln,380,Joe Biden Ronald Reagan,0
Abraham Lincoln,380,Richard Nixon Ronald Reagan,0
Joe Biden,381,Abraham Lincoln Barack Obama,0
Joe Biden,381,Abraham Lincoln Bernie Sanders,0
Joe Biden,381,Abraham Lincoln Donald Trump,0
Joe Biden,381,Abraham Lincoln Elizabeth Warren,0
Joe Biden,381,Abraham Lincoln George W. Bush,0
Joe Biden,381,Abraham Lincoln Hillary Clinton,0
Joe Biden,381,Abraham Lincoln Richard Nixon,0
Joe Biden,381,Abraham Lincoln Ronald Reagan,0
Joe Biden,381,Barack Obama Bernie Sanders,0
Joe Biden,381,Barack Obama Elizabeth Warren,0
Joe Biden,381,Barack Obama George W. Bush,0
Joe Biden,381,Barack Obama Hillary Clinton,0
Joe Biden,381,Barack Obama Richard Nixon,0
Joe Biden,381,Barack Obama Ronald Reagan,0
Joe Biden,381,Bernie Sanders Donald Trump,0
Joe Biden,381,Bernie Sanders Elizabeth Warren,0
Joe Biden,381,Bernie Sanders George W. Bush,0
Joe Biden,381,Bernie Sanders Hillary Clinton,0
Joe Biden,381,Bernie Sanders Richard Nixon,0
Joe Biden,381,Bernie Sanders Ronald Reagan,0
Joe Biden,381,Donald Trump Elizabeth Warren,0
Joe Biden,381,Donald Trump George W. Bush,1
Joe Biden,381,Donald Trump Hillary Clinton,0
Joe Biden,381,Donald Trump Richard Nixon,0
Joe Biden,381,Donald Trump Ronald Reagan,0
Joe Biden,381,Elizabeth Warren Hillary Clinton,0
Joe Biden,381,Elizabeth Warren Richard Nixon,0
Joe Biden,381,Elizabeth Warren Ronald Reagan,0
Joe Biden,381,George W. Bush Hillary Clinton,0
Joe Biden,381,George W. Bush Richard Nixon,0
Joe Biden,381,George W. Bush Ronald Reagan,1
Joe Biden,381,Hillary Clinton Richard Nixon,0
Joe Biden,381,Hillary Clinton Ronald Reagan,1
Joe Biden,381,Richard Nixon Ronald Reagan,0
Bernie Sanders,382,Abraham Lincoln Barack Obama,0
Bernie Sanders,382,Abraham Lincoln Donald Trump,0
Bernie Sanders,382,Abraham Lincoln Elizabeth Warren,0
Bernie Sanders,382,Abraham Lincoln George W. Bush,0
Bernie Sanders,382,Abraham Lincoln Hillary Clinton,0
Bernie Sanders,382,Abraham Lincoln Joe Biden,0
Bernie Sanders,382,Abraham Lincoln Richard Nixon,0
Bernie Sanders,382,Abraham Lincoln Ronald Reagan,0
Bernie Sanders,382,Barack Obama Donald Trump,0
Bernie Sanders,382,Barack Obama Elizabeth Warren,0
Bernie Sanders,382,Barack Obama George W. Bush,0
Bernie Sanders,382,Barack Obama Hillary Clinton,0
Bernie Sanders,382,Barack Obama Joe Biden,0
Bernie Sanders,382,Barack Obama Richard Nixon,0
Bernie Sanders,382,Donald Trump Elizabeth Warren,0
Bernie Sanders,382,Donald Trump George W. Bush,0
Bernie Sanders,382,Donald Trump Hillary Clinton,0
Bernie Sanders,382,Donald Trump Joe Biden,0
Bernie Sanders,382,Donald Trump Richard Nixon,0
Bernie Sanders,382,Donald Trump Ronald Reagan,0
Bernie Sanders,382,Elizabeth Warren George W. Bush,1
Bernie Sanders,382,Elizabeth Warren Hillary Clinton,0
Bernie Sanders,382,Elizabeth Warren Joe Biden,0
Bernie Sanders,382,Elizabeth Warren Richard Nixon,0
Bernie Sanders,382,Elizabeth Warren Ronald Reagan,0
Bernie Sanders,382,George W. Bush Joe Biden,1
Bernie Sanders,382,George W. Bush Richard Nixon,0
Bernie Sanders,382,George W. Bush Ronald Reagan,0
Bernie Sanders,382,Hillary Clinton Joe Biden,0
Bernie Sanders,382,Hillary Clinton Richard Nixon,0
Bernie Sanders,382,Hillary Clinton Ronald Reagan,0
Bernie Sanders,382,Joe Biden Richard Nixon,0
Bernie Sanders,382,Joe Biden Ronald Reagan,0
Bernie Sanders,382,Richard Nixon Ronald Reagan,0
Ronald Reagan,383,Abraham Lincoln Barack Obama,0
Ronald Reagan,383,Abraham Lincoln Bernie Sanders,0
Ronald Reagan,383,Abraham Lincoln Donald Trump,0
Ronald Reagan,383,Abraham Lincoln Elizabeth Warren,0
Ronald Reagan,383,Abraham Lincoln George W. Bush,0
Ronald Reagan,383,Abraham Lincoln Hillary Clinton,0
Ronald Reagan,383,Abraham Lincoln Joe Biden,0
Ronald Reagan,383,Barack Obama Bernie Sanders,0
Ronald Reagan,383,Barack Obama Donald Trump,0
Ronald Reagan,383,Barack Obama Elizabeth Warren,0
Ronald Reagan,383,Barack Obama George W. Bush,0
Ronald Reagan,383,Barack Obama Hillary Clinton,0
Ronald Reagan,383,Barack Obama Joe Biden,0
Ronald Reagan,383,Barack Obama Richard Nixon,0
Ronald Reagan,383,Bernie Sanders Donald Trump,0
Ronald Reagan,383,Bernie Sanders Elizabeth Warren,0
Ronald Reagan,383,Bernie Sanders George W. Bush,0
Ronald Reagan,383,Bernie Sanders Hillary Clinton,0
Ronald Reagan,383,Bernie Sanders Joe Biden,0
Ronald Reagan,383,Bernie Sanders Richard Nixon,0
Ronald Reagan,383,Donald Trump Elizabeth Warren,0
Ronald Reagan,383,Donald Trump George W. Bush,1
Ronald Reagan,383,Donald Trump Joe Biden,0
Ronald Reagan,383,Donald Trump Richard Nixon,0
Ronald Reagan,383,Elizabeth Warren George W. Bush,0
Ronald Reagan,383,Elizabeth Warren Hillary Clinton,0
Ronald Reagan,383,Elizabeth Warren Joe Biden,0
Ronald Reagan,383,Elizabeth Warren Richard Nixon,0
Ronald Reagan,383,George W. Bush Joe Biden,0
Ronald Reagan,383,George W. Bush Richard Nixon,0
Ronald Reagan,383,Hillary Clinton Joe Biden,0
Ronald Reagan,383,Hillary Clinton Richard Nixon,0
Ronald Reagan,383,Joe Biden Richard Nixon,1
Hillary Clinton,384,Abraham Lincoln Barack Obama,0
Hillary Clinton,384,Abraham Lincoln Bernie Sanders,0
Hillary Clinton,384,Abraham Lincoln Donald Trump,0
Hillary Clinton,384,Abraham Lincoln Elizabeth Warren,0
Hillary Clinton,384,Abraham Lincoln George W. Bush,0
Hillary Clinton,384,Abraham Lincoln Joe Biden,0
Hillary Clinton,384,Abraham Lincoln Richard Nixon,0
Hillary Clinton,384,Abraham Lincoln Ronald Reagan,0
Hillary Clinton,384,Barack Obama Bernie Sanders,0
Hillary Clinton,384,Barack Obama Donald Trump,0
Hillary Clinton,384,Barack Obama George W. Bush,0
Hillary Clinton,384,Barack Obama Joe Biden,0
Hillary Clinton,384,Barack Obama Richard Nixon,0
Hillary Clinton,384,Barack Obama Ronald Reagan,0
Hillary Clinton,384,Bernie Sanders Donald Trump,0
Hillary Clinton,384,Bernie Sanders Elizabeth Warren,0
Hillary Clinton,384,Bernie Sanders George W. Bush,0
Hillary Clinton,384,Bernie Sanders Joe Biden,0
Hillary Clinton,384,Bernie Sanders Richard Nixon,0
Hillary Clinton,384,Bernie Sanders Ronald Reagan,0
Hillary Clinton,384,Donald Trump Elizabeth Warren,0
Hillary Clinton,384,Donald Trump George W. Bush,0
Hillary Clinton,384,Donald Trump Joe Biden,0
Hillary Clinton,384,Donald Trump Richard Nixon,0
Hillary Clinton,384,Donald Trump Ronald Reagan,0
Hillary Clinton,384,Elizabeth Warren George W. Bush,0
Hillary Clinton,384,Elizabeth Warren Joe Biden,0
Hillary Clinton,384,Elizabeth Warren Richard Nixon,0
Hillary Clinton,384,Elizabeth Warren Ronald Reagan,0
Hillary Clinton,384,George W. Bush Joe Biden,0
Hillary Clinton,384,George W. Bush Richard Nixon,0
Hillary Clinton,384,George W. Bush Ronald Reagan,0
Hillary Clinton,384,Joe Biden Richard Nixon,0
Hillary Clinton,384,Joe Biden Ronald Reagan,0
Hillary Clinton,384,Richard Nixon Ronald Reagan,1
Ronald Reagan,385,Abraham Lincoln Barack Obama,0
Ronald Reagan,385,Abraham Lincoln Bernie Sanders,0
Ronald Reagan,385,Abraham Lincoln Donald Trump,0
Ronald Reagan,385,Abraham Lincoln Elizabeth Warren,0
Ronald Reagan,385,Abraham Lincoln George W. Bush,0
Ronald Reagan,385,Abraham Lincoln Joe Biden,0
Ronald Reagan,385,Abraham Lincoln Richard Nixon,0
Ronald Reagan,385,Barack Obama Bernie Sanders,0
Ronald Reagan,385,Barack Obama Donald Trump,0
Ronald Reagan,385,Barack Obama Elizabeth Warren,0
Ronald Reagan,385,Barack Obama George W. Bush,0
Ronald Reagan,385,Barack Obama Hillary Clinton,0
Ronald Reagan,385,Barack Obama Joe Biden,0
Ronald Reagan,385,Barack Obama Richard Nixon,0
Ronald Reagan,385,Bernie Sanders Donald Trump,1
Ronald Reagan,385,Bernie Sanders Elizabeth Warren,0
Ronald Reagan,385,Bernie Sanders George W. Bush,0
Ronald Reagan,385,Bernie Sanders Joe Biden,0
Ronald Reagan,385,Bernie Sanders Richard Nixon,0
Ronald Reagan,385,Donald Trump George W. Bush,0
Ronald Reagan,385,Donald Trump Hillary Clinton,0
Ronald Reagan,385,Donald Trump Joe Biden,0
Ronald Reagan,385,Donald Trump Richard Nixon,0
Ronald Reagan,385,Elizabeth Warren George W. Bush,0
Ronald Reagan,385,Elizabeth Warren Hillary Clinton,0
Ronald Reagan,385,Elizabeth Warren Joe Biden,0
Ronald Reagan,385,Elizabeth Warren Richard Nixon,0
Ronald Reagan,385,George W. Bush Hillary Clinton,0
Ronald Reagan,385,George W. Bush Joe Biden,0
Ronald Reagan,385,George W. Bush Richard Nixon,0
Ronald Reagan,385,Hillary Clinton Joe Biden,0
Ronald Reagan,385,Hillary Clinton Richard Nixon,1
Ronald Reagan,385,Joe Biden Richard Nixon,0
Elizabeth Warren,386,Abraham Lincoln Barack Obama,0
Elizabeth Warren,386,Abraham Lincoln Bernie Sanders,0
Elizabeth Warren,386,Abraham Lincoln Donald Trump,0
Elizabeth Warren,386,Abraham Lincoln George W. Bush,0
Elizabeth Warren,386,Abraham Lincoln Hillary Clinton,1
Elizabeth Warren,386,Abraham Lincoln Joe Biden,0
Elizabeth Warren,386,Abraham Lincoln Richard Nixon,0
Elizabeth Warren,386,Abraham Lincoln Ronald Reagan,0
Elizabeth Warren,386,Barack Obama Bernie Sanders,0
Elizabeth Warren,386,Barack Obama Hillary Clinton,0
Elizabeth Warren,386,Barack Obama Joe Biden,0
Elizabeth Warren,386,Barack Obama Richard Nixon,0
Elizabeth Warren,386,Barack Obama Ronald Reagan,0
Elizabeth Warren,386,Bernie Sanders Donald Trump,0
Elizabeth Warren,386,Bernie Sanders George W. Bush,0
Elizabeth Warren,386,Bernie Sanders Hillary Clinton,0
Elizabeth Warren,386,Bernie Sanders Joe Biden,0
Elizabeth Warren,386,Bernie Sanders Richard Nixon,0
Elizabeth Warren,386,Bernie Sanders Ronald Reagan,0
Elizabeth Warren,386,Donald Trump George W. Bush,0
Elizabeth Warren,386,Donald Trump Hillary Clinton,0
Elizabeth Warren,386,Donald Trump Joe Biden,0
Elizabeth Warren,386,Donald Trump Richard Nixon,0
Elizabeth Warren,386,Donald Trump Ronald Reagan,0
Elizabeth Warren,386,George W. Bush Hillary Clinton,0
Elizabeth Warren,386,George W. Bush Joe Biden,0
Elizabeth Warren,386,George W. Bush Richard Nixon,0
Elizabeth Warren,386,George W. Bush Ronald Reagan,0
Elizabeth Warren,386,Hillary Clinton Joe Biden,0
Elizabeth Warren,386,Hillary Clinton Richard Nixon,0
Elizabeth Warren,386,Hillary Clinton Ronald Reagan,0
Elizabeth Warren,386,Joe Biden Richard Nixon,0
Elizabeth Warren,386,Joe Biden Ronald Reagan,0
Elizabeth Warren,386,Richard Nixon Ronald Reagan,0
Ronald Reagan,387,Abraham Lincoln Barack Obama,0
Ronald Reagan,387,Abraham Lincoln Bernie Sanders,0
Ronald Reagan,387,Abraham Lincoln Elizabeth Warren,0
Ronald Reagan,387,Abraham Lincoln George W. Bush,0
Ronald Reagan,387,Abraham Lincoln Hillary Clinton,0
Ronald Reagan,387,Abraham Lincoln Joe Biden,0
Ronald Reagan,387,Abraham Lincoln Richard Nixon,0
Ronald Reagan,387,Barack Obama Bernie Sanders,0
Ronald Reagan,387,Barack Obama Donald Trump,0
Ronald Reagan,387,Barack Obama Elizabeth Warren,0
Ronald Reagan,387,Barack Obama George W. Bush,0
Ronald Reagan,387,Barack Obama Hillary Clinton,0
Ronald Reagan,387,Barack Obama Joe Biden,0
Ronald Reagan,387,Bernie Sanders Donald Trump,0
Ronald Reagan,387,Bernie Sanders Elizabeth Warren,0
Ronald Reagan,387,Bernie Sanders George W. Bush,0
Ronald Reagan,387,Bernie Sanders Hillary Clinton,0
Ronald Reagan,387,Bernie Sanders Joe Biden,0
Ronald Reagan,387,Bernie Sanders Richard Nixon,0
Ronald Reagan,387,Donald Trump Elizabeth Warren,0
Ronald Reagan,387,Donald Trump George W. Bush,0
Ronald Reagan,387,Donald Trump Joe Biden,0
Ronald Reagan,387,Donald Trump Richard Nixon,0
Ronald Reagan,387,Elizabeth Warren George W. Bush,0
Ronald Reagan,387,Elizabeth Warren Hillary Clinton,0
Ronald Reagan,387,Elizabeth Warren Joe Biden,0
Ronald Reagan,387,Elizabeth Warren Richard Nixon,0
Ronald Reagan,387,George W. Bush Hillary Clinton,0
Ronald Reagan,387,George W. Bush Joe Biden,0
Ronald Reagan,387,George W. Bush Richard Nixon,0
Ronald Reagan,387,Hillary Clinton Richard Nixon,0
Ronald Reagan,387,Joe Biden Richard Nixon,0
Elizabeth Warren,388,Abraham Lincoln Barack Obama,0
Elizabeth Warren,388,Abraham Lincoln Bernie Sanders,0
Elizabeth Warren,388,Abraham Lincoln Donald Trump,0
Elizabeth Warren,388,Abraham Lincoln George W. Bush,0
Elizabeth Warren,388,Abraham Lincoln Hillary Clinton,0
Elizabeth Warren,388,Abraham Lincoln Joe Biden,0
Elizabeth Warren,388,Abraham Lincoln Richard Nixon,0
Elizabeth Warren,388,Abraham Lincoln Ronald Reagan,0
Elizabeth Warren,388,Barack Obama Bernie Sanders,0
Elizabeth Warren,388,Barack Obama Donald Trump,0
Elizabeth Warren,388,Barack Obama George W. Bush,0
Elizabeth Warren,388,Barack Obama Hillary Clinton,0
Elizabeth Warren,388,Barack Obama Joe Biden,0
Elizabeth Warren,388,Barack Obama Richard Nixon,0
Elizabeth Warren,388,Barack Obama Ronald Reagan,0
Elizabeth Warren,388,Bernie Sanders Donald Trump,0
Elizabeth Warren,388,Bernie Sanders George W. Bush,0
Elizabeth Warren,388,Bernie Sanders Hillary Clinton,0
Elizabeth Warren,388,Bernie Sanders Joe Biden,0
Elizabeth Warren,388,Bernie Sanders Richard Nixon,0
Elizabeth Warren,388,Bernie Sanders Ronald Reagan,1
Elizabeth Warren,388,Donald Trump George W. Bush,0
Elizabeth Warren,388,Donald Trump Hillary Clinton,0
Elizabeth Warren,388,Donald Trump Joe Biden,0
Elizabeth Warren,388,Donald Trump Richard Nixon,0
Elizabeth Warren,388,Donald Trump Ronald Reagan,0
Elizabeth Warren,388,George W. Bush Hillary Clinton,0
Elizabeth Warren,388,George W. Bush Joe Biden,0
Elizabeth Warren,388,George W. Bush Richard Nixon,0
Elizabeth Warren,388,George W. Bush Ronald Reagan,0
Elizabeth Warren,388,Hillary Clinton Joe Biden,0
Elizabeth Warren,388,Hillary Clinton Richard Nixon,0
Elizabeth Warren,388,Hillary Clinton Ronald Reagan,0
Elizabeth Warren,388,Joe Biden Richard Nixon,0
Elizabeth Warren,388,Joe Biden Ronald Reagan,0
Elizabeth Warren,388,Richard Nixon Ronald Reagan,0
Hillary Clinton,389,Abraham Lincoln Barack Obama,0
Hillary Clinton,389,Abraham Lincoln Bernie Sanders,0
Hillary Clinton,389,Abraham Lincoln Donald Trump,0
Hillary Clinton,389,Abraham Lincoln Elizabeth Warren,0
Hillary Clinton,389,Abraham Lincoln George W. Bush,0
Hillary Clinton,389,Abraham Lincoln Joe Biden,0
Hillary Clinton,389,Abraham Lincoln Richard Nixon,0
Hillary Clinton,389,Abraham Lincoln Ronald Reagan,0
Hillary Clinton,389,Barack Obama Bernie Sanders,0
Hillary Clinton,389,Barack Obama Donald Trump,0
Hillary Clinton,389,Barack Obama Elizabeth Warren,1
Hillary Clinton,389,Barack Obama George W. Bush,0
Hillary Clinton,389,Barack Obama Joe Biden,0
Hillary Clinton,389,Barack Obama Richard Nixon,0
Hillary Clinton,389,Barack Obama Ronald Reagan,0
Hillary Clinton,389,Bernie Sanders Donald Trump,0
Hillary Clinton,389,Bernie Sanders Elizabeth Warren,0
Hillary Clinton,389,Bernie Sanders George W. Bush,0
Hillary Clinton,389,Bernie Sanders Joe Biden,1
Hillary Clinton,389,Bernie Sanders Richard Nixon,0
Hillary Clinton,389,Bernie Sanders Ronald Reagan,0
Hillary Clinton,389,Donald Trump Elizabeth Warren,0
Hillary Clinton,389,Donald Trump George W. Bush,0
Hillary Clinton,389,Donald Trump Joe Biden,1
Hillary Clinton,389,Donald Trump Richard Nixon,0
Hillary Clinton,389,Donald Trump Ronald Reagan,0
Hillary Clinton,389,Elizabeth Warren George W. Bush,0
Hillary Clinton,389,Elizabeth Warren Joe Biden,0
Hillary Clinton,389,Elizabeth Warren Richard Nixon,0
Hillary Clinton,389,Elizabeth Warren Ronald Reagan,0
Hillary Clinton,389,George W. Bush Joe Biden,0
Hillary Clinton,389,George W. Bush Ronald Reagan,0
Hillary Clinton,389,Joe Biden Richard Nixon,0
Hillary Clinton,389,Joe Biden Ronald Reagan,0
Hillary Clinton,389,Richard Nixon Ronald Reagan,0
Richard Nixon,390,Abraham Lincoln Barack Obama,0
Richard Nixon,390,Abraham Lincoln Bernie Sanders,0
Richard Nixon,390,Abraham Lincoln Donald Trump,0
Richard Nixon,390,Abraham Lincoln Elizabeth Warren,0
Richard Nixon,390,Abraham Lincoln George W. Bush,0
Richard Nixon,390,Abraham Lincoln Hillary Clinton,1
Richard Nixon,390,Abraham Lincoln Ronald Reagan,0
Richard Nixon,390,Barack Obama Bernie Sanders,0
Richard Nixon,390,Barack Obama George W. Bush,0
Richard Nixon,390,Barack Obama Hillary Clinton,1
Richard Nixon,390,Barack Obama Joe Biden,0
Richard Nixon,390,Barack Obama Ronald Reagan,1
Richard Nixon,390,Bernie Sanders Donald Trump,0
Richard Nixon,390,Bernie Sanders Elizabeth Warren,0
Richard Nixon,390,Bernie Sanders George W. Bush,0
Richard Nixon,390,Bernie Sanders Hillary Clinton,0
Richard Nixon,390,Bernie Sanders Joe Biden,0
Richard Nixon,390,Bernie Sanders Ronald Reagan,0
Richard Nixon,390,Donald Trump Elizabeth Warren,0
Richard Nixon,390,Donald Trump George W. Bush,0
Richard Nixon,390,Donald Trump Hillary Clinton,0
Richard Nixon,390,Donald Trump Joe Biden,1
Richard Nixon,390,Donald Trump Ronald Reagan,0
Richard Nixon,390,Elizabeth Warren George W. Bush,0
Richard Nixon,390,Elizabeth Warren Joe Biden,0
Richard Nixon,390,Elizabeth Warren Ronald Reagan,0
Richard Nixon,390,George W. Bush Hillary Clinton,0
Richard Nixon,390,George W. Bush Joe Biden,0
Richard Nixon,390,George W. Bush Ronald Reagan,0
Richard Nixon,390,Hillary Clinton Joe Biden,1
Richard Nixon,390,Joe Biden Ronald Reagan,0
Elizabeth Warren,391,Abraham Lincoln Barack Obama,0
Elizabeth Warren,391,Abraham Lincoln Bernie Sanders,0
Elizabeth Warren,391,Abraham Lincoln Donald Trump,0
Elizabeth Warren,391,Abraham Lincoln George W. Bush,0
Elizabeth Warren,391,Abraham Lincoln Hillary Clinton,0
Elizabeth Warren,391,Abraham Lincoln Joe Biden,0
Elizabeth Warren,391,Abraham Lincoln Richard Nixon,0
Elizabeth Warren,391,Abraham Lincoln Ronald Reagan,0
Elizabeth Warren,391,Barack Obama Bernie Sanders,1
Elizabeth Warren,391,Barack Obama Donald Trump,0
Elizabeth Warren,391,Barack Obama George W. Bush,0
Elizabeth Warren,391,Barack Obama Hillary Clinton,0
Elizabeth Warren,391,Barack Obama Joe Biden,0
Elizabeth Warren,391,Barack Obama Richard Nixon,0
Elizabeth Warren,391,Barack Obama Ronald Reagan,0
Elizabeth Warren,391,Bernie Sanders Donald Trump,0
Elizabeth Warren,391,Bernie Sanders George W. Bush,0
Elizabeth Warren,391,Bernie Sanders Hillary Clinton,0
Elizabeth Warren,391,Bernie Sanders Joe Biden,0
Elizabeth Warren,391,Bernie Sanders Richard Nixon,0
Elizabeth Warren,391,Donald Trump George W. Bush,0
Elizabeth Warren,391,Donald Trump Hillary Clinton,0
Elizabeth Warren,391,Donald Trump Richard Nixon,0
Elizabeth Warren,391,Donald Trump Ronald Reagan,0
Elizabeth Warren,391,George W. Bush Joe Biden,0
Elizabeth Warren,391,George W. Bush Richard Nixon,1
Elizabeth Warren,391,George W. Bush Ronald Reagan,0
Elizabeth Warren,391,Hillary Clinton Joe Biden,0
Elizabeth Warren,391,Hillary Clinton Richard Nixon,0
Elizabeth Warren,391,Hillary Clinton Ronald Reagan,0
Elizabeth Warren,391,Joe Biden Richard Nixon,0
Elizabeth Warren,391,Joe Biden Ronald Reagan,0
Elizabeth Warren,391,Richard Nixon Ronald Reagan,0
Abraham Lincoln,392,Barack Obama Bernie Sanders,0
Abraham Lincoln,392,Barack Obama Donald Trump,0
Abraham Lincoln,392,Barack Obama Elizabeth Warren,0
Abraham Lincoln,392,Barack Obama George W. Bush,0
Abraham Lincoln,392,Barack Obama Hillary Clinton,0
Abraham Lincoln,392,Barack Obama Richard Nixon,0
Abraham Lincoln,392,Barack Obama Ronald Reagan,0
Abraham Lincoln,392,Bernie Sanders Donald Trump,0
Abraham Lincoln,392,Bernie Sanders Elizabeth Warren,0
Abraham Lincoln,392,Bernie Sanders George W. Bush,0
Abraham Lincoln,392,Bernie Sanders Hillary Clinton,0
Abraham Lincoln,392,Bernie Sanders Joe Biden,0
Abraham Lincoln,392,Bernie Sanders Richard Nixon,0
Abraham Lincoln,392,Bernie Sanders Ronald Reagan,0
Abraham Lincoln,392,Donald Trump Elizabeth Warren,0
Abraham Lincoln,392,Donald Trump George W. Bush,0
Abraham Lincoln,392,Donald Trump Hillary Clinton,0
Abraham Lincoln,392,Donald Trump Joe Biden,0
Abraham Lincoln,392,Donald Trump Richard Nixon,0
Abraham Lincoln,392,Donald Trump Ronald Reagan,0
Abraham Lincoln,392,Elizabeth Warren George W. Bush,0
Abraham Lincoln,392,Elizabeth Warren Hillary Clinton,0
Abraham Lincoln,392,Elizabeth Warren Joe Biden,0
Abraham Lincoln,392,Elizabeth Warren Richard Nixon,0
Abraham Lincoln,392,Elizabeth Warren Ronald Reagan,0
Abraham Lincoln,392,George W. Bush Hillary Clinton,0
Abraham Lincoln,392,George W. Bush Joe Biden,0
Abraham Lincoln,392,George W. Bush Richard Nixon,1
Abraham Lincoln,392,George W. Bush Ronald Reagan,0
Abraham Lincoln,392,Hillary Clinton Joe Biden,0
Abraham Lincoln,392,Hillary Clinton Richard Nixon,0
Abraham Lincoln,392,Hillary Clinton Ronald Reagan,0
Abraham Lincoln,392,Joe Biden Richard Nixon,0
Abraham Lincoln,392,Joe Biden Ronald Reagan,0
Abraham Lincoln,392,Richard Nixon Ronald Reagan,0
Ronald Reagan,393,Abraham Lincoln Barack Obama,0
Ronald Reagan,393,Abraham Lincoln Bernie Sanders,0
Ronald Reagan,393,Abraham Lincoln Donald Trump,0
Ronald Reagan,393,Abraham Lincoln Elizabeth Warren,0
Ronald Reagan,393,Abraham Lincoln George W. Bush,0
Ronald Reagan,393,Abraham Lincoln Hillary Clinton,0
Ronald Reagan,393,Abraham Lincoln Joe Biden,0
Ronald Reagan,393,Abraham Lincoln Richard Nixon,0
Ronald Reagan,393,Barack Obama Bernie Sanders,0
Ronald Reagan,393,Barack Obama Donald Trump,0
Ronald Reagan,393,Barack Obama Elizabeth Warren,0
Ronald Reagan,393,Barack Obama George W. Bush,0
Ronald Reagan,393,Barack Obama Hillary Clinton,0
Ronald Reagan,393,Barack Obama Joe Biden,0
Ronald Reagan,393,Barack Obama Richard Nixon,0
Ronald Reagan,393,Bernie Sanders Donald Trump,0
Ronald Reagan,393,Bernie Sanders Elizabeth Warren,0
Ronald Reagan,393,Bernie Sanders George W. Bush,0
Ronald Reagan,393,Bernie Sanders Hillary Clinton,0
Ronald Reagan,393,Bernie Sanders Joe Biden,0
Ronald Reagan,393,Bernie Sanders Richard Nixon,0
Ronald Reagan,393,Donald Trump Elizabeth Warren,0
Ronald Reagan,393,Donald Trump Joe Biden,0
Ronald Reagan,393,Donald Trump Richard Nixon,0
Ronald Reagan,393,Elizabeth Warren George W. Bush,0
Ronald Reagan,393,Elizabeth Warren Hillary Clinton,0
Ronald Reagan,393,Elizabeth Warren Joe Biden,0
Ronald Reagan,393,Elizabeth Warren Richard Nixon,0
Ronald Reagan,393,George W. Bush Hillary Clinton,0
Ronald Reagan,393,George W. Bush Joe Biden,1
Ronald Reagan,393,George W. Bush Richard Nixon,0
Ronald Reagan,393,Hillary Clinton Richard Nixon,0
Ronald Reagan,393,Joe Biden Richard Nixon,0
Ronald Reagan,394,Abraham Lincoln Barack Obama,0
Ronald Reagan,394,Abraham Lincoln Bernie Sanders,0
Ronald Reagan,394,Abraham Lincoln Donald Trump,0
Ronald Reagan,394,Abraham Lincoln Elizabeth Warren,0
Ronald Reagan,394,Abraham Lincoln George W. Bush,0
Ronald Reagan,394,Abraham Lincoln Joe Biden,0
Ronald Reagan,394,Abraham Lincoln Richard Nixon,0
Ronald Reagan,394,Barack Obama Bernie Sanders,0
Ronald Reagan,394,Barack Obama Donald Trump,0
Ronald Reagan,394,Barack Obama George W. Bush,0
Ronald Reagan,394,Barack Obama Hillary Clinton,0
Ronald Reagan,394,Barack Obama Joe Biden,0
Ronald Reagan,394,Bernie Sanders Donald Trump,0
Ronald Reagan,394,Bernie Sanders Elizabeth Warren,0
Ronald Reagan,394,Bernie Sanders George W. Bush,0
Ronald Reagan,394,Bernie Sanders Hillary Clinton,0
Ronald Reagan,394,Bernie Sanders Joe Biden,0
Ronald Reagan,394,Bernie Sanders Richard Nixon,0
Ronald Reagan,394,Donald Trump Elizabeth Warren,0
Ronald Reagan,394,Donald Trump George W. Bush,0
Ronald Reagan,394,Donald Trump Hillary Clinton,0
Ronald Reagan,394,Donald Trump Joe Biden,0
Ronald Reagan,394,Donald Trump Richard Nixon,0
Ronald Reagan,394,Elizabeth Warren George W. Bush,0
Ronald Reagan,394,Elizabeth Warren Hillary Clinton,0
Ronald Reagan,394,Elizabeth Warren Joe Biden,0
Ronald Reagan,394,Elizabeth Warren Richard Nixon,0
Ronald Reagan,394,George W. Bush Joe Biden,0
Ronald Reagan,394,George W. Bush Richard Nixon,0
Ronald Reagan,394,Hillary Clinton Joe Biden,0
Ronald Reagan,394,Hillary Clinton Richard Nixon,0
Ronald Reagan,394,Joe Biden Richard Nixon,0
Abraham Lincoln,395,Barack Obama Bernie Sanders,0
Abraham Lincoln,395,Barack Obama Donald Trump,0
Abraham Lincoln,395,Barack Obama Elizabeth Warren,0
Abraham Lincoln,395,Barack Obama Hillary Clinton,0
Abraham Lincoln,395,Barack Obama Joe Biden,0
Abraham Lincoln,395,Barack Obama Richard Nixon,0
Abraham Lincoln,395,Barack Obama Ronald Reagan,0
Abraham Lincoln,395,Bernie Sanders Donald Trump,0
Abraham Lincoln,395,Bernie Sanders Elizabeth Warren,0
Abraham Lincoln,395,Bernie Sanders George W. Bush,0
Abraham Lincoln,395,Bernie Sanders Joe Biden,0
Abraham Lincoln,395,Bernie Sanders Richard Nixon,0
Abraham Lincoln,395,Bernie Sanders Ronald Reagan,0
Abraham Lincoln,395,Donald Trump Elizabeth Warren,0
Abraham Lincoln,395,Donald Trump George W. Bush,0
Abraham Lincoln,395,Donald Trump Hillary Clinton,0
Abraham Lincoln,395,Donald Trump Joe Biden,1
Abraham Lincoln,395,Donald Trump Richard Nixon,0
Abraham Lincoln,395,Elizabeth Warren George W. Bush,0
Abraham Lincoln,395,Elizabeth Warren Hillary Clinton,0
Abraham Lincoln,395,Elizabeth Warren Joe Biden,0
Abraham Lincoln,395,Elizabeth Warren Ronald Reagan,0
Abraham Lincoln,395,George W. Bush Hillary Clinton,0
Abraham Lincoln,395,George W. Bush Joe Biden,0
Abraham Lincoln,395,George W. Bush Richard Nixon,0
Abraham Lincoln,395,Hillary Clinton Joe Biden,0
Abraham Lincoln,395,Hillary Clinton Richard Nixon,0
Abraham Lincoln,395,Hillary Clinton Ronald Reagan,1
Abraham Lincoln,395,Joe Biden Ronald Reagan,0
Abraham Lincoln,395,Richard Nixon Ronald Reagan,0
Barack Obama,396,Abraham Lincoln Bernie Sanders,0
Barack Obama,396,Abraham Lincoln Donald Trump,0
Barack Obama,396,Abraham Lincoln Elizabeth Warren,0
Barack Obama,396,Abraham Lincoln George W. Bush,0
Barack Obama,396,Abraham Lincoln Hillary Clinton,0
Barack Obama,396,Abraham Lincoln Joe Biden,0
Barack Obama,396,Abraham Lincoln Richard Nixon,0
Barack Obama,396,Abraham Lincoln Ronald Reagan,0
Barack Obama,396,Bernie Sanders Donald Trump,0
Barack Obama,396,Bernie Sanders Elizabeth Warren,0
Barack Obama,396,Bernie Sanders George W. Bush,0
Barack Obama,396,Bernie Sanders Hillary Clinton,0
Barack Obama,396,Bernie Sanders Joe Biden,0
Barack Obama,396,Bernie Sanders Richard Nixon,0
Barack Obama,396,Bernie Sanders Ronald Reagan,0
Barack Obama,396,Donald Trump Elizabeth Warren,0
Barack Obama,396,Donald Trump George W. Bush,0
Barack Obama,396,Donald Trump Hillary Clinton,0
Barack Obama,396,Donald Trump Joe Biden,0
Barack Obama,396,Donald Trump Richard Nixon,0
Barack Obama,396,Donald Trump Ronald Reagan,0
Barack Obama,396,Elizabeth Warren George W. Bush,0
Barack Obama,396,Elizabeth Warren Hillary Clinton,0
Barack Obama,396,Elizabeth Warren Joe Biden,0
Barack Obama,396,Elizabeth Warren Richard Nixon,0
Barack Obama,396,Elizabeth Warren Ronald Reagan,0
Barack Obama,396,George W. Bush Hillary Clinton,0
Barack Obama,396,George W. Bush Joe Biden,0
Barack Obama,396,George W. Bush Richard Nixon,0
Barack Obama,396,George W. Bush Ronald Reagan,0
Barack Obama,396,Hillary Clinton Joe Biden,0
Barack Obama,396,Hillary Clinton Richard Nixon,0
Barack Obama,396,Hillary Clinton Ronald Reagan,0
Barack Obama,396,Joe Biden Richard Nixon,0
Barack Obama,396,Joe Biden Ronald Reagan,0
Barack Obama,396,Richard Nixon Ronald Reagan,0
George W. Bush,397,Abraham Lincoln Barack Obama,0
George W. Bush,397,Abraham Lincoln Bernie Sanders,0
George W. Bush,397,Abraham Lincoln Donald Trump,0
George W. Bush,397,Abraham Lincoln Elizabeth Warren,0
George W. Bush,397,Abraham Lincoln Hillary Clinton,0
George W. Bush,397,Abraham Lincoln Joe Biden,0
George W. Bush,397,Abraham Lincoln Richard Nixon,0
George W. Bush,397,Abraham Lincoln Ronald Reagan,0
George W. Bush,397,Barack Obama Bernie Sanders,0
George W. Bush,397,Barack Obama Elizabeth Warren,0
George W. Bush,397,Barack Obama Hillary Clinton,0
George W. Bush,397,Barack Obama Joe Biden,0
George W. Bush,397,Barack Obama Richard Nixon,0
George W. Bush,397,Barack Obama Ronald Reagan,0
George W. Bush,397,Bernie Sanders Donald Trump,0
George W. Bush,397,Bernie Sanders Elizabeth Warren,0
George W. Bush,397,Bernie Sanders Hillary Clinton,1
George W. Bush,397,Bernie Sanders Joe Biden,0
George W. Bush,397,Bernie Sanders Richard Nixon,0
George W. Bush,397,Bernie Sanders Ronald Reagan,0
George W. Bush,397,Donald Trump Elizabeth Warren,0
George W. Bush,397,Donald Trump Joe Biden,0
George W. Bush,397,Donald Trump Richard Nixon,0
George W. Bush,397,Donald Trump Ronald Reagan,0
George W. Bush,397,Elizabeth Warren Hillary Clinton,0
George W. Bush,397,Elizabeth Warren Joe Biden,0
George W. Bush,397,Elizabeth Warren Richard Nixon,0
George W. Bush,397,Elizabeth Warren Ronald Reagan,0
George W. Bush,397,Hillary Clinton Joe Biden,0
George W. Bush,397,Hillary Clinton Richard Nixon,0
George W. Bush,397,Hillary Clinton Ronald Reagan,1
George W. Bush,397,Joe Biden Richard Nixon,0
George W. Bush,397,Joe Biden Ronald Reagan,0
George W. Bush,397,Richard Nixon Ronald Reagan,0
Richard Nixon,398,Abraham Lincoln Barack Obama,0
Richard Nixon,398,Abraham Lincoln Bernie Sanders,0
Richard Nixon,398,Abraham Lincoln Donald Trump,0
Richard Nixon,398,Abraham Lincoln Elizabeth Warren,0
Richard Nixon,398,Abraham Lincoln George W. Bush,0
Richard Nixon,398,Abraham Lincoln Hillary Clinton,0
Richard Nixon,398,Abraham Lincoln Ronald Reagan,0
Richard Nixon,398,Barack Obama Bernie Sanders,1
Richard Nixon,398,Barack Obama Donald Trump,1
Richard Nixon,398,Barack Obama Elizabeth Warren,0
Richard Nixon,398,Barack Obama George W. Bush,1
Richard Nixon,398,Barack Obama Hillary Clinton,0
Richard Nixon,398,Barack Obama Joe Biden,0
Richard Nixon,398,Barack Obama Ronald Reagan,0
Richard Nixon,398,Bernie Sanders Donald Trump,1
Richard Nixon,398,Bernie Sanders Elizabeth Warren,0
Richard Nixon,398,Bernie Sanders George W. Bush,0
Richard Nixon,398,Bernie Sanders Hillary Clinton,0
Richard Nixon,398,Bernie Sanders Joe Biden,0
Richard Nixon,398,Bernie Sanders Ronald Reagan,0
Richard Nixon,398,Donald Trump Elizabeth Warren,0
Richard Nixon,398,Donald Trump George W. Bush,0
Richard Nixon,398,Donald Trump Hillary Clinton,0
Richard Nixon,398,Donald Trump Joe Biden,0
Richard Nixon,398,Donald Trump Ronald Reagan,0
Richard Nixon,398,Elizabeth Warren George W. Bush,0
Richard Nixon,398,Elizabeth Warren Hillary Clinton,0
Richard Nixon,398,Elizabeth Warren Joe Biden,0
Richard Nixon,398,Elizabeth Warren Ronald Reagan,0
Richard Nixon,398,George W. Bush Hillary Clinton,0
Richard Nixon,398,George W. Bush Joe Biden,0
Richard Nixon,398,George W. Bush Ronald Reagan,0
Richard Nixon,398,Hillary Clinton Joe Biden,0
Richard Nixon,398,Hillary Clinton Ronald Reagan,0
Richard Nixon,398,Joe Biden Ronald Reagan,1
Joe Biden,399,Abraham Lincoln Barack Obama,0
Joe Biden,399,Abraham Lincoln Bernie Sanders,0
Joe Biden,399,Abraham Lincoln Donald Trump,0
Joe Biden,399,Abraham Lincoln Elizabeth Warren,0
Joe Biden,399,Abraham Lincoln George W. Bush,0
Joe Biden,399,Abraham Lincoln Hillary Clinton,0
Joe Biden,399,Abraham Lincoln Richard Nixon,0
Joe Biden,399,Abraham Lincoln Ronald Reagan,0
Joe Biden,399,Barack Obama Bernie Sanders,0
Joe Biden,399,Barack Obama Donald Trump,0
Joe Biden,399,Barack Obama Elizabeth Warren,0
Joe Biden,399,Barack Obama George W. Bush,0
Joe Biden,399,Barack Obama Hillary Clinton,1
Joe Biden,399,Barack Obama Richard Nixon,0
Joe Biden,399,Barack Obama Ronald Reagan,0
Joe Biden,399,Bernie Sanders Donald Trump,0
Joe Biden,399,Bernie Sanders Elizabeth Warren,0
Joe Biden,399,Bernie Sanders George W. Bush,0
Joe Biden,399,Bernie Sanders Hillary Clinton,0
Joe Biden,399,Bernie Sanders Richard Nixon,0
Joe Biden,399,Bernie Sanders Ronald Reagan,0
Joe Biden,399,Donald Trump Elizabeth Warren,0
Joe Biden,399,Donald Trump George W. Bush,0
Joe Biden,399,Donald Trump Hillary Clinton,0
Joe Biden,399,Donald Trump Richard Nixon,0
Joe Biden,399,Donald Trump Ronald Reagan,0
Joe Biden,399,Elizabeth Warren George W. Bush,0
Joe Biden,399,Elizabeth Warren Hillary Clinton,0
Joe Biden,399,Elizabeth Warren Richard Nixon,0
Joe Biden,399,Elizabeth Warren Ronald Reagan,0
Joe Biden,399,George W. Bush Hillary Clinton,1
Joe Biden,399,George W. Bush Richard Nixon,0
Joe Biden,399,George W. Bush Ronald Reagan,1
Joe Biden,399,Hillary Clinton Richard Nixon,0
Joe Biden,399,Hillary Clinton Ronald Reagan,1
Joe Biden,399,Richard Nixon Ronald Reagan,0
Elizabeth Warren,400,Abraham Lincoln Barack Obama,0
Elizabeth Warren,400,Abraham Lincoln Bernie Sanders,0
Elizabeth Warren,400,Abraham Lincoln Donald Trump,0
Elizabeth Warren,400,Abraham Lincoln George W. Bush,0
Elizabeth Warren,400,Abraham Lincoln Hillary Clinton,0
Elizabeth Warren,400,Abraham Lincoln Joe Biden,0
Elizabeth Warren,400,Abraham Lincoln Richard Nixon,0
Elizabeth Warren,400,Abraham Lincoln Ronald Reagan,0
Elizabeth Warren,400,Barack Obama Bernie Sanders,0
Elizabeth Warren,400,Barack Obama Donald Trump,0
Elizabeth Warren,400,Barack Obama George W. Bush,0
Elizabeth Warren,400,Barack Obama Joe Biden,0
Elizabeth Warren,400,Barack Obama Richard Nixon,0
Elizabeth Warren,400,Barack Obama Ronald Reagan,0
Elizabeth Warren,400,Bernie Sanders Donald Trump,0
Elizabeth Warren,400,Bernie Sanders George W. Bush,0
Elizabeth Warren,400,Bernie Sanders Hillary Clinton,0
Elizabeth Warren,400,Bernie Sanders Joe Biden,0
Elizabeth Warren,400,Bernie Sanders Richard Nixon,0
Elizabeth Warren,400,Bernie Sanders Ronald Reagan,0
Elizabeth Warren,400,Donald Trump George W. Bush,0
Elizabeth Warren,400,Donald Trump Hillary Clinton,0
Elizabeth Warren,400,Donald Trump Richard Nixon,0
Elizabeth Warren,400,Donald Trump Ronald Reagan,0
Elizabeth Warren,400,George W. Bush Hillary Clinton,0
Elizabeth Warren,400,George W. Bush Joe Biden,0
Elizabeth Warren,400,George W. Bush Richard Nixon,1
Elizabeth Warren,400,George W. Bush Ronald Reagan,0
Elizabeth Warren,400,Hillary Clinton Joe Biden,0
Elizabeth Warren,400,Joe Biden Richard Nixon,0
Elizabeth Warren,400,Joe Biden Ronald Reagan,0
Elizabeth Warren,400,Richard Nixon Ronald Reagan,0
Abraham Lincoln,401,Barack Obama Bernie Sanders,0
Abraham Lincoln,401,Barack Obama Donald Trump,0
Abraham Lincoln,401,Barack Obama Elizabeth Warren,0
Abraham Lincoln,401,Barack Obama George W. Bush,0
Abraham Lincoln,401,Barack Obama Hillary Clinton,0
Abraham Lincoln,401,Barack Obama Joe Biden,0
Abraham Lincoln,401,Barack Obama Richard Nixon,0
Abraham Lincoln,401,Barack Obama Ronald Reagan,0
Abraham Lincoln,401,Bernie Sanders Donald Trump,0
Abraham Lincoln,401,Bernie Sanders Elizabeth Warren,0
Abraham Lincoln,401,Bernie Sanders George W. Bush,0
Abraham Lincoln,401,Bernie Sanders Hillary Clinton,0
Abraham Lincoln,401,Bernie Sanders Joe Biden,1
Abraham Lincoln,401,Bernie Sanders Richard Nixon,0
Abraham Lincoln,401,Bernie Sanders Ronald Reagan,0
Abraham Lincoln,401,Donald Trump Elizabeth Warren,0
Abraham Lincoln,401,Donald Trump George W. Bush,0
Abraham Lincoln,401,Donald Trump Hillary Clinton,0
Abraham Lincoln,401,Donald Trump Joe Biden,0
Abraham Lincoln,401,Donald Trump Ronald Reagan,0
Abraham Lincoln,401,Elizabeth Warren George W. Bush,1
Abraham Lincoln,401,Elizabeth Warren Hillary Clinton,0
Abraham Lincoln,401,Elizabeth Warren Richard Nixon,0
Abraham Lincoln,401,Elizabeth Warren Ronald Reagan,0
Abraham Lincoln,401,George W. Bush Hillary Clinton,0
Abraham Lincoln,401,George W. Bush Joe Biden,0
Abraham Lincoln,401,George W. Bush Richard Nixon,0
Abraham Lincoln,401,George W. Bush Ronald Reagan,0
Abraham Lincoln,401,Hillary Clinton Joe Biden,0
Abraham Lincoln,401,Hillary Clinton Richard Nixon,0
Abraham Lincoln,401,Hillary Clinton Ronald Reagan,0
Abraham Lincoln,401,Joe Biden Richard Nixon,0
Abraham Lincoln,401,Richard Nixon Ronald Reagan,0
Hillary Clinton,402,Abraham Lincoln Barack Obama,0
Hillary Clinton,402,Abraham Lincoln Bernie Sanders,0
Hillary Clinton,402,Abraham Lincoln Elizabeth Warren,0
Hillary Clinton,402,Abraham Lincoln George W. Bush,0
Hillary Clinton,402,Abraham Lincoln Joe Biden,0
Hillary Clinton,402,Abraham Lincoln Richard Nixon,0
Hillary Clinton,402,Abraham Lincoln Ronald Reagan,0
Hillary Clinton,402,Barack Obama Bernie Sanders,0
Hillary Clinton,402,Barack Obama Donald Trump,0
Hillary Clinton,402,Barack Obama George W. Bush,0
Hillary Clinton,402,Barack Obama Joe Biden,1
Hillary Clinton,402,Barack Obama Richard Nixon,1
Hillary Clinton,402,Barack Obama Ronald Reagan,0
Hillary Clinton,402,Bernie Sanders Donald Trump,0
Hillary Clinton,402,Bernie Sanders Elizabeth Warren,0
Hillary Clinton,402,Bernie Sanders George W. Bush,0
Hillary Clinton,402,Bernie Sanders Joe Biden,0
Hillary Clinton,402,Bernie Sanders Richard Nixon,1
Hillary Clinton,402,Bernie Sanders Ronald Reagan,0
Hillary Clinton,402,Donald Trump Elizabeth Warren,1
Hillary Clinton,402,Donald Trump Joe Biden,0
Hillary Clinton,402,Donald Trump Ronald Reagan,0
Hillary Clinton,402,Elizabeth Warren George W. Bush,0
Hillary Clinton,402,Elizabeth Warren Joe Biden,0
Hillary Clinton,402,Elizabeth Warren Richard Nixon,0
Hillary Clinton,402,Elizabeth Warren Ronald Reagan,0
Hillary Clinton,402,George W. Bush Joe Biden,1
Hillary Clinton,402,George W. Bush Richard Nixon,1
Hillary Clinton,402,George W. Bush Ronald Reagan,1
Hillary Clinton,402,Joe Biden Richard Nixon,0
Hillary Clinton,402,Joe Biden Ronald Reagan,0
Hillary Clinton,402,Richard Nixon Ronald Reagan,0
Elizabeth Warren,403,Abraham Lincoln Barack Obama,0
Elizabeth Warren,403,Abraham Lincoln Bernie Sanders,0
Elizabeth Warren,403,Abraham Lincoln Donald Trump,0
Elizabeth Warren,403,Abraham Lincoln Joe Biden,0
Elizabeth Warren,403,Abraham Lincoln Richard Nixon,0
Elizabeth Warren,403,Abraham Lincoln Ronald Reagan,0
Elizabeth Warren,403,Barack Obama Bernie Sanders,0
Elizabeth Warren,403,Barack Obama Donald Trump,0
Elizabeth Warren,403,Barack Obama George W. Bush,0
Elizabeth Warren,403,Barack Obama Hillary Clinton,0
Elizabeth Warren,403,Barack Obama Joe Biden,0
Elizabeth Warren,403,Barack Obama Richard Nixon,0
Elizabeth Warren,403,Barack Obama Ronald Reagan,0
Elizabeth Warren,403,Bernie Sanders Donald Trump,0
Elizabeth Warren,403,Bernie Sanders George W. Bush,0
Elizabeth Warren,403,Bernie Sanders Hillary Clinton,0
Elizabeth Warren,403,Bernie Sanders Joe Biden,0
Elizabeth Warren,403,Bernie Sanders Richard Nixon,1
Elizabeth Warren,403,Bernie Sanders Ronald Reagan,0
Elizabeth Warren,403,Donald Trump George W. Bush,0
Elizabeth Warren,403,Donald Trump Hillary Clinton,0
Elizabeth Warren,403,Donald Trump Richard Nixon,0
Elizabeth Warren,403,Donald Trump Ronald Reagan,0
Elizabeth Warren,403,George W. Bush Hillary Clinton,0
Elizabeth Warren,403,George W. Bush Joe Biden,0
Elizabeth Warren,403,George W. Bush Richard Nixon,0
Elizabeth Warren,403,George W. Bush Ronald Reagan,1
Elizabeth Warren,403,Hillary Clinton Joe Biden,0
Elizabeth Warren,403,Hillary Clinton Richard Nixon,0
Elizabeth Warren,403,Hillary Clinton Ronald Reagan,0
Elizabeth Warren,403,Joe Biden Richard Nixon,0
Elizabeth Warren,403,Joe Biden Ronald Reagan,0
Elizabeth Warren,403,Richard Nixon Ronald Reagan,0
George W. Bush,404,Abraham Lincoln Barack Obama,0
George W. Bush,404,Abraham Lincoln Bernie Sanders,0
George W. Bush,404,Abraham Lincoln Donald Trump,0
George W. Bush,404,Abraham Lincoln Elizabeth Warren,0
George W. Bush,404,Abraham Lincoln Hillary Clinton,0
George W. Bush,404,Abraham Lincoln Joe Biden,1
George W. Bush,404,Abraham Lincoln Richard Nixon,0
George W. Bush,404,Abraham Lincoln Ronald Reagan,0
George W. Bush,404,Barack Obama Bernie Sanders,0
George W. Bush,404,Barack Obama Donald Trump,0
George W. Bush,404,Barack Obama Elizabeth Warren,0
George W. Bush,404,Barack Obama Hillary Clinton,0
George W. Bush,404,Barack Obama Joe Biden,0
George W. Bush,404,Barack Obama Richard Nixon,0
George W. Bush,404,Barack Obama Ronald Reagan,0
George W. Bush,404,Bernie Sanders Donald Trump,0
George W. Bush,404,Bernie Sanders Elizabeth Warren,0
George W. Bush,404,Bernie Sanders Hillary Clinton,0
George W. Bush,404,Bernie Sanders Joe Biden,0
George W. Bush,404,Bernie Sanders Richard Nixon,0
George W. Bush,404,Bernie Sanders Ronald Reagan,0
George W. Bush,404,Donald Trump Elizabeth Warren,0
George W. Bush,404,Donald Trump Joe Biden,0
George W. Bush,404,Donald Trump Richard Nixon,0
George W. Bush,404,Donald Trump Ronald Reagan,0
George W. Bush,404,Elizabeth Warren Hillary Clinton,0
George W. Bush,404,Elizabeth Warren Joe Biden,0
George W. Bush,404,Elizabeth Warren Richard Nixon,0
George W. Bush,404,Elizabeth Warren Ronald Reagan,0
George W. Bush,404,Hillary Clinton Joe Biden,0
George W. Bush,404,Hillary Clinton Richard Nixon,0
George W. Bush,404,Hillary Clinton Ronald Reagan,0
George W. Bush,404,Joe Biden Richard Nixon,0
George W. Bush,404,Joe Biden Ronald Reagan,0
George W. Bush,404,Richard Nixon Ronald Reagan,0
Hillary Clinton,405,Abraham Lincoln Barack Obama,0
Hillary Clinton,405,Abraham Lincoln Bernie Sanders,0
Hillary Clinton,405,Abraham Lincoln Donald Trump,0
Hillary Clinton,405,Abraham Lincoln Elizabeth Warren,0
Hillary Clinton,405,Abraham Lincoln George W. Bush,0
Hillary Clinton,405,Abraham Lincoln Joe Biden,0
Hillary Clinton,405,Abraham Lincoln Richard Nixon,0
Hillary Clinton,405,Abraham Lincoln Ronald Reagan,0
Hillary Clinton,405,Barack Obama Bernie Sanders,0
Hillary Clinton,405,Barack Obama Donald Trump,0
Hillary Clinton,405,Barack Obama Elizabeth Warren,0
Hillary Clinton,405,Barack Obama George W. Bush,0
Hillary Clinton,405,Barack Obama Joe Biden,1
Hillary Clinton,405,Barack Obama Richard Nixon,0
Hillary Clinton,405,Barack Obama Ronald Reagan,0
Hillary Clinton,405,Bernie Sanders Donald Trump,0
Hillary Clinton,405,Bernie Sanders Elizabeth Warren,0
Hillary Clinton,405,Bernie Sanders George W. Bush,0
Hillary Clinton,405,Bernie Sanders Joe Biden,0
Hillary Clinton,405,Bernie Sanders Richard Nixon,0
Hillary Clinton,405,Bernie Sanders Ronald Reagan,1
Hillary Clinton,405,Donald Trump Elizabeth Warren,0
Hillary Clinton,405,Donald Trump George W. Bush,0
Hillary Clinton,405,Donald Trump Joe Biden,1
Hillary Clinton,405,Donald Trump Richard Nixon,0
Hillary Clinton,405,Donald Trump Ronald Reagan,1
Hillary Clinton,405,Elizabeth Warren George W. Bush,1
Hillary Clinton,405,Elizabeth Warren Joe Biden,0
Hillary Clinton,405,Elizabeth Warren Ronald Reagan,0
Hillary Clinton,405,George W. Bush Joe Biden,0
Hillary Clinton,405,George W. Bush Richard Nixon,0
Hillary Clinton,405,George W. Bush Ronald Reagan,0
Hillary Clinton,405,Joe Biden Richard Nixon,0
Hillary Clinton,405,Richard Nixon Ronald Reagan,1
Bernie Sanders,406,Abraham Lincoln Barack Obama,0
Bernie Sanders,406,Abraham Lincoln Donald Trump,0
Bernie Sanders,406,Abraham Lincoln Elizabeth Warren,0
Bernie Sanders,406,Abraham Lincoln George W. Bush,0
Bernie Sanders,406,Abraham Lincoln Hillary Clinton,0
Bernie Sanders,406,Abraham Lincoln Joe Biden,0
Bernie Sanders,406,Abraham Lincoln Richard Nixon,0
Bernie Sanders,406,Abraham Lincoln Ronald Reagan,0
Bernie Sanders,406,Barack Obama Elizabeth Warren,0
Bernie Sanders,406,Barack Obama George W. Bush,0
Bernie Sanders,406,Barack Obama Hillary Clinton,0
Bernie Sanders,406,Barack Obama Joe Biden,0
Bernie Sanders,406,Barack Obama Richard Nixon,0
Bernie Sanders,406,Barack Obama Ronald Reagan,0
Bernie Sanders,406,Donald Trump Elizabeth Warren,0
Bernie Sanders,406,Donald Trump George W. Bush,0
Bernie Sanders,406,Donald Trump Hillary Clinton,0
Bernie Sanders,406,Donald Trump Joe Biden,0
Bernie Sanders,406,Donald Trump Richard Nixon,0
Bernie Sanders,406,Donald Trump Ronald Reagan,0
Bernie Sanders,406,Elizabeth Warren George W. Bush,0
Bernie Sanders,406,Elizabeth Warren Hillary Clinton,0
Bernie Sanders,406,Elizabeth Warren Joe Biden,0
Bernie Sanders,406,Elizabeth Warren Richard Nixon,0
Bernie Sanders,406,Elizabeth Warren Ronald Reagan,0
Bernie Sanders,406,George W. Bush Hillary Clinton,0
Bernie Sanders,406,George W. Bush Joe Biden,0
Bernie Sanders,406,George W. Bush Richard Nixon,0
Bernie Sanders,406,George W. Bush Ronald Reagan,0
Bernie Sanders,406,Hillary Clinton Joe Biden,0
Bernie Sanders,406,Hillary Clinton Richard Nixon,1
Bernie Sanders,406,Hillary Clinton Ronald Reagan,0
Bernie Sanders,406,Joe Biden Richard Nixon,0
Bernie Sanders,406,Joe Biden Ronald Reagan,0
Bernie Sanders,406,Richard Nixon Ronald Reagan,0
Ronald Reagan,407,Abraham Lincoln Bernie Sanders,0
Ronald Reagan,407,Abraham Lincoln Donald Trump,0
Ronald Reagan,407,Abraham Lincoln Elizabeth Warren,0
Ronald Reagan,407,Abraham Lincoln George W. Bush,0
Ronald Reagan,407,Abraham Lincoln Hillary Clinton,0
Ronald Reagan,407,Abraham Lincoln Joe Biden,0
Ronald Reagan,407,Abraham Lincoln Richard Nixon,0
Ronald Reagan,407,Barack Obama Bernie Sanders,0
Ronald Reagan,407,Barack Obama Elizabeth Warren,1
Ronald Reagan,407,Barack Obama George W. Bush,0
Ronald Reagan,407,Barack Obama Joe Biden,0
Ronald Reagan,407,Barack Obama Richard Nixon,0
Ronald Reagan,407,Bernie Sanders Donald Trump,0
Ronald Reagan,407,Bernie Sanders Elizabeth Warren,0
Ronald Reagan,407,Bernie Sanders George W. Bush,0
Ronald Reagan,407,Bernie Sanders Hillary Clinton,0
Ronald Reagan,407,Bernie Sanders Joe Biden,0
Ronald Reagan,407,Bernie Sanders Richard Nixon,0
Ronald Reagan,407,Donald Trump Elizabeth Warren,0
Ronald Reagan,407,Donald Trump George W. Bush,0
Ronald Reagan,407,Donald Trump Hillary Clinton,1
Ronald Reagan,407,Donald Trump Joe Biden,0
Ronald Reagan,407,Donald Trump Richard Nixon,0
Ronald Reagan,407,Elizabeth Warren George W. Bush,0
Ronald Reagan,407,Elizabeth Warren Hillary Clinton,0
Ronald Reagan,407,Elizabeth Warren Joe Biden,0
Ronald Reagan,407,Elizabeth Warren Richard Nixon,0
Ronald Reagan,407,George W. Bush Hillary Clinton,0
Ronald Reagan,407,George W. Bush Joe Biden,0
Ronald Reagan,407,Hillary Clinton Joe Biden,0
Ronald Reagan,407,Hillary Clinton Richard Nixon,0
Bernie Sanders,408,Abraham Lincoln Barack Obama,0
Bernie Sanders,408,Abraham Lincoln Donald Trump,0
Bernie Sanders,408,Abraham Lincoln Elizabeth Warren,0
Bernie Sanders,408,Abraham Lincoln George W. Bush,0
Bernie Sanders,408,Abraham Lincoln Hillary Clinton,0
Bernie Sanders,408,Abraham Lincoln Joe Biden,0
Bernie Sanders,408,Abraham Lincoln Richard Nixon,0
Bernie Sanders,408,Abraham Lincoln Ronald Reagan,0
Bernie Sanders,408,Barack Obama Donald Trump,0
Bernie Sanders,408,Barack Obama Elizabeth Warren,0
Bernie Sanders,408,Barack Obama George W. Bush,0
Bernie Sanders,408,Barack Obama Hillary Clinton,0
Bernie Sanders,408,Barack Obama Joe Biden,0
Bernie Sanders,408,Barack Obama Richard Nixon,0
Bernie Sanders,408,Barack Obama Ronald Reagan,0
Bernie Sanders,408,Donald Trump Elizabeth Warren,0
Bernie Sanders,408,Donald Trump George W. Bush,0
Bernie Sanders,408,Donald Trump Hillary Clinton,0
Bernie Sanders,408,Donald Trump Joe Biden,0
Bernie Sanders,408,Donald Trump Richard Nixon,0
Bernie Sanders,408,Donald Trump Ronald Reagan,0
Bernie Sanders,408,Elizabeth Warren George W. Bush,0
Bernie Sanders,408,Elizabeth Warren Hillary Clinton,0
Bernie Sanders,408,Elizabeth Warren Joe Biden,0
Bernie Sanders,408,Elizabeth Warren Richard Nixon,0
Bernie Sanders,408,Elizabeth Warren Ronald Reagan,0
Bernie Sanders,408,George W. Bush Hillary Clinton,0
Bernie Sanders,408,George W. Bush Joe Biden,0
Bernie Sanders,408,George W. Bush Richard Nixon,0
Bernie Sanders,408,George W. Bush Ronald Reagan,0
Bernie Sanders,408,Hillary Clinton Joe Biden,0
Bernie Sanders,408,Hillary Clinton Richard Nixon,0
Bernie Sanders,408,Hillary Clinton Ronald Reagan,0
Bernie Sanders,408,Joe Biden Richard Nixon,0
Bernie Sanders,408,Joe Biden Ronald Reagan,0
Bernie Sanders,408,Richard Nixon Ronald Reagan,0
Elizabeth Warren,409,Abraham Lincoln Barack Obama,0
Elizabeth Warren,409,Abraham Lincoln Bernie Sanders,0
Elizabeth Warren,409,Abraham Lincoln Donald Trump,0
Elizabeth Warren,409,Abraham Lincoln George W. Bush,0
Elizabeth Warren,409,Abraham Lincoln Hillary Clinton,0
Elizabeth Warren,409,Abraham Lincoln Joe Biden,0
Elizabeth Warren,409,Abraham Lincoln Richard Nixon,0
Elizabeth Warren,409,Abraham Lincoln Ronald Reagan,0
Elizabeth Warren,409,Barack Obama Bernie Sanders,0
Elizabeth Warren,409,Barack Obama Donald Trump,0
Elizabeth Warren,409,Barack Obama George W. Bush,0
Elizabeth Warren,409,Barack Obama Hillary Clinton,1
Elizabeth Warren,409,Barack Obama Joe Biden,0
Elizabeth Warren,409,Barack Obama Richard Nixon,0
Elizabeth Warren,409,Barack Obama Ronald Reagan,0
Elizabeth Warren,409,Bernie Sanders Donald Trump,0
Elizabeth Warren,409,Bernie Sanders George W. Bush,0
Elizabeth Warren,409,Bernie Sanders Hillary Clinton,0
Elizabeth Warren,409,Bernie Sanders Joe Biden,0
Elizabeth Warren,409,Bernie Sanders Richard Nixon,0
Elizabeth Warren,409,Bernie Sanders Ronald Reagan,0
Elizabeth Warren,409,Donald Trump George W. Bush,0
Elizabeth Warren,409,Donald Trump Hillary Clinton,0
Elizabeth Warren,409,Donald Trump Joe Biden,0
Elizabeth Warren,409,Donald Trump Richard Nixon,0
Elizabeth Warren,409,Donald Trump Ronald Reagan,0
Elizabeth Warren,409,George W. Bush Hillary Clinton,1
Elizabeth Warren,409,George W. Bush Joe Biden,0
Elizabeth Warren,409,George W. Bush Richard Nixon,1
Elizabeth Warren,409,George W. Bush Ronald Reagan,0
Elizabeth Warren,409,Hillary Clinton Joe Biden,0
Elizabeth Warren,409,Hillary Clinton Richard Nixon,0
Elizabeth Warren,409,Hillary Clinton Ronald Reagan,0
Elizabeth Warren,409,Joe Biden Richard Nixon,0
Elizabeth Warren,409,Joe Biden Ronald Reagan,0
Elizabeth Warren,409,Richard Nixon Ronald Reagan,0
George W. Bush,410,Abraham Lincoln Barack Obama,0
George W. Bush,410,Abraham Lincoln Bernie Sanders,0
George W. Bush,410,Abraham Lincoln Donald Trump,0
George W. Bush,410,Abraham Lincoln Elizabeth Warren,0
George W. Bush,410,Abraham Lincoln Hillary Clinton,0
George W. Bush,410,Abraham Lincoln Joe Biden,0
George W. Bush,410,Abraham Lincoln Ronald Reagan,0
George W. Bush,410,Barack Obama Donald Trump,0
George W. Bush,410,Barack Obama Elizabeth Warren,0
George W. Bush,410,Barack Obama Hillary Clinton,0
George W. Bush,410,Barack Obama Joe Biden,0
George W. Bush,410,Bernie Sanders Donald Trump,0
George W. Bush,410,Bernie Sanders Elizabeth Warren,0
George W. Bush,410,Bernie Sanders Hillary Clinton,0
George W. Bush,410,Bernie Sanders Joe Biden,0
George W. Bush,410,Bernie Sanders Richard Nixon,0
George W. Bush,410,Bernie Sanders Ronald Reagan,0
George W. Bush,410,Donald Trump Elizabeth Warren,1
George W. Bush,410,Donald Trump Hillary Clinton,0
George W. Bush,410,Donald Trump Joe Biden,1
George W. Bush,410,Donald Trump Ronald Reagan,0
George W. Bush,410,Elizabeth Warren Hillary Clinton,0
George W. Bush,410,Elizabeth Warren Joe Biden,0
George W. Bush,410,Elizabeth Warren Richard Nixon,0
George W. Bush,410,Elizabeth Warren Ronald Reagan,0
George W. Bush,410,Hillary Clinton Joe Biden,0
George W. Bush,410,Hillary Clinton Richard Nixon,0
George W. Bush,410,Hillary Clinton Ronald Reagan,0
George W. Bush,410,Joe Biden Richard Nixon,1
George W. Bush,410,Joe Biden Ronald Reagan,0
George W. Bush,410,Richard Nixon Ronald Reagan,0
Richard Nixon,411,Abraham Lincoln Barack Obama,0
Richard Nixon,411,Abraham Lincoln Bernie Sanders,0
Richard Nixon,411,Abraham Lincoln Donald Trump,0
Richard Nixon,411,Abraham Lincoln Elizabeth Warren,0
Richard Nixon,411,Abraham Lincoln George W. Bush,1
Richard Nixon,411,Abraham Lincoln Hillary Clinton,0
Richard Nixon,411,Abraham Lincoln Joe Biden,0
Richard Nixon,411,Abraham Lincoln Ronald Reagan,0
Richard Nixon,411,Barack Obama Bernie Sanders,0
Richard Nixon,411,Barack Obama Donald Trump,1
Richard Nixon,411,Barack Obama Elizabeth Warren,0
Richard Nixon,411,Barack Obama George W. Bush,0
Richard Nixon,411,Barack Obama Hillary Clinton,0
Richard Nixon,411,Barack Obama Joe Biden,0
Richard Nixon,411,Barack Obama Ronald Reagan,0
Richard Nixon,411,Bernie Sanders Donald Trump,0
Richard Nixon,411,Bernie Sanders Elizabeth Warren,0
Richard Nixon,411,Bernie Sanders George W. Bush,1
Richard Nixon,411,Bernie Sanders Hillary Clinton,0
Richard Nixon,411,Bernie Sanders Joe Biden,0
Richard Nixon,411,Bernie Sanders Ronald Reagan,0
Richard Nixon,411,Donald Trump Elizabeth Warren,0
Richard Nixon,411,Donald Trump George W. Bush,1
Richard Nixon,411,Donald Trump Hillary Clinton,0
Richard Nixon,411,Donald Trump Ronald Reagan,0
Richard Nixon,411,Elizabeth Warren George W. Bush,0
Richard Nixon,411,Elizabeth Warren Hillary Clinton,0
Richard Nixon,411,Elizabeth Warren Joe Biden,0
Richard Nixon,411,Elizabeth Warren Ronald Reagan,0
Richard Nixon,411,George W. Bush Hillary Clinton,1
Richard Nixon,411,George W. Bush Joe Biden,0
Richard Nixon,411,George W. Bush Ronald Reagan,0
Richard Nixon,411,Hillary Clinton Joe Biden,0
Richard Nixon,411,Hillary Clinton Ronald Reagan,0
Richard Nixon,411,Joe Biden Ronald Reagan,0
Elizabeth Warren,412,Abraham Lincoln Barack Obama,0
Elizabeth Warren,412,Abraham Lincoln Bernie Sanders,0
Elizabeth Warren,412,Abraham Lincoln Donald Trump,0
Elizabeth Warren,412,Abraham Lincoln George W. Bush,0
Elizabeth Warren,412,Abraham Lincoln Hillary Clinton,0
Elizabeth Warren,412,Abraham Lincoln Joe Biden,0
Elizabeth Warren,412,Abraham Lincoln Richard Nixon,0
Elizabeth Warren,412,Abraham Lincoln Ronald Reagan,0
Elizabeth Warren,412,Barack Obama Bernie Sanders,0
Elizabeth Warren,412,Barack Obama George W. Bush,0
Elizabeth Warren,412,Barack Obama Hillary Clinton,0
Elizabeth Warren,412,Barack Obama Joe Biden,0
Elizabeth Warren,412,Barack Obama Richard Nixon,1
Elizabeth Warren,412,Barack Obama Ronald Reagan,0
Elizabeth Warren,412,Bernie Sanders Donald Trump,0
Elizabeth Warren,412,Bernie Sanders George W. Bush,0
Elizabeth Warren,412,Bernie Sanders Hillary Clinton,0
Elizabeth Warren,412,Bernie Sanders Joe Biden,0
Elizabeth Warren,412,Bernie Sanders Richard Nixon,0
Elizabeth Warren,412,Bernie Sanders Ronald Reagan,0
Elizabeth Warren,412,Donald Trump George W. Bush,0
Elizabeth Warren,412,Donald Trump Hillary Clinton,0
Elizabeth Warren,412,Donald Trump Joe Biden,0
Elizabeth Warren,412,Donald Trump Richard Nixon,0
Elizabeth Warren,412,Donald Trump Ronald Reagan,0
Elizabeth Warren,412,George W. Bush Hillary Clinton,0
Elizabeth Warren,412,George W. Bush Joe Biden,0
Elizabeth Warren,412,George W. Bush Richard Nixon,0
Elizabeth Warren,412,George W. Bush Ronald Reagan,0
Elizabeth Warren,412,Hillary Clinton Joe Biden,0
Elizabeth Warren,412,Hillary Clinton Richard Nixon,0
Elizabeth Warren,412,Hillary Clinton Ronald Reagan,0
Elizabeth Warren,412,Joe Biden Richard Nixon,0
Elizabeth Warren,412,Joe Biden Ronald Reagan,0
Elizabeth Warren,412,Richard Nixon Ronald Reagan,0
Abraham Lincoln,413,Barack Obama Bernie Sanders,1
Abraham Lincoln,413,Barack Obama Donald Trump,0
Abraham Lincoln,413,Barack Obama Elizabeth Warren,0
Abraham Lincoln,413,Barack Obama George W. Bush,0
Abraham Lincoln,413,Barack Obama Hillary Clinton,0
Abraham Lincoln,413,Barack Obama Ronald Reagan,0
Abraham Lincoln,413,Bernie Sanders Donald Trump,0
Abraham Lincoln,413,Bernie Sanders Elizabeth Warren,0
Abraham Lincoln,413,Bernie Sanders George W. Bush,0
Abraham Lincoln,413,Bernie Sanders Hillary Clinton,0
Abraham Lincoln,413,Bernie Sanders Joe Biden,0
Abraham Lincoln,413,Bernie Sanders Richard Nixon,0
Abraham Lincoln,413,Bernie Sanders Ronald Reagan,0
Abraham Lincoln,413,Donald Trump Elizabeth Warren,0
Abraham Lincoln,413,Donald Trump Hillary Clinton,0
Abraham Lincoln,413,Donald Trump Joe Biden,0
Abraham Lincoln,413,Donald Trump Richard Nixon,0
Abraham Lincoln,413,Donald Trump Ronald Reagan,0
Abraham Lincoln,413,Elizabeth Warren George W. Bush,0
Abraham Lincoln,413,Elizabeth Warren Hillary Clinton,0
Abraham Lincoln,413,Elizabeth Warren Joe Biden,0
Abraham Lincoln,413,Elizabeth Warren Richard Nixon,0
Abraham Lincoln,413,Elizabeth Warren Ronald Reagan,0
Abraham Lincoln,413,George W. Bush Hillary Clinton,0
Abraham Lincoln,413,George W. Bush Joe Biden,0
Abraham Lincoln,413,George W. Bush Richard Nixon,0
Abraham Lincoln,413,George W. Bush Ronald Reagan,0
Abraham Lincoln,413,Hillary Clinton Joe Biden,0
Abraham Lincoln,413,Hillary Clinton Richard Nixon,0
Abraham Lincoln,413,Hillary Clinton Ronald Reagan,0
Abraham Lincoln,413,Joe Biden Ronald Reagan,0
Abraham Lincoln,413,Richard Nixon Ronald Reagan,0
Donald Trump,414,Abraham Lincoln Barack Obama,0
Donald Trump,414,Abraham Lincoln Bernie Sanders,0
Donald Trump,414,Abraham Lincoln Elizabeth Warren,0
Donald Trump,414,Abraham Lincoln George W. Bush,0
Donald Trump,414,Abraham Lincoln Hillary Clinton,0
Donald Trump,414,Abraham Lincoln Joe Biden,0
Donald Trump,414,Abraham Lincoln Richard Nixon,0
Donald Trump,414,Abraham Lincoln Ronald Reagan,0
Donald Trump,414,Barack Obama Bernie Sanders,0
Donald Trump,414,Barack Obama Elizabeth Warren,0
Donald Trump,414,Barack Obama George W. Bush,0
Donald Trump,414,Barack Obama Joe Biden,0
Donald Trump,414,Barack Obama Richard Nixon,1
Donald Trump,414,Barack Obama Ronald Reagan,0
Donald Trump,414,Bernie Sanders Elizabeth Warren,0
Donald Trump,414,Bernie Sanders George W. Bush,1
Donald Trump,414,Bernie Sanders Hillary Clinton,0
Donald Trump,414,Bernie Sanders Joe Biden,0
Donald Trump,414,Bernie Sanders Richard Nixon,0
Donald Trump,414,Bernie Sanders Ronald Reagan,1
Donald Trump,414,Elizabeth Warren George W. Bush,0
Donald Trump,414,Elizabeth Warren Joe Biden,0
Donald Trump,414,Elizabeth Warren Richard Nixon,1
Donald Trump,414,Elizabeth Warren Ronald Reagan,0
Donald Trump,414,George W. Bush Hillary Clinton,0
Donald Trump,414,George W. Bush Joe Biden,0
Donald Trump,414,George W. Bush Richard Nixon,0
Donald Trump,414,George W. Bush Ronald Reagan,1
Donald Trump,414,Hillary Clinton Joe Biden,0
Donald Trump,414,Hillary Clinton Richard Nixon,0
Donald Trump,414,Hillary Clinton Ronald Reagan,1
Donald Trump,414,Joe Biden Richard Nixon,0
Donald Trump,414,Joe Biden Ronald Reagan,0
Donald Trump,414,Richard Nixon Ronald Reagan,0
Elizabeth Warren,415,Abraham Lincoln Barack Obama,0
Elizabeth Warren,415,Abraham Lincoln Bernie Sanders,0
Elizabeth Warren,415,Abraham Lincoln Donald Trump,0
Elizabeth Warren,415,Abraham Lincoln George W. Bush,0
Elizabeth Warren,415,Abraham Lincoln Hillary Clinton,0
Elizabeth Warren,415,Abraham Lincoln Joe Biden,0
Elizabeth Warren,415,Abraham Lincoln Richard Nixon,0
Elizabeth Warren,415,Abraham Lincoln Ronald Reagan,0
Elizabeth Warren,415,Barack Obama Bernie Sanders,0
Elizabeth Warren,415,Barack Obama Donald Trump,0
Elizabeth Warren,415,Barack Obama George W. Bush,0
Elizabeth Warren,415,Barack Obama Hillary Clinton,0
Elizabeth Warren,415,Barack Obama Richard Nixon,0
Elizabeth Warren,415,Barack Obama Ronald Reagan,0
Elizabeth Warren,415,Bernie Sanders Donald Trump,0
Elizabeth Warren,415,Bernie Sanders George W. Bush,0
Elizabeth Warren,415,Bernie Sanders Hillary Clinton,0
Elizabeth Warren,415,Bernie Sanders Joe Biden,0
Elizabeth Warren,415,Bernie Sanders Richard Nixon,0
Elizabeth Warren,415,Bernie Sanders Ronald Reagan,0
Elizabeth Warren,415,Donald Trump George W. Bush,0
Elizabeth Warren,415,Donald Trump Hillary Clinton,0
Elizabeth Warren,415,Donald Trump Joe Biden,0
Elizabeth Warren,415,Donald Trump Richard Nixon,0
Elizabeth Warren,415,Donald Trump Ronald Reagan,0
Elizabeth Warren,415,George W. Bush Hillary Clinton,0
Elizabeth Warren,415,George W. Bush Joe Biden,0
Elizabeth Warren,415,George W. Bush Richard Nixon,0
Elizabeth Warren,415,George W. Bush Ronald Reagan,0
Elizabeth Warren,415,Hillary Clinton Richard Nixon,0
Elizabeth Warren,415,Hillary Clinton Ronald Reagan,0
Elizabeth Warren,415,Joe Biden Richard Nixon,0
Elizabeth Warren,415,Joe Biden Ronald Reagan,0
Elizabeth Warren,415,Richard Nixon Ronald Reagan,0
Ronald Reagan,416,Abraham Lincoln Barack Obama,0
Ronald Reagan,416,Abraham Lincoln Bernie Sanders,0
Ronald Reagan,416,Abraham Lincoln Donald Trump,0
Ronald Reagan,416,Abraham Lincoln Elizabeth Warren,0
Ronald Reagan,416,Abraham Lincoln George W. Bush,0
Ronald Reagan,416,Abraham Lincoln Hillary Clinton,0
Ronald Reagan,416,Abraham Lincoln Joe Biden,0
Ronald Reagan,416,Abraham Lincoln Richard Nixon,0
Ronald Reagan,416,Barack Obama Bernie Sanders,0
Ronald Reagan,416,Barack Obama Donald Trump,0
Ronald Reagan,416,Barack Obama Elizabeth Warren,0
Ronald Reagan,416,Barack Obama George W. Bush,0
Ronald Reagan,416,Barack Obama Hillary Clinton,0
Ronald Reagan,416,Barack Obama Joe Biden,0
Ronald Reagan,416,Bernie Sanders Donald Trump,0
Ronald Reagan,416,Bernie Sanders Elizabeth Warren,0
Ronald Reagan,416,Bernie Sanders George W. Bush,0
Ronald Reagan,416,Bernie Sanders Hillary Clinton,0
Ronald Reagan,416,Bernie Sanders Joe Biden,0
Ronald Reagan,416,Bernie Sanders Richard Nixon,0
Ronald Reagan,416,Donald Trump Elizabeth Warren,0
Ronald Reagan,416,Donald Trump George W. Bush,0
Ronald Reagan,416,Donald Trump Hillary Clinton,0
Ronald Reagan,416,Donald Trump Joe Biden,0
Ronald Reagan,416,Donald Trump Richard Nixon,0
Ronald Reagan,416,Elizabeth Warren George W. Bush,0
Ronald Reagan,416,Elizabeth Warren Hillary Clinton,0
Ronald Reagan,416,Elizabeth Warren Joe Biden,0
Ronald Reagan,416,Elizabeth Warren Richard Nixon,0
Ronald Reagan,416,George W. Bush Hillary Clinton,0
Ronald Reagan,416,George W. Bush Joe Biden,0
Ronald Reagan,416,George W. Bush Richard Nixon,0
Ronald Reagan,416,Hillary Clinton Joe Biden,0
Ronald Reagan,416,Hillary Clinton Richard Nixon,0
Ronald Reagan,416,Joe Biden Richard Nixon,0
Ronald Reagan,417,Abraham Lincoln Bernie Sanders,0
Ronald Reagan,417,Abraham Lincoln Donald Trump,0
Ronald Reagan,417,Abraham Lincoln Elizabeth Warren,0
Ronald Reagan,417,Abraham Lincoln George W. Bush,1
Ronald Reagan,417,Abraham Lincoln Hillary Clinton,0
Ronald Reagan,417,Abraham Lincoln Joe Biden,0
Ronald Reagan,417,Abraham Lincoln Richard Nixon,0
Ronald Reagan,417,Barack Obama Bernie Sanders,0
Ronald Reagan,417,Barack Obama Donald Trump,0
Ronald Reagan,417,Barack Obama Elizabeth Warren,0
Ronald Reagan,417,Barack Obama Hillary Clinton,0
Ronald Reagan,417,Barack Obama Joe Biden,0
Ronald Reagan,417,Barack Obama Richard Nixon,1
Ronald Reagan,417,Bernie Sanders Donald Trump,0
Ronald Reagan,417,Bernie Sanders Elizabeth Warren,0
Ronald Reagan,417,Bernie Sanders George W. Bush,0
Ronald Reagan,417,Bernie Sanders Hillary Clinton,0
Ronald Reagan,417,Bernie Sanders Joe Biden,0
Ronald Reagan,417,Bernie Sanders Richard Nixon,0
Ronald Reagan,417,Donald Trump Elizabeth Warren,0
Ronald Reagan,417,Donald Trump Hillary Clinton,0
Ronald Reagan,417,Donald Trump Joe Biden,0
Ronald Reagan,417,Donald Trump Richard Nixon,0
Ronald Reagan,417,Elizabeth Warren George W. Bush,0
Ronald Reagan,417,Elizabeth Warren Hillary Clinton,0
Ronald Reagan,417,Elizabeth Warren Joe Biden,0
Ronald Reagan,417,Elizabeth Warren Richard Nixon,0
Ronald Reagan,417,George W. Bush Hillary Clinton,0
Ronald Reagan,417,George W. Bush Joe Biden,0
Ronald Reagan,417,George W. Bush Richard Nixon,0
Ronald Reagan,417,Hillary Clinton Joe Biden,0
Ronald Reagan,417,Hillary Clinton Richard Nixon,0
Ronald Reagan,417,Joe Biden Richard Nixon,0
Elizabeth Warren,418,Abraham Lincoln Barack Obama,0
Elizabeth Warren,418,Abraham Lincoln Donald Trump,0
Elizabeth Warren,418,Abraham Lincoln George W. Bush,0
Elizabeth Warren,418,Abraham Lincoln Hillary Clinton,0
Elizabeth Warren,418,Abraham Lincoln Joe Biden,0
Elizabeth Warren,418,Abraham Lincoln Richard Nixon,0
Elizabeth Warren,418,Abraham Lincoln Ronald Reagan,0
Elizabeth Warren,418,Barack Obama Bernie Sanders,0
Elizabeth Warren,418,Barack Obama Donald Trump,0
Elizabeth Warren,418,Barack Obama Hillary Clinton,0
Elizabeth Warren,418,Barack Obama Joe Biden,0
Elizabeth Warren,418,Barack Obama Richard Nixon,0
Elizabeth Warren,418,Barack Obama Ronald Reagan,0
Elizabeth Warren,418,Bernie Sanders Donald Trump,0
Elizabeth Warren,418,Bernie Sanders George W. Bush,0
Elizabeth Warren,418,Bernie Sanders Hillary Clinton,0
Elizabeth Warren,418,Bernie Sanders Joe Biden,0
Elizabeth Warren,418,Bernie Sanders Richard Nixon,0
Elizabeth Warren,418,Bernie Sanders Ronald Reagan,0
Elizabeth Warren,418,Donald Trump George W. Bush,0
Elizabeth Warren,418,Donald Trump Hillary Clinton,0
Elizabeth Warren,418,Donald Trump Joe Biden,0
Elizabeth Warren,418,Donald Trump Richard Nixon,0
Elizabeth Warren,418,Donald Trump Ronald Reagan,0
Elizabeth Warren,418,George W. Bush Joe Biden,1
Elizabeth Warren,418,George W. Bush Richard Nixon,1
Elizabeth Warren,418,George W. Bush Ronald Reagan,0
Elizabeth Warren,418,Hillary Clinton Joe Biden,0
Elizabeth Warren,418,Hillary Clinton Richard Nixon,0
Elizabeth Warren,418,Hillary Clinton Ronald Reagan,0
Elizabeth Warren,418,Joe Biden Richard Nixon,0
Elizabeth Warren,418,Joe Biden Ronald Reagan,0
Elizabeth Warren,418,Richard Nixon Ronald Reagan,0
Hillary Clinton,419,Abraham Lincoln Barack Obama,0
Hillary Clinton,419,Abraham Lincoln Bernie Sanders,0
Hillary Clinton,419,Abraham Lincoln Donald Trump,0
Hillary Clinton,419,Abraham Lincoln Elizabeth Warren,0
Hillary Clinton,419,Abraham Lincoln George W. Bush,0
Hillary Clinton,419,Abraham Lincoln Joe Biden,0
Hillary Clinton,419,Abraham Lincoln Richard Nixon,0
Hillary Clinton,419,Abraham Lincoln Ronald Reagan,0
Hillary Clinton,419,Barack Obama Bernie Sanders,0
Hillary Clinton,419,Barack Obama Donald Trump,0
Hillary Clinton,419,Barack Obama Elizabeth Warren,0
Hillary Clinton,419,Barack Obama George W. Bush,1
Hillary Clinton,419,Barack Obama Joe Biden,0
Hillary Clinton,419,Barack Obama Ronald Reagan,0
Hillary Clinton,419,Bernie Sanders Donald Trump,0
Hillary Clinton,419,Bernie Sanders Elizabeth Warren,0
Hillary Clinton,419,Bernie Sanders George W. Bush,0
Hillary Clinton,419,Bernie Sanders Joe Biden,0
Hillary Clinton,419,Bernie Sanders Richard Nixon,0
Hillary Clinton,419,Bernie Sanders Ronald Reagan,0
Hillary Clinton,419,Donald Trump Elizabeth Warren,0
Hillary Clinton,419,Donald Trump George W. Bush,0
Hillary Clinton,419,Donald Trump Joe Biden,1
Hillary Clinton,419,Donald Trump Richard Nixon,0
Hillary Clinton,419,Donald Trump Ronald Reagan,0
Hillary Clinton,419,Elizabeth Warren George W. Bush,0
Hillary Clinton,419,Elizabeth Warren Joe Biden,0
Hillary Clinton,419,Elizabeth Warren Richard Nixon,0
Hillary Clinton,419,Elizabeth Warren Ronald Reagan,0
Hillary Clinton,419,George W. Bush Richard Nixon,0
Hillary Clinton,419,George W. Bush Ronald Reagan,0
Hillary Clinton,419,Joe Biden Richard Nixon,0
Hillary Clinton,419,Joe Biden Ronald Reagan,0
Hillary Clinton,419,Richard Nixon Ronald Reagan,0
Donald Trump,420,Abraham Lincoln Barack Obama,0
Donald Trump,420,Abraham Lincoln Bernie Sanders,0
Donald Trump,420,Abraham Lincoln Elizabeth Warren,0
Donald Trump,420,Abraham Lincoln George W. Bush,0
Donald Trump,420,Abraham Lincoln Hillary Clinton,0
Donald Trump,420,Abraham Lincoln Joe Biden,0
Donald Trump,420,Abraham Lincoln Richard Nixon,0
Donald Trump,420,Abraham Lincoln Ronald Reagan,0
Donald Trump,420,Barack Obama Bernie Sanders,0
Donald Trump,420,Barack Obama Elizabeth Warren,0
Donald Trump,420,Barack Obama George W. Bush,0
Donald Trump,420,Barack Obama Hillary Clinton,0
Donald Trump,420,Barack Obama Joe Biden,0
Donald Trump,420,Barack Obama Richard Nixon,1
Donald Trump,420,Bernie Sanders Elizabeth Warren,0
Donald Trump,420,Bernie Sanders George W. Bush,1
Donald Trump,420,Bernie Sanders Hillary Clinton,0
Donald Trump,420,Bernie Sanders Joe Biden,0
Donald Trump,420,Bernie Sanders Richard Nixon,0
Donald Trump,420,Bernie Sanders Ronald Reagan,0
Donald Trump,420,Elizabeth Warren George W. Bush,0
Donald Trump,420,Elizabeth Warren Hillary Clinton,0
Donald Trump,420,Elizabeth Warren Joe Biden,0
Donald Trump,420,Elizabeth Warren Richard Nixon,0
Donald Trump,420,Elizabeth Warren Ronald Reagan,0
Donald Trump,420,George W. Bush Joe Biden,0
Donald Trump,420,George W. Bush Richard Nixon,0
Donald Trump,420,George W. Bush Ronald Reagan,0
Donald Trump,420,Hillary Clinton Joe Biden,0
Donald Trump,420,Hillary Clinton Ronald Reagan,0
Donald Trump,420,Joe Biden Richard Nixon,0
Donald Trump,420,Joe Biden Ronald Reagan,0
Donald Trump,420,Richard Nixon Ronald Reagan,0
Abraham Lincoln,421,Barack Obama Bernie Sanders,0
Abraham Lincoln,421,Barack Obama Elizabeth Warren,0
Abraham Lincoln,421,Barack Obama Richard Nixon,0
Abraham Lincoln,421,Barack Obama Ronald Reagan,0
Abraham Lincoln,421,Bernie Sanders Donald Trump,0
Abraham Lincoln,421,Bernie Sanders Elizabeth Warren,0
Abraham Lincoln,421,Bernie Sanders George W. Bush,0
Abraham Lincoln,421,Bernie Sanders Hillary Clinton,0
Abraham Lincoln,421,Bernie Sanders Joe Biden,0
Abraham Lincoln,421,Bernie Sanders Richard Nixon,0
Abraham Lincoln,421,Bernie Sanders Ronald Reagan,0
Abraham Lincoln,421,Donald Trump Elizabeth Warren,0
Abraham Lincoln,421,Donald Trump George W. Bush,0
Abraham Lincoln,421,Donald Trump Joe Biden,0
Abraham Lincoln,421,Donald Trump Richard Nixon,1
Abraham Lincoln,421,Donald Trump Ronald Reagan,0
Abraham Lincoln,421,Elizabeth Warren George W. Bush,0
Abraham Lincoln,421,Elizabeth Warren Hillary Clinton,0
Abraham Lincoln,421,Elizabeth Warren Joe Biden,0
Abraham Lincoln,421,Elizabeth Warren Richard Nixon,0
Abraham Lincoln,421,Elizabeth Warren Ronald Reagan,0
Abraham Lincoln,421,George W. Bush Hillary Clinton,0
Abraham Lincoln,421,George W. Bush Joe Biden,0
Abraham Lincoln,421,George W. Bush Richard Nixon,0
Abraham Lincoln,421,George W. Bush Ronald Reagan,0
Abraham Lincoln,421,Hillary Clinton Joe Biden,1
Abraham Lincoln,421,Hillary Clinton Richard Nixon,0
Abraham Lincoln,421,Hillary Clinton Ronald Reagan,0
Abraham Lincoln,421,Joe Biden Richard Nixon,0
Abraham Lincoln,421,Joe Biden Ronald Reagan,0
Abraham Lincoln,421,Richard Nixon Ronald Reagan,0
Elizabeth Warren,422,Abraham Lincoln Barack Obama,0
Elizabeth Warren,422,Abraham Lincoln Bernie Sanders,0
Elizabeth Warren,422,Abraham Lincoln Donald Trump,0
Elizabeth Warren,422,Abraham Lincoln George W. Bush,0
Elizabeth Warren,422,Abraham Lincoln Hillary Clinton,0
Elizabeth Warren,422,Abraham Lincoln Joe Biden,0
Elizabeth Warren,422,Abraham Lincoln Richard Nixon,0
Elizabeth Warren,422,Abraham Lincoln Ronald Reagan,0
Elizabeth Warren,422,Barack Obama Bernie Sanders,1
Elizabeth Warren,422,Barack Obama Donald Trump,0
Elizabeth Warren,422,Barack Obama George W. Bush,0
Elizabeth Warren,422,Barack Obama Hillary Clinton,0
Elizabeth Warren,422,Barack Obama Joe Biden,1
Elizabeth Warren,422,Barack Obama Richard Nixon,0
Elizabeth Warren,422,Barack Obama Ronald Reagan,0
Elizabeth Warren,422,Bernie Sanders Donald Trump,0
Elizabeth Warren,422,Bernie Sanders George W. Bush,0
Elizabeth Warren,422,Bernie Sanders Hillary Clinton,0
Elizabeth Warren,422,Bernie Sanders Joe Biden,0
Elizabeth Warren,422,Bernie Sanders Richard Nixon,0
Elizabeth Warren,422,Bernie Sanders Ronald Reagan,1
Elizabeth Warren,422,Donald Trump Hillary Clinton,1
Elizabeth Warren,422,Donald Trump Joe Biden,0
Elizabeth Warren,422,Donald Trump Richard Nixon,0
Elizabeth Warren,422,Donald Trump Ronald Reagan,0
Elizabeth Warren,422,George W. Bush Hillary Clinton,0
Elizabeth Warren,422,George W. Bush Joe Biden,0
Elizabeth Warren,422,George W. Bush Richard Nixon,1
Elizabeth Warren,422,George W. Bush Ronald Reagan,0
Elizabeth Warren,422,Hillary Clinton Joe Biden,0
Elizabeth Warren,422,Hillary Clinton Ronald Reagan,0
Elizabeth Warren,422,Joe Biden Richard Nixon,0
Elizabeth Warren,422,Joe Biden Ronald Reagan,0
Elizabeth Warren,422,Richard Nixon Ronald Reagan,0
Hillary Clinton,423,Abraham Lincoln Barack Obama,0
Hillary Clinton,423,Abraham Lincoln Bernie Sanders,0
Hillary Clinton,423,Abraham Lincoln Donald Trump,0
Hillary Clinton,423,Abraham Lincoln Elizabeth Warren,0
Hillary Clinton,423,Abraham Lincoln George W. Bush,0
Hillary Clinton,423,Abraham Lincoln Joe Biden,0
Hillary Clinton,423,Abraham Lincoln Richard Nixon,0
Hillary Clinton,423,Abraham Lincoln Ronald Reagan,0
Hillary Clinton,423,Barack Obama Bernie Sanders,0
Hillary Clinton,423,Barack Obama Donald Trump,0
Hillary Clinton,423,Barack Obama Elizabeth Warren,0
Hillary Clinton,423,Barack Obama George W. Bush,0
Hillary Clinton,423,Barack Obama Joe Biden,0
Hillary Clinton,423,Barack Obama Richard Nixon,0
Hillary Clinton,423,Barack Obama Ronald Reagan,1
Hillary Clinton,423,Bernie Sanders Donald Trump,0
Hillary Clinton,423,Bernie Sanders Elizabeth Warren,0
Hillary Clinton,423,Bernie Sanders George W. Bush,0
Hillary Clinton,423,Bernie Sanders Joe Biden,1
Hillary Clinton,423,Bernie Sanders Richard Nixon,0
Hillary Clinton,423,Bernie Sanders Ronald Reagan,0
Hillary Clinton,423,Donald Trump Elizabeth Warren,0
Hillary Clinton,423,Donald Trump George W. Bush,0
Hillary Clinton,423,Donald Trump Joe Biden,0
Hillary Clinton,423,Donald Trump Ronald Reagan,0
Hillary Clinton,423,Elizabeth Warren George W. Bush,0
Hillary Clinton,423,Elizabeth Warren Joe Biden,0
Hillary Clinton,423,Elizabeth Warren Richard Nixon,0
Hillary Clinton,423,Elizabeth Warren Ronald Reagan,0
Hillary Clinton,423,George W. Bush Joe Biden,0
Hillary Clinton,423,George W. Bush Ronald Reagan,0
Hillary Clinton,423,Joe Biden Richard Nixon,0
Hillary Clinton,423,Joe Biden Ronald Reagan,0
Hillary Clinton,423,Richard Nixon Ronald Reagan,0
Ronald Reagan,424,Abraham Lincoln Barack Obama,0
Ronald Reagan,424,Abraham Lincoln Bernie Sanders,0
Ronald Reagan,424,Abraham Lincoln Donald Trump,0
Ronald Reagan,424,Abraham Lincoln Elizabeth Warren,0
Ronald Reagan,424,Abraham Lincoln George W. Bush,0
Ronald Reagan,424,Abraham Lincoln Hillary Clinton,0
Ronald Reagan,424,Abraham Lincoln Joe Biden,0
Ronald Reagan,424,Abraham Lincoln Richard Nixon,0
Ronald Reagan,424,Barack Obama Bernie Sanders,0
Ronald Reagan,424,Barack Obama Donald Trump,0
Ronald Reagan,424,Barack Obama Elizabeth Warren,0
Ronald Reagan,424,Barack Obama George W. Bush,0
Ronald Reagan,424,Barack Obama Hillary Clinton,1
Ronald Reagan,424,Barack Obama Joe Biden,0
Ronald Reagan,424,Barack Obama Richard Nixon,0
Ronald Reagan,424,Bernie Sanders Donald Trump,0
Ronald Reagan,424,Bernie Sanders Elizabeth Warren,0
Ronald Reagan,424,Bernie Sanders George W. Bush,0
Ronald Reagan,424,Bernie Sanders Hillary Clinton,0
Ronald Reagan,424,Bernie Sanders Joe Biden,0
Ronald Reagan,424,Bernie Sanders Richard Nixon,0
Ronald Reagan,424,Donald Trump Hillary Clinton,0
Ronald Reagan,424,Donald Trump Joe Biden,1
Ronald Reagan,424,Donald Trump Richard Nixon,0
Ronald Reagan,424,Elizabeth Warren George W. Bush,0
Ronald Reagan,424,Elizabeth Warren Hillary Clinton,0
Ronald Reagan,424,Elizabeth Warren Joe Biden,0
Ronald Reagan,424,Elizabeth Warren Richard Nixon,0
Ronald Reagan,424,George W. Bush Hillary Clinton,0
Ronald Reagan,424,George W. Bush Richard Nixon,0
Ronald Reagan,424,Hillary Clinton Joe Biden,0
Ronald Reagan,424,Hillary Clinton Richard Nixon,0
Ronald Reagan,424,Joe Biden Richard Nixon,1
Ronald Reagan,425,Abraham Lincoln Barack Obama,0
Ronald Reagan,425,Abraham Lincoln Bernie Sanders,0
Ronald Reagan,425,Abraham Lincoln Donald Trump,0
Ronald Reagan,425,Abraham Lincoln Elizabeth Warren,0
Ronald Reagan,425,Abraham Lincoln George W. Bush,0
Ronald Reagan,425,Abraham Lincoln Hillary Clinton,0
Ronald Reagan,425,Abraham Lincoln Joe Biden,0
Ronald Reagan,425,Abraham Lincoln Richard Nixon,0
Ronald Reagan,425,Barack Obama Bernie Sanders,1
Ronald Reagan,425,Barack Obama Donald Trump,0
Ronald Reagan,425,Barack Obama Elizabeth Warren,0
Ronald Reagan,425,Barack Obama George W. Bush,0
Ronald Reagan,425,Barack Obama Hillary Clinton,0
Ronald Reagan,425,Barack Obama Joe Biden,0
Ronald Reagan,425,Barack Obama Richard Nixon,1
Ronald Reagan,425,Bernie Sanders Donald Trump,0
Ronald Reagan,425,Bernie Sanders Elizabeth Warren,0
Ronald Reagan,425,Bernie Sanders George W. Bush,0
Ronald Reagan,425,Bernie Sanders Hillary Clinton,0
Ronald Reagan,425,Bernie Sanders Joe Biden,0
Ronald Reagan,425,Bernie Sanders Richard Nixon,0
Ronald Reagan,425,Donald Trump Elizabeth Warren,0
Ronald Reagan,425,Donald Trump George W. Bush,0
Ronald Reagan,425,Donald Trump Hillary Clinton,0
Ronald Reagan,425,Donald Trump Joe Biden,0
Ronald Reagan,425,Donald Trump Richard Nixon,0
Ronald Reagan,425,Elizabeth Warren George W. Bush,0
Ronald Reagan,425,Elizabeth Warren Hillary Clinton,0
Ronald Reagan,425,Elizabeth Warren Joe Biden,0
Ronald Reagan,425,Elizabeth Warren Richard Nixon,0
Ronald Reagan,425,George W. Bush Hillary Clinton,0
Ronald Reagan,425,George W. Bush Joe Biden,0
Ronald Reagan,425,George W. Bush Richard Nixon,0
Ronald Reagan,425,Hillary Clinton Joe Biden,0
Ronald Reagan,425,Hillary Clinton Richard Nixon,0
Ronald Reagan,425,Joe Biden Richard Nixon,0
George W. Bush,426,Abraham Lincoln Barack Obama,0
George W. Bush,426,Abraham Lincoln Bernie Sanders,0
George W. Bush,426,Abraham Lincoln Donald Trump,0
George W. Bush,426,Abraham Lincoln Elizabeth Warren,0
George W. Bush,426,Abraham Lincoln Hillary Clinton,1
George W. Bush,426,Abraham Lincoln Joe Biden,0
George W. Bush,426,Abraham Lincoln Richard Nixon,1
George W. Bush,426,Abraham Lincoln Ronald Reagan,0
George W. Bush,426,Barack Obama Bernie Sanders,0
George W. Bush,426,Barack Obama Donald Trump,0
George W. Bush,426,Barack Obama Elizabeth Warren,0
George W. Bush,426,Barack Obama Hillary Clinton,1
George W. Bush,426,Barack Obama Joe Biden,0
George W. Bush,426,Barack Obama Richard Nixon,0
George W. Bush,426,Barack Obama Ronald Reagan,0
George W. Bush,426,Bernie Sanders Donald Trump,0
George W. Bush,426,Bernie Sanders Elizabeth Warren,0
George W. Bush,426,Bernie Sanders Hillary Clinton,0
George W. Bush,426,Bernie Sanders Joe Biden,0
George W. Bush,426,Bernie Sanders Richard Nixon,0
George W. Bush,426,Bernie Sanders Ronald Reagan,0
George W. Bush,426,Donald Trump Elizabeth Warren,0
George W. Bush,426,Donald Trump Hillary Clinton,0
George W. Bush,426,Donald Trump Joe Biden,0
George W. Bush,426,Donald Trump Richard Nixon,0
George W. Bush,426,Donald Trump Ronald Reagan,0
George W. Bush,426,Elizabeth Warren Hillary Clinton,0
George W. Bush,426,Elizabeth Warren Joe Biden,0
George W. Bush,426,Elizabeth Warren Richard Nixon,0
George W. Bush,426,Elizabeth Warren Ronald Reagan,0
George W. Bush,426,Hillary Clinton Richard Nixon,0
George W. Bush,426,Hillary Clinton Ronald Reagan,0
George W. Bush,426,Joe Biden Richard Nixon,1
George W. Bush,426,Joe Biden Ronald Reagan,0
George W. Bush,426,Richard Nixon Ronald Reagan,0
Elizabeth Warren,427,Abraham Lincoln Barack Obama,0
Elizabeth Warren,427,Abraham Lincoln Bernie Sanders,0
Elizabeth Warren,427,Abraham Lincoln Donald Trump,0
Elizabeth Warren,427,Abraham Lincoln George W. Bush,0
Elizabeth Warren,427,Abraham Lincoln Hillary Clinton,0
Elizabeth Warren,427,Abraham Lincoln Joe Biden,0
Elizabeth Warren,427,Abraham Lincoln Richard Nixon,0
Elizabeth Warren,427,Abraham Lincoln Ronald Reagan,1
Elizabeth Warren,427,Barack Obama Bernie Sanders,0
Elizabeth Warren,427,Barack Obama George W. Bush,0
Elizabeth Warren,427,Barack Obama Hillary Clinton,0
Elizabeth Warren,427,Barack Obama Joe Biden,0
Elizabeth Warren,427,Barack Obama Richard Nixon,0
Elizabeth Warren,427,Barack Obama Ronald Reagan,0
Elizabeth Warren,427,Bernie Sanders Donald Trump,0
Elizabeth Warren,427,Bernie Sanders George W. Bush,0
Elizabeth Warren,427,Bernie Sanders Hillary Clinton,0
Elizabeth Warren,427,Bernie Sanders Joe Biden,0
Elizabeth Warren,427,Bernie Sanders Richard Nixon,0
Elizabeth Warren,427,Bernie Sanders Ronald Reagan,0
Elizabeth Warren,427,Donald Trump George W. Bush,0
Elizabeth Warren,427,Donald Trump Hillary Clinton,0
Elizabeth Warren,427,Donald Trump Joe Biden,0
Elizabeth Warren,427,Donald Trump Richard Nixon,0
Elizabeth Warren,427,Donald Trump Ronald Reagan,0
Elizabeth Warren,427,George W. Bush Joe Biden,0
Elizabeth Warren,427,George W. Bush Richard Nixon,0
Elizabeth Warren,427,George W. Bush Ronald Reagan,0
Elizabeth Warren,427,Hillary Clinton Joe Biden,0
Elizabeth Warren,427,Hillary Clinton Richard Nixon,0
Elizabeth Warren,427,Hillary Clinton Ronald Reagan,0
Elizabeth Warren,427,Joe Biden Richard Nixon,0
Elizabeth Warren,427,Joe Biden Ronald Reagan,0
Elizabeth Warren,427,Richard Nixon Ronald Reagan,0
Donald Trump,428,Abraham Lincoln Barack Obama,0
Donald Trump,428,Abraham Lincoln Bernie Sanders,0
Donald Trump,428,Abraham Lincoln Elizabeth Warren,0
Donald Trump,428,Abraham Lincoln George W. Bush,0
Donald Trump,428,Abraham Lincoln Hillary Clinton,0
Donald Trump,428,Abraham Lincoln Joe Biden,0
Donald Trump,428,Abraham Lincoln Richard Nixon,0
Donald Trump,428,Abraham Lincoln Ronald Reagan,1
Donald Trump,428,Barack Obama Bernie Sanders,0
Donald Trump,428,Barack Obama Elizabeth Warren,0
Donald Trump,428,Barack Obama George W. Bush,0
Donald Trump,428,Barack Obama Hillary Clinton,0
Donald Trump,428,Barack Obama Joe Biden,0
Donald Trump,428,Barack Obama Richard Nixon,0
Donald Trump,428,Barack Obama Ronald Reagan,0
Donald Trump,428,Bernie Sanders Elizabeth Warren,0
Donald Trump,428,Bernie Sanders George W. Bush,0
Donald Trump,428,Bernie Sanders Hillary Clinton,0
Donald Trump,428,Bernie Sanders Joe Biden,0
Donald Trump,428,Bernie Sanders Richard Nixon,0
Donald Trump,428,Bernie Sanders Ronald Reagan,0
Donald Trump,428,Elizabeth Warren George W. Bush,0
Donald Trump,428,Elizabeth Warren Hillary Clinton,0
Donald Trump,428,Elizabeth Warren Joe Biden,0
Donald Trump,428,Elizabeth Warren Richard Nixon,0
Donald Trump,428,Elizabeth Warren Ronald Reagan,0
Donald Trump,428,George W. Bush Joe Biden,0
Donald Trump,428,George W. Bush Ronald Reagan,0
Donald Trump,428,Hillary Clinton Joe Biden,0
Donald Trump,428,Hillary Clinton Richard Nixon,0
Donald Trump,428,Hillary Clinton Ronald Reagan,0
Donald Trump,428,Joe Biden Richard Nixon,1
Donald Trump,428,Joe Biden Ronald Reagan,0
Donald Trump,428,Richard Nixon Ronald Reagan,0
Barack Obama,429,Abraham Lincoln Bernie Sanders,0
Barack Obama,429,Abraham Lincoln Donald Trump,0
Barack Obama,429,Abraham Lincoln Elizabeth Warren,0
Barack Obama,429,Abraham Lincoln George W. Bush,0
Barack Obama,429,Abraham Lincoln Hillary Clinton,0
Barack Obama,429,Abraham Lincoln Joe Biden,0
Barack Obama,429,Abraham Lincoln Richard Nixon,0
Barack Obama,429,Abraham Lincoln Ronald Reagan,0
Barack Obama,429,Bernie Sanders Donald Trump,0
Barack Obama,429,Bernie Sanders Elizabeth Warren,1
Barack Obama,429,Bernie Sanders George W. Bush,0
Barack Obama,429,Bernie Sanders Hillary Clinton,0
Barack Obama,429,Bernie Sanders Joe Biden,0
Barack Obama,429,Bernie Sanders Richard Nixon,0
Barack Obama,429,Bernie Sanders Ronald Reagan,0
Barack Obama,429,Donald Trump Elizabeth Warren,0
Barack Obama,429,Donald Trump George W. Bush,0
Barack Obama,429,Donald Trump Hillary Clinton,0
Barack Obama,429,Donald Trump Joe Biden,0
Barack Obama,429,Donald Trump Richard Nixon,1
Barack Obama,429,Donald Trump Ronald Reagan,0
Barack Obama,429,Elizabeth Warren George W. Bush,0
Barack Obama,429,Elizabeth Warren Hillary Clinton,0
Barack Obama,429,Elizabeth Warren Joe Biden,1
Barack Obama,429,Elizabeth Warren Richard Nixon,0
Barack Obama,429,Elizabeth Warren Ronald Reagan,0
Barack Obama,429,George W. Bush Hillary Clinton,0
Barack Obama,429,George W. Bush Joe Biden,0
Barack Obama,429,George W. Bush Richard Nixon,0
Barack Obama,429,George W. Bush Ronald Reagan,0
Barack Obama,429,Hillary Clinton Joe Biden,1
Barack Obama,429,Hillary Clinton Richard Nixon,0
Barack Obama,429,Hillary Clinton Ronald Reagan,0
Barack Obama,429,Joe Biden Richard Nixon,0
Barack Obama,429,Richard Nixon Ronald Reagan,0
Donald Trump,430,Abraham Lincoln Barack Obama,0
Donald Trump,430,Abraham Lincoln Bernie Sanders,0
Donald Trump,430,Abraham Lincoln Elizabeth Warren,0
Donald Trump,430,Abraham Lincoln George W. Bush,0
Donald Trump,430,Abraham Lincoln Hillary Clinton,0
Donald Trump,430,Abraham Lincoln Joe Biden,0
Donald Trump,430,Abraham Lincoln Richard Nixon,0
Donald Trump,430,Abraham Lincoln Ronald Reagan,0
Donald Trump,430,Barack Obama Bernie Sanders,0
Donald Trump,430,Barack Obama Elizabeth Warren,0
Donald Trump,430,Barack Obama Hillary Clinton,0
Donald Trump,430,Barack Obama Joe Biden,0
Donald Trump,430,Barack Obama Richard Nixon,1
Donald Trump,430,Barack Obama Ronald Reagan,0
Donald Trump,430,Bernie Sanders Elizabeth Warren,0
Donald Trump,430,Bernie Sanders George W. Bush,1
Donald Trump,430,Bernie Sanders Hillary Clinton,0
Donald Trump,430,Bernie Sanders Joe Biden,0
Donald Trump,430,Bernie Sanders Richard Nixon,1
Donald Trump,430,Bernie Sanders Ronald Reagan,0
Donald Trump,430,Elizabeth Warren George W. Bush,0
Donald Trump,430,Elizabeth Warren Hillary Clinton,0
Donald Trump,430,Elizabeth Warren Joe Biden,0
Donald Trump,430,Elizabeth Warren Richard Nixon,0
Donald Trump,430,Elizabeth Warren Ronald Reagan,0
Donald Trump,430,George W. Bush Hillary Clinton,0
Donald Trump,430,George W. Bush Richard Nixon,1
Donald Trump,430,George W. Bush Ronald Reagan,0
Donald Trump,430,Hillary Clinton Joe Biden,0
Donald Trump,430,Hillary Clinton Ronald Reagan,0
Donald Trump,430,Joe Biden Richard Nixon,0
Donald Trump,430,Joe Biden Ronald Reagan,0
Ronald Reagan,431,Abraham Lincoln Barack Obama,0
Ronald Reagan,431,Abraham Lincoln Bernie Sanders,0
Ronald Reagan,431,Abraham Lincoln Donald Trump,0
Ronald Reagan,431,Abraham Lincoln Elizabeth Warren,0
Ronald Reagan,431,Abraham Lincoln George W. Bush,0
Ronald Reagan,431,Abraham Lincoln Hillary Clinton,0
Ronald Reagan,431,Abraham Lincoln Joe Biden,0
Ronald Reagan,431,Abraham Lincoln Richard Nixon,0
Ronald Reagan,431,Barack Obama Bernie Sanders,0
Ronald Reagan,431,Barack Obama Donald Trump,0
Ronald Reagan,431,Barack Obama Elizabeth Warren,0
Ronald Reagan,431,Barack Obama George W. Bush,0
Ronald Reagan,431,Barack Obama Hillary Clinton,0
Ronald Reagan,431,Barack Obama Joe Biden,0
Ronald Reagan,431,Barack Obama Richard Nixon,1
Ronald Reagan,431,Bernie Sanders Donald Trump,0
Ronald Reagan,431,Bernie Sanders Elizabeth Warren,0
Ronald Reagan,431,Bernie Sanders George W. Bush,0
Ronald Reagan,431,Bernie Sanders Hillary Clinton,0
Ronald Reagan,431,Bernie Sanders Joe Biden,0
Ronald Reagan,431,Bernie Sanders Richard Nixon,0
Ronald Reagan,431,Donald Trump Elizabeth Warren,0
Ronald Reagan,431,Donald Trump George W. Bush,0
Ronald Reagan,431,Donald Trump Hillary Clinton,0
Ronald Reagan,431,Donald Trump Joe Biden,1
Ronald Reagan,431,Donald Trump Richard Nixon,0
Ronald Reagan,431,Elizabeth Warren George W. Bush,0
Ronald Reagan,431,Elizabeth Warren Hillary Clinton,0
Ronald Reagan,431,Elizabeth Warren Joe Biden,0
Ronald Reagan,431,Elizabeth Warren Richard Nixon,0
Ronald Reagan,431,George W. Bush Hillary Clinton,0
Ronald Reagan,431,George W. Bush Joe Biden,0
Ronald Reagan,431,George W. Bush Richard Nixon,0
Ronald Reagan,431,Hillary Clinton Joe Biden,0
Ronald Reagan,431,Hillary Clinton Richard Nixon,0
Ronald Reagan,431,Joe Biden Richard Nixon,0
Ronald Reagan,432,Abraham Lincoln Barack Obama,0
Ronald Reagan,432,Abraham Lincoln Bernie Sanders,0
Ronald Reagan,432,Abraham Lincoln Donald Trump,0
Ronald Reagan,432,Abraham Lincoln Elizabeth Warren,0
Ronald Reagan,432,Abraham Lincoln George W. Bush,0
Ronald Reagan,432,Abraham Lincoln Hillary Clinton,0
Ronald Reagan,432,Abraham Lincoln Joe Biden,0
Ronald Reagan,432,Abraham Lincoln Richard Nixon,0
Ronald Reagan,432,Barack Obama Bernie Sanders,1
Ronald Reagan,432,Barack Obama Donald Trump,1
Ronald Reagan,432,Barack Obama Elizabeth Warren,0
Ronald Reagan,432,Barack Obama George W. Bush,0
Ronald Reagan,432,Barack Obama Hillary Clinton,0
Ronald Reagan,432,Barack Obama Joe Biden,0
Ronald Reagan,432,Bernie Sanders Donald Trump,0
Ronald Reagan,432,Bernie Sanders Elizabeth Warren,0
Ronald Reagan,432,Bernie Sanders George W. Bush,0
Ronald Reagan,432,Bernie Sanders Hillary Clinton,1
Ronald Reagan,432,Bernie Sanders Joe Biden,0
Ronald Reagan,432,Bernie Sanders Richard Nixon,0
Ronald Reagan,432,Donald Trump Elizabeth Warren,0
Ronald Reagan,432,Donald Trump George W. Bush,0
Ronald Reagan,432,Donald Trump Hillary Clinton,0
Ronald Reagan,432,Donald Trump Joe Biden,0
Ronald Reagan,432,Donald Trump Richard Nixon,0
Ronald Reagan,432,Elizabeth Warren George W. Bush,0
Ronald Reagan,432,Elizabeth Warren Hillary Clinton,0
Ronald Reagan,432,Elizabeth Warren Joe Biden,0
Ronald Reagan,432,Elizabeth Warren Richard Nixon,0
Ronald Reagan,432,George W. Bush Hillary Clinton,0
Ronald Reagan,432,George W. Bush Joe Biden,0
Ronald Reagan,432,George W. Bush Richard Nixon,0
Ronald Reagan,432,Hillary Clinton Joe Biden,0
Ronald Reagan,432,Hillary Clinton Richard Nixon,0
Ronald Reagan,432,Joe Biden Richard Nixon,0
Bernie Sanders,433,Abraham Lincoln Barack Obama,0
Bernie Sanders,433,Abraham Lincoln Elizabeth Warren,0
Bernie Sanders,433,Abraham Lincoln George W. Bush,0
Bernie Sanders,433,Abraham Lincoln Hillary Clinton,0
Bernie Sanders,433,Abraham Lincoln Joe Biden,0
Bernie Sanders,433,Abraham Lincoln Richard Nixon,0
Bernie Sanders,433,Abraham Lincoln Ronald Reagan,0
Bernie Sanders,433,Barack Obama Donald Trump,0
Bernie Sanders,433,Barack Obama Elizabeth Warren,0
Bernie Sanders,433,Barack Obama George W. Bush,0
Bernie Sanders,433,Barack Obama Hillary Clinton,0
Bernie Sanders,433,Barack Obama Joe Biden,0
Bernie Sanders,433,Barack Obama Richard Nixon,0
Bernie Sanders,433,Barack Obama Ronald Reagan,0
Bernie Sanders,433,Donald Trump Elizabeth Warren,0
Bernie Sanders,433,Donald Trump George W. Bush,0
Bernie Sanders,433,Donald Trump Hillary Clinton,0
Bernie Sanders,433,Donald Trump Joe Biden,0
Bernie Sanders,433,Donald Trump Richard Nixon,0
Bernie Sanders,433,Donald Trump Ronald Reagan,1
Bernie Sanders,433,Elizabeth Warren George W. Bush,0
Bernie Sanders,433,Elizabeth Warren Hillary Clinton,0
Bernie Sanders,433,Elizabeth Warren Joe Biden,0
Bernie Sanders,433,Elizabeth Warren Richard Nixon,0
Bernie Sanders,433,Elizabeth Warren Ronald Reagan,0
Bernie Sanders,433,George W. Bush Hillary Clinton,0
Bernie Sanders,433,George W. Bush Joe Biden,0
Bernie Sanders,433,George W. Bush Richard Nixon,0
Bernie Sanders,433,George W. Bush Ronald Reagan,1
Bernie Sanders,433,Hillary Clinton Joe Biden,0
Bernie Sanders,433,Hillary Clinton Richard Nixon,0
Bernie Sanders,433,Hillary Clinton Ronald Reagan,0
Bernie Sanders,433,Joe Biden Richard Nixon,0
Bernie Sanders,433,Joe Biden Ronald Reagan,0
Bernie Sanders,433,Richard Nixon Ronald Reagan,0
Ronald Reagan,434,Abraham Lincoln Barack Obama,0
Ronald Reagan,434,Abraham Lincoln Bernie Sanders,0
Ronald Reagan,434,Abraham Lincoln Donald Trump,0
Ronald Reagan,434,Abraham Lincoln Elizabeth Warren,0
Ronald Reagan,434,Abraham Lincoln George W. Bush,0
Ronald Reagan,434,Abraham Lincoln Hillary Clinton,0
Ronald Reagan,434,Abraham Lincoln Joe Biden,0
Ronald Reagan,434,Abraham Lincoln Richard Nixon,1
Ronald Reagan,434,Barack Obama Bernie Sanders,0
Ronald Reagan,434,Barack Obama Donald Trump,1
Ronald Reagan,434,Barack Obama Elizabeth Warren,0
Ronald Reagan,434,Barack Obama George W. Bush,0
Ronald Reagan,434,Barack Obama Hillary Clinton,0
Ronald Reagan,434,Barack Obama Joe Biden,0
Ronald Reagan,434,Barack Obama Richard Nixon,1
Ronald Reagan,434,Bernie Sanders Donald Trump,0
Ronald Reagan,434,Bernie Sanders Elizabeth Warren,0
Ronald Reagan,434,Bernie Sanders George W. Bush,0
Ronald Reagan,434,Bernie Sanders Hillary Clinton,0
Ronald Reagan,434,Bernie Sanders Joe Biden,0
Ronald Reagan,434,Bernie Sanders Richard Nixon,0
Ronald Reagan,434,Donald Trump Elizabeth Warren,0
Ronald Reagan,434,Donald Trump George W. Bush,0
Ronald Reagan,434,Donald Trump Hillary Clinton,0
Ronald Reagan,434,Donald Trump Joe Biden,0
Ronald Reagan,434,Donald Trump Richard Nixon,0
Ronald Reagan,434,Elizabeth Warren George W. Bush,1
Ronald Reagan,434,Elizabeth Warren Hillary Clinton,0
Ronald Reagan,434,Elizabeth Warren Joe Biden,0
Ronald Reagan,434,Elizabeth Warren Richard Nixon,0
Ronald Reagan,434,George W. Bush Hillary Clinton,0
Ronald Reagan,434,George W. Bush Joe Biden,0
Ronald Reagan,434,George W. Bush Richard Nixon,0
Ronald Reagan,434,Hillary Clinton Joe Biden,0
Ronald Reagan,434,Hillary Clinton Richard Nixon,0
Ronald Reagan,434,Joe Biden Richard Nixon,0
Abraham Lincoln,435,Barack Obama Bernie Sanders,1
Abraham Lincoln,435,Barack Obama Donald Trump,0
Abraham Lincoln,435,Barack Obama Elizabeth Warren,1
Abraham Lincoln,435,Barack Obama George W. Bush,0
Abraham Lincoln,435,Barack Obama Hillary Clinton,0
Abraham Lincoln,435,Barack Obama Joe Biden,0
Abraham Lincoln,435,Barack Obama Richard Nixon,0
Abraham Lincoln,435,Barack Obama Ronald Reagan,0
Abraham Lincoln,435,Bernie Sanders Donald Trump,0
Abraham Lincoln,435,Bernie Sanders Elizabeth Warren,0
Abraham Lincoln,435,Bernie Sanders George W. Bush,0
Abraham Lincoln,435,Bernie Sanders Hillary Clinton,0
Abraham Lincoln,435,Bernie Sanders Joe Biden,0
Abraham Lincoln,435,Bernie Sanders Richard Nixon,0
Abraham Lincoln,435,Bernie Sanders Ronald Reagan,0
Abraham Lincoln,435,Donald Trump Elizabeth Warren,0
Abraham Lincoln,435,Donald Trump Hillary Clinton,0
Abraham Lincoln,435,Donald Trump Joe Biden,0
Abraham Lincoln,435,Donald Trump Richard Nixon,0
Abraham Lincoln,435,Donald Trump Ronald Reagan,0
Abraham Lincoln,435,Elizabeth Warren George W. Bush,0
Abraham Lincoln,435,Elizabeth Warren Hillary Clinton,0
Abraham Lincoln,435,Elizabeth Warren Joe Biden,0
Abraham Lincoln,435,Elizabeth Warren Richard Nixon,0
Abraham Lincoln,435,Elizabeth Warren Ronald Reagan,0
Abraham Lincoln,435,George W. Bush Joe Biden,0
Abraham Lincoln,435,George W. Bush Ronald Reagan,1
Abraham Lincoln,435,Hillary Clinton Joe Biden,0
Abraham Lincoln,435,Hillary Clinton Richard Nixon,0
Abraham Lincoln,435,Hillary Clinton Ronald Reagan,0
Abraham Lincoln,435,Joe Biden Richard Nixon,0
Abraham Lincoln,435,Joe Biden Ronald Reagan,0
Abraham Lincoln,435,Richard Nixon Ronald Reagan,0
Joe Biden,436,Abraham Lincoln Barack Obama,0
Joe Biden,436,Abraham Lincoln Bernie Sanders,0
Joe Biden,436,Abraham Lincoln Donald Trump,0
Joe Biden,436,Abraham Lincoln Elizabeth Warren,0
Joe Biden,436,Abraham Lincoln George W. Bush,0
Joe Biden,436,Abraham Lincoln Hillary Clinton,0
Joe Biden,436,Abraham Lincoln Richard Nixon,0
Joe Biden,436,Abraham Lincoln Ronald Reagan,0
Joe Biden,436,Barack Obama Bernie Sanders,0
Joe Biden,436,Barack Obama Donald Trump,0
Joe Biden,436,Barack Obama Elizabeth Warren,0
Joe Biden,436,Barack Obama George W. Bush,0
Joe Biden,436,Barack Obama Hillary Clinton,0
Joe Biden,436,Barack Obama Ronald Reagan,0
Joe Biden,436,Bernie Sanders Donald Trump,0
Joe Biden,436,Bernie Sanders Elizabeth Warren,0
Joe Biden,436,Bernie Sanders George W. Bush,0
Joe Biden,436,Bernie Sanders Hillary Clinton,0
Joe Biden,436,Bernie Sanders Richard Nixon,0
Joe Biden,436,Bernie Sanders Ronald Reagan,0
Joe Biden,436,Donald Trump Elizabeth Warren,0
Joe Biden,436,Donald Trump George W. Bush,0
Joe Biden,436,Donald Trump Hillary Clinton,0
Joe Biden,436,Donald Trump Richard Nixon,0
Joe Biden,436,Donald Trump Ronald Reagan,0
Joe Biden,436,Elizabeth Warren George W. Bush,0
Joe Biden,436,Elizabeth Warren Hillary Clinton,0
Joe Biden,436,Elizabeth Warren Richard Nixon,0
Joe Biden,436,Elizabeth Warren Ronald Reagan,0
Joe Biden,436,George W. Bush Richard Nixon,0
Joe Biden,436,George W. Bush Ronald Reagan,0
Joe Biden,436,Hillary Clinton Richard Nixon,0
Joe Biden,436,Hillary Clinton Ronald Reagan,0
Joe Biden,436,Richard Nixon Ronald Reagan,0
Elizabeth Warren,437,Abraham Lincoln Barack Obama,0
Elizabeth Warren,437,Abraham Lincoln Bernie Sanders,0
Elizabeth Warren,437,Abraham Lincoln Donald Trump,0
Elizabeth Warren,437,Abraham Lincoln George W. Bush,0
Elizabeth Warren,437,Abraham Lincoln Hillary Clinton,0
Elizabeth Warren,437,Abraham Lincoln Joe Biden,0
Elizabeth Warren,437,Abraham Lincoln Richard Nixon,0
Elizabeth Warren,437,Abraham Lincoln Ronald Reagan,0
Elizabeth Warren,437,Barack Obama Bernie Sanders,0
Elizabeth Warren,437,Barack Obama Donald Trump,0
Elizabeth Warren,437,Barack Obama George W. Bush,0
Elizabeth Warren,437,Barack Obama Hillary Clinton,1
Elizabeth Warren,437,Barack Obama Richard Nixon,0
Elizabeth Warren,437,Barack Obama Ronald Reagan,0
Elizabeth Warren,437,Bernie Sanders Donald Trump,0
Elizabeth Warren,437,Bernie Sanders George W. Bush,0
Elizabeth Warren,437,Bernie Sanders Hillary Clinton,0
Elizabeth Warren,437,Bernie Sanders Joe Biden,0
Elizabeth Warren,437,Bernie Sanders Richard Nixon,1
Elizabeth Warren,437,Bernie Sanders Ronald Reagan,0
Elizabeth Warren,437,Donald Trump George W. Bush,0
Elizabeth Warren,437,Donald Trump Hillary Clinton,0
Elizabeth Warren,437,Donald Trump Joe Biden,0
Elizabeth Warren,437,Donald Trump Ronald Reagan,0
Elizabeth Warren,437,George W. Bush Hillary Clinton,0
Elizabeth Warren,437,George W. Bush Joe Biden,0
Elizabeth Warren,437,George W. Bush Richard Nixon,0
Elizabeth Warren,437,George W. Bush Ronald Reagan,0
Elizabeth Warren,437,Hillary Clinton Joe Biden,0
Elizabeth Warren,437,Hillary Clinton Richard Nixon,1
Elizabeth Warren,437,Hillary Clinton Ronald Reagan,0
Elizabeth Warren,437,Joe Biden Richard Nixon,0
Elizabeth Warren,437,Joe Biden Ronald Reagan,0
Elizabeth Warren,437,Richard Nixon Ronald Reagan,0
Donald Trump,438,Abraham Lincoln Bernie Sanders,0
Donald Trump,438,Abraham Lincoln George W. Bush,0
Donald Trump,438,Abraham Lincoln Hillary Clinton,0
Donald Trump,438,Abraham Lincoln Joe Biden,0
Donald Trump,438,Abraham Lincoln Richard Nixon,0
Donald Trump,438,Abraham Lincoln Ronald Reagan,0
Donald Trump,438,Barack Obama Bernie Sanders,0
Donald Trump,438,Barack Obama Elizabeth Warren,0
Donald Trump,438,Barack Obama George W. Bush,0
Donald Trump,438,Barack Obama Hillary Clinton,0
Donald Trump,438,Barack Obama Joe Biden,0
Donald Trump,438,Barack Obama Richard Nixon,0
Donald Trump,438,Barack Obama Ronald Reagan,0
Donald Trump,438,Bernie Sanders Elizabeth Warren,0
Donald Trump,438,Bernie Sanders George W. Bush,0
Donald Trump,438,Bernie Sanders Hillary Clinton,0
Donald Trump,438,Bernie Sanders Joe Biden,0
Donald Trump,438,Bernie Sanders Richard Nixon,0
Donald Trump,438,Bernie Sanders Ronald Reagan,1
Donald Trump,438,Elizabeth Warren George W. Bush,0
Donald Trump,438,Elizabeth Warren Hillary Clinton,0
Donald Trump,438,Elizabeth Warren Joe Biden,0
Donald Trump,438,Elizabeth Warren Richard Nixon,0
Donald Trump,438,Elizabeth Warren Ronald Reagan,0
Donald Trump,438,George W. Bush Hillary Clinton,0
Donald Trump,438,George W. Bush Joe Biden,0
Donald Trump,438,George W. Bush Richard Nixon,0
Donald Trump,438,George W. Bush Ronald Reagan,0
Donald Trump,438,Hillary Clinton Richard Nixon,1
Donald Trump,438,Hillary Clinton Ronald Reagan,1
Donald Trump,438,Joe Biden Richard Nixon,1
Donald Trump,438,Joe Biden Ronald Reagan,0
Donald Trump,438,Richard Nixon Ronald Reagan,0
Joe Biden,439,Abraham Lincoln Barack Obama,0
Joe Biden,439,Abraham Lincoln Bernie Sanders,0
Joe Biden,439,Abraham Lincoln Donald Trump,0
Joe Biden,439,Abraham Lincoln Elizabeth Warren,0
Joe Biden,439,Abraham Lincoln Hillary Clinton,0
Joe Biden,439,Abraham Lincoln Richard Nixon,0
Joe Biden,439,Abraham Lincoln Ronald Reagan,0
Joe Biden,439,Barack Obama Elizabeth Warren,0
Joe Biden,439,Barack Obama George W. Bush,0
Joe Biden,439,Barack Obama Hillary Clinton,0
Joe Biden,439,Barack Obama Richard Nixon,0
Joe Biden,439,Barack Obama Ronald Reagan,0
Joe Biden,439,Bernie Sanders Donald Trump,0
Joe Biden,439,Bernie Sanders Elizabeth Warren,0
Joe Biden,439,Bernie Sanders George W. Bush,0
Joe Biden,439,Bernie Sanders Hillary Clinton,0
Joe Biden,439,Bernie Sanders Richard Nixon,0
Joe Biden,439,Bernie Sanders Ronald Reagan,0
Joe Biden,439,Donald Trump Elizabeth Warren,0
Joe Biden,439,Donald Trump George W. Bush,0
Joe Biden,439,Donald Trump Hillary Clinton,0
Joe Biden,439,Donald Trump Richard Nixon,0
Joe Biden,439,Donald Trump Ronald Reagan,0
Joe Biden,439,Elizabeth Warren George W. Bush,0
Joe Biden,439,Elizabeth Warren Hillary Clinton,0
Joe Biden,439,Elizabeth Warren Richard Nixon,0
Joe Biden,439,Elizabeth Warren Ronald Reagan,0
Joe Biden,439,George W. Bush Hillary Clinton,0
Joe Biden,439,George W. Bush Richard Nixon,0
Joe Biden,439,George W. Bush Ronald Reagan,0
Joe Biden,439,Hillary Clinton Richard Nixon,0
Joe Biden,439,Hillary Clinton Ronald Reagan,0
Joe Biden,439,Richard Nixon Ronald Reagan,0
Hillary Clinton,440,Abraham Lincoln Barack Obama,0
Hillary Clinton,440,Abraham Lincoln Bernie Sanders,0
Hillary Clinton,440,Abraham Lincoln Donald Trump,0
Hillary Clinton,440,Abraham Lincoln Elizabeth Warren,0
Hillary Clinton,440,Abraham Lincoln George W. Bush,0
Hillary Clinton,440,Abraham Lincoln Joe Biden,0
Hillary Clinton,440,Abraham Lincoln Richard Nixon,0
Hillary Clinton,440,Abraham Lincoln Ronald Reagan,0
Hillary Clinton,440,Barack Obama Bernie Sanders,0
Hillary Clinton,440,Barack Obama Donald Trump,0
Hillary Clinton,440,Barack Obama Elizabeth Warren,0
Hillary Clinton,440,Barack Obama George W. Bush,0
Hillary Clinton,440,Barack Obama Joe Biden,0
Hillary Clinton,440,Barack Obama Ronald Reagan,0
Hillary Clinton,440,Bernie Sanders Donald Trump,0
Hillary Clinton,440,Bernie Sanders Elizabeth Warren,0
Hillary Clinton,440,Bernie Sanders George W. Bush,0
Hillary Clinton,440,Bernie Sanders Joe Biden,1
Hillary Clinton,440,Bernie Sanders Richard Nixon,0
Hillary Clinton,440,Bernie Sanders Ronald Reagan,0
Hillary Clinton,440,Donald Trump Elizabeth Warren,0
Hillary Clinton,440,Donald Trump George W. Bush,0
Hillary Clinton,440,Donald Trump Joe Biden,1
Hillary Clinton,440,Donald Trump Richard Nixon,0
Hillary Clinton,440,Donald Trump Ronald Reagan,0
Hillary Clinton,440,Elizabeth Warren George W. Bush,0
Hillary Clinton,440,Elizabeth Warren Joe Biden,0
Hillary Clinton,440,Elizabeth Warren Richard Nixon,0
Hillary Clinton,440,Elizabeth Warren Ronald Reagan,0
Hillary Clinton,440,George W. Bush Joe Biden,0
Hillary Clinton,440,George W. Bush Richard Nixon,1
Hillary Clinton,440,George W. Bush Ronald Reagan,0
Hillary Clinton,440,Joe Biden Richard Nixon,0
Hillary Clinton,440,Joe Biden Ronald Reagan,0
Hillary Clinton,440,Richard Nixon Ronald Reagan,0
Barack Obama,441,Abraham Lincoln Bernie Sanders,0
Barack Obama,441,Abraham Lincoln Donald Trump,0
Barack Obama,441,Abraham Lincoln Elizabeth Warren,0
Barack Obama,441,Abraham Lincoln George W. Bush,0
Barack Obama,441,Abraham Lincoln Hillary Clinton,0
Barack Obama,441,Abraham Lincoln Joe Biden,0
Barack Obama,441,Abraham Lincoln Richard Nixon,0
Barack Obama,441,Abraham Lincoln Ronald Reagan,0
Barack Obama,441,Bernie Sanders Donald Trump,0
Barack Obama,441,Bernie Sanders Elizabeth Warren,0
Barack Obama,441,Bernie Sanders George W. Bush,0
Barack Obama,441,Bernie Sanders Hillary Clinton,0
Barack Obama,441,Bernie Sanders Joe Biden,0
Barack Obama,441,Bernie Sanders Richard Nixon,0
Barack Obama,441,Bernie Sanders Ronald Reagan,0
Barack Obama,441,Donald Trump Elizabeth Warren,0
Barack Obama,441,Donald Trump George W. Bush,0
Barack Obama,441,Donald Trump Hillary Clinton,0
Barack Obama,441,Donald Trump Richard Nixon,0
Barack Obama,441,Donald Trump Ronald Reagan,0
Barack Obama,441,Elizabeth Warren George W. Bush,0
Barack Obama,441,Elizabeth Warren Hillary Clinton,0
Barack Obama,441,Elizabeth Warren Joe Biden,0
Barack Obama,441,Elizabeth Warren Richard Nixon,0
Barack Obama,441,Elizabeth Warren Ronald Reagan,0
Barack Obama,441,George W. Bush Joe Biden,0
Barack Obama,441,George W. Bush Richard Nixon,0
Barack Obama,441,George W. Bush Ronald Reagan,0
Barack Obama,441,Hillary Clinton Joe Biden,0
Barack Obama,441,Hillary Clinton Richard Nixon,0
Barack Obama,441,Hillary Clinton Ronald Reagan,0
Barack Obama,441,Joe Biden Richard Nixon,0
Barack Obama,441,Joe Biden Ronald Reagan,1
Barack Obama,441,Richard Nixon Ronald Reagan,0
Abraham Lincoln,442,Barack Obama Bernie Sanders,0
Abraham Lincoln,442,Barack Obama Donald Trump,0
Abraham Lincoln,442,Barack Obama Elizabeth Warren,0
Abraham Lincoln,442,Barack Obama George W. Bush,0
Abraham Lincoln,442,Barack Obama Hillary Clinton,0
Abraham Lincoln,442,Barack Obama Joe Biden,1
Abraham Lincoln,442,Barack Obama Richard Nixon,0
Abraham Lincoln,442,Barack Obama Ronald Reagan,0
Abraham Lincoln,442,Bernie Sanders Donald Trump,0
Abraham Lincoln,442,Bernie Sanders Elizabeth Warren,0
Abraham Lincoln,442,Bernie Sanders George W. Bush,0
Abraham Lincoln,442,Bernie Sanders Hillary Clinton,0
Abraham Lincoln,442,Bernie Sanders Joe Biden,0
Abraham Lincoln,442,Bernie Sanders Richard Nixon,0
Abraham Lincoln,442,Bernie Sanders Ronald Reagan,0
Abraham Lincoln,442,Donald Trump Elizabeth Warren,0
Abraham Lincoln,442,Donald Trump George W. Bush,0
Abraham Lincoln,442,Donald Trump Joe Biden,0
Abraham Lincoln,442,Donald Trump Richard Nixon,0
Abraham Lincoln,442,Donald Trump Ronald Reagan,0
Abraham Lincoln,442,Elizabeth Warren George W. Bush,0
Abraham Lincoln,442,Elizabeth Warren Hillary Clinton,0
Abraham Lincoln,442,Elizabeth Warren Joe Biden,0
Abraham Lincoln,442,Elizabeth Warren Richard Nixon,0
Abraham Lincoln,442,Elizabeth Warren Ronald Reagan,0
Abraham Lincoln,442,George W. Bush Hillary Clinton,0
Abraham Lincoln,442,George W. Bush Joe Biden,0
Abraham Lincoln,442,George W. Bush Ronald Reagan,1
Abraham Lincoln,442,Hillary Clinton Joe Biden,0
Abraham Lincoln,442,Hillary Clinton Richard Nixon,0
Abraham Lincoln,442,Hillary Clinton Ronald Reagan,0
Abraham Lincoln,442,Joe Biden Richard Nixon,0
Abraham Lincoln,442,Joe Biden Ronald Reagan,0
Abraham Lincoln,442,Richard Nixon Ronald Reagan,0
Donald Trump,443,Abraham Lincoln Barack Obama,0
Donald Trump,443,Abraham Lincoln Bernie Sanders,0
Donald Trump,443,Abraham Lincoln Elizabeth Warren,0
Donald Trump,443,Abraham Lincoln George W. Bush,1
Donald Trump,443,Abraham Lincoln Hillary Clinton,0
Donald Trump,443,Abraham Lincoln Joe Biden,0
Donald Trump,443,Abraham Lincoln Richard Nixon,0
Donald Trump,443,Abraham Lincoln Ronald Reagan,0
Donald Trump,443,Barack Obama Bernie Sanders,0
Donald Trump,443,Barack Obama Elizabeth Warren,0
Donald Trump,443,Barack Obama George W. Bush,0
Donald Trump,443,Barack Obama Hillary Clinton,1
Donald Trump,443,Barack Obama Joe Biden,0
Donald Trump,443,Barack Obama Richard Nixon,0
Donald Trump,443,Barack Obama Ronald Reagan,0
Donald Trump,443,Bernie Sanders Elizabeth Warren,0
Donald Trump,443,Bernie Sanders George W. Bush,0
Donald Trump,443,Bernie Sanders Hillary Clinton,0
Donald Trump,443,Bernie Sanders Joe Biden,0
Donald Trump,443,Bernie Sanders Richard Nixon,0
Donald Trump,443,Bernie Sanders Ronald Reagan,0
Donald Trump,443,Elizabeth Warren George W. Bush,0
Donald Trump,443,Elizabeth Warren Hillary Clinton,0
Donald Trump,443,Elizabeth Warren Joe Biden,0
Donald Trump,443,Elizabeth Warren Richard Nixon,0
Donald Trump,443,Elizabeth Warren Ronald Reagan,0
Donald Trump,443,George W. Bush Hillary Clinton,0
Donald Trump,443,George W. Bush Joe Biden,0
Donald Trump,443,George W. Bush Richard Nixon,1
Donald Trump,443,George W. Bush Ronald Reagan,0
Donald Trump,443,Hillary Clinton Joe Biden,0
Donald Trump,443,Hillary Clinton Richard Nixon,0
Donald Trump,443,Hillary Clinton Ronald Reagan,0
Donald Trump,443,Joe Biden Richard Nixon,0
Donald Trump,443,Joe Biden Ronald Reagan,0
Donald Trump,443,Richard Nixon Ronald Reagan,0
Joe Biden,444,Abraham Lincoln Barack Obama,0
Joe Biden,444,Abraham Lincoln Bernie Sanders,0
Joe Biden,444,Abraham Lincoln Donald Trump,0
Joe Biden,444,Abraham Lincoln Elizabeth Warren,0
Joe Biden,444,Abraham Lincoln George W. Bush,0
Joe Biden,444,Abraham Lincoln Hillary Clinton,0
Joe Biden,444,Abraham Lincoln Richard Nixon,0
Joe Biden,444,Abraham Lincoln Ronald Reagan,0
Joe Biden,444,Barack Obama Bernie Sanders,0
Joe Biden,444,Barack Obama Donald Trump,0
Joe Biden,444,Barack Obama Elizabeth Warren,0
Joe Biden,444,Barack Obama George W. Bush,0
Joe Biden,444,Barack Obama Hillary Clinton,0
Joe Biden,444,Barack Obama Richard Nixon,0
Joe Biden,444,Barack Obama Ronald Reagan,0
Joe Biden,444,Bernie Sanders Donald Trump,0
Joe Biden,444,Bernie Sanders Elizabeth Warren,0
Joe Biden,444,Bernie Sanders Hillary Clinton,0
Joe Biden,444,Bernie Sanders Richard Nixon,1
Joe Biden,444,Bernie Sanders Ronald Reagan,0
Joe Biden,444,Donald Trump George W. Bush,0
Joe Biden,444,Donald Trump Hillary Clinton,0
Joe Biden,444,Donald Trump Richard Nixon,0
Joe Biden,444,Donald Trump Ronald Reagan,0
Joe Biden,444,Elizabeth Warren George W. Bush,0
Joe Biden,444,Elizabeth Warren Hillary Clinton,0
Joe Biden,444,Elizabeth Warren Richard Nixon,0
Joe Biden,444,Elizabeth Warren Ronald Reagan,0
Joe Biden,444,George W. Bush Hillary Clinton,0
Joe Biden,444,George W. Bush Richard Nixon,0
Joe Biden,444,George W. Bush Ronald Reagan,0
Joe Biden,444,Hillary Clinton Richard Nixon,0
Joe Biden,444,Hillary Clinton Ronald Reagan,0
Joe Biden,444,Richard Nixon Ronald Reagan,0
Barack Obama,445,Abraham Lincoln Bernie Sanders,0
Barack Obama,445,Abraham Lincoln Donald Trump,0
Barack Obama,445,Abraham Lincoln Elizabeth Warren,0
Barack Obama,445,Abraham Lincoln George W. Bush,0
Barack Obama,445,Abraham Lincoln Hillary Clinton,0
Barack Obama,445,Abraham Lincoln Joe Biden,0
Barack Obama,445,Abraham Lincoln Richard Nixon,0
Barack Obama,445,Abraham Lincoln Ronald Reagan,0
Barack Obama,445,Bernie Sanders Donald Trump,0
Barack Obama,445,Bernie Sanders Elizabeth Warren,0
Barack Obama,445,Bernie Sanders George W. Bush,0
Barack Obama,445,Bernie Sanders Hillary Clinton,0
Barack Obama,445,Bernie Sanders Joe Biden,0
Barack Obama,445,Bernie Sanders Richard Nixon,0
Barack Obama,445,Bernie Sanders Ronald Reagan,0
Barack Obama,445,Donald Trump Elizabeth Warren,0
Barack Obama,445,Donald Trump George W. Bush,1
Barack Obama,445,Donald Trump Hillary Clinton,0
Barack Obama,445,Donald Trump Joe Biden,0
Barack Obama,445,Donald Trump Richard Nixon,0
Barack Obama,445,Donald Trump Ronald Reagan,0
Barack Obama,445,Elizabeth Warren George W. Bush,0
Barack Obama,445,Elizabeth Warren Hillary Clinton,0
Barack Obama,445,Elizabeth Warren Richard Nixon,0
Barack Obama,445,Elizabeth Warren Ronald Reagan,0
Barack Obama,445,George W. Bush Joe Biden,0
Barack Obama,445,George W. Bush Richard Nixon,0
Barack Obama,445,George W. Bush Ronald Reagan,0
Barack Obama,445,Hillary Clinton Joe Biden,0
Barack Obama,445,Hillary Clinton Richard Nixon,0
Barack Obama,445,Hillary Clinton Ronald Reagan,0
Barack Obama,445,Joe Biden Richard Nixon,0
Barack Obama,445,Joe Biden Ronald Reagan,0
Barack Obama,445,Richard Nixon Ronald Reagan,0
Bernie Sanders,446,Abraham Lincoln Barack Obama,0
Bernie Sanders,446,Abraham Lincoln Donald Trump,0
Bernie Sanders,446,Abraham Lincoln Elizabeth Warren,0
Bernie Sanders,446,Abraham Lincoln George W. Bush,0
Bernie Sanders,446,Abraham Lincoln Hillary Clinton,0
Bernie Sanders,446,Abraham Lincoln Joe Biden,0
Bernie Sanders,446,Abraham Lincoln Richard Nixon,0
Bernie Sanders,446,Abraham Lincoln Ronald Reagan,0
Bernie Sanders,446,Barack Obama Donald Trump,0
Bernie Sanders,446,Barack Obama Elizabeth Warren,0
Bernie Sanders,446,Barack Obama George W. Bush,0
Bernie Sanders,446,Barack Obama Hillary Clinton,0
Bernie Sanders,446,Barack Obama Joe Biden,0
Bernie Sanders,446,Barack Obama Ronald Reagan,0
Bernie Sanders,446,Donald Trump Elizabeth Warren,0
Bernie Sanders,446,Donald Trump George W. Bush,0
Bernie Sanders,446,Donald Trump Hillary Clinton,0
Bernie Sanders,446,Donald Trump Joe Biden,0
Bernie Sanders,446,Donald Trump Richard Nixon,0
Bernie Sanders,446,Donald Trump Ronald Reagan,0
Bernie Sanders,446,Elizabeth Warren George W. Bush,0
Bernie Sanders,446,Elizabeth Warren Hillary Clinton,0
Bernie Sanders,446,Elizabeth Warren Joe Biden,0
Bernie Sanders,446,Elizabeth Warren Richard Nixon,0
Bernie Sanders,446,Elizabeth Warren Ronald Reagan,0
Bernie Sanders,446,George W. Bush Hillary Clinton,0
Bernie Sanders,446,George W. Bush Joe Biden,1
Bernie Sanders,446,George W. Bush Richard Nixon,0
Bernie Sanders,446,George W. Bush Ronald Reagan,0
Bernie Sanders,446,Hillary Clinton Richard Nixon,0
Bernie Sanders,446,Hillary Clinton Ronald Reagan,0
Bernie Sanders,446,Joe Biden Richard Nixon,0
Bernie Sanders,446,Joe Biden Ronald Reagan,0
Bernie Sanders,446,Richard Nixon Ronald Reagan,0
Abraham Lincoln,447,Barack Obama Bernie Sanders,0
Abraham Lincoln,447,Barack Obama Donald Trump,0
Abraham Lincoln,447,Barack Obama Elizabeth Warren,0
Abraham Lincoln,447,Barack Obama George W. Bush,0
Abraham Lincoln,447,Barack Obama Hillary Clinton,0
Abraham Lincoln,447,Barack Obama Joe Biden,0
Abraham Lincoln,447,Barack Obama Richard Nixon,1
Abraham Lincoln,447,Barack Obama Ronald Reagan,0
Abraham Lincoln,447,Bernie Sanders Donald Trump,0
Abraham Lincoln,447,Bernie Sanders Elizabeth Warren,0
Abraham Lincoln,447,Bernie Sanders George W. Bush,0
Abraham Lincoln,447,Bernie Sanders Hillary Clinton,0
Abraham Lincoln,447,Bernie Sanders Joe Biden,0
Abraham Lincoln,447,Bernie Sanders Ronald Reagan,0
Abraham Lincoln,447,Donald Trump Elizabeth Warren,0
Abraham Lincoln,447,Donald Trump George W. Bush,0
Abraham Lincoln,447,Donald Trump Hillary Clinton,0
Abraham Lincoln,447,Donald Trump Joe Biden,0
Abraham Lincoln,447,Donald Trump Ronald Reagan,0
Abraham Lincoln,447,Elizabeth Warren George W. Bush,0
Abraham Lincoln,447,Elizabeth Warren Hillary Clinton,0
Abraham Lincoln,447,Elizabeth Warren Joe Biden,0
Abraham Lincoln,447,Elizabeth Warren Richard Nixon,0
Abraham Lincoln,447,Elizabeth Warren Ronald Reagan,0
Abraham Lincoln,447,George W. Bush Hillary Clinton,0
Abraham Lincoln,447,George W. Bush Joe Biden,0
Abraham Lincoln,447,George W. Bush Richard Nixon,0
Abraham Lincoln,447,George W. Bush Ronald Reagan,0
Abraham Lincoln,447,Hillary Clinton Joe Biden,0
Abraham Lincoln,447,Hillary Clinton Richard Nixon,0
Abraham Lincoln,447,Hillary Clinton Ronald Reagan,0
Abraham Lincoln,447,Joe Biden Richard Nixon,0
Abraham Lincoln,447,Joe Biden Ronald Reagan,0
Abraham Lincoln,447,Richard Nixon Ronald Reagan,0
Abraham Lincoln,448,Barack Obama Bernie Sanders,1
Abraham Lincoln,448,Barack Obama Elizabeth Warren,0
Abraham Lincoln,448,Barack Obama George W. Bush,0
Abraham Lincoln,448,Barack Obama Joe Biden,0
Abraham Lincoln,448,Barack Obama Richard Nixon,0
Abraham Lincoln,448,Barack Obama Ronald Reagan,0
Abraham Lincoln,448,Bernie Sanders Donald Trump,0
Abraham Lincoln,448,Bernie Sanders Elizabeth Warren,0
Abraham Lincoln,448,Bernie Sanders George W. Bush,0
Abraham Lincoln,448,Bernie Sanders Hillary Clinton,0
Abraham Lincoln,448,Bernie Sanders Joe Biden,0
Abraham Lincoln,448,Bernie Sanders Richard Nixon,0
Abraham Lincoln,448,Donald Trump Elizabeth Warren,0
Abraham Lincoln,448,Donald Trump George W. Bush,0
Abraham Lincoln,448,Donald Trump Hillary Clinton,0
Abraham Lincoln,448,Donald Trump Joe Biden,1
Abraham Lincoln,448,Donald Trump Richard Nixon,0
Abraham Lincoln,448,Donald Trump Ronald Reagan,0
Abraham Lincoln,448,Elizabeth Warren George W. Bush,0
Abraham Lincoln,448,Elizabeth Warren Hillary Clinton,0
Abraham Lincoln,448,Elizabeth Warren Richard Nixon,0
Abraham Lincoln,448,Elizabeth Warren Ronald Reagan,0
Abraham Lincoln,448,George W. Bush Hillary Clinton,0
Abraham Lincoln,448,George W. Bush Joe Biden,0
Abraham Lincoln,448,George W. Bush Richard Nixon,0
Abraham Lincoln,448,George W. Bush Ronald Reagan,0
Abraham Lincoln,448,Hillary Clinton Joe Biden,0
Abraham Lincoln,448,Hillary Clinton Richard Nixon,0
Abraham Lincoln,448,Hillary Clinton Ronald Reagan,0
Abraham Lincoln,448,Joe Biden Richard Nixon,0
Abraham Lincoln,448,Joe Biden Ronald Reagan,0
Abraham Lincoln,448,Richard Nixon Ronald Reagan,0
Bernie Sanders,449,Abraham Lincoln Barack Obama,0
Bernie Sanders,449,Abraham Lincoln Donald Trump,0
Bernie Sanders,449,Abraham Lincoln Elizabeth Warren,1
Bernie Sanders,449,Abraham Lincoln George W. Bush,0
Bernie Sanders,449,Abraham Lincoln Hillary Clinton,0
Bernie Sanders,449,Abraham Lincoln Joe Biden,0
Bernie Sanders,449,Abraham Lincoln Richard Nixon,0
Bernie Sanders,449,Abraham Lincoln Ronald Reagan,0
Bernie Sanders,449,Barack Obama Donald Trump,0
Bernie Sanders,449,Barack Obama Elizabeth Warren,0
Bernie Sanders,449,Barack Obama George W. Bush,0
Bernie Sanders,449,Barack Obama Hillary Clinton,0
Bernie Sanders,449,Barack Obama Joe Biden,0
Bernie Sanders,449,Barack Obama Richard Nixon,0
Bernie Sanders,449,Donald Trump Elizabeth Warren,0
Bernie Sanders,449,Donald Trump George W. Bush,0
Bernie Sanders,449,Donald Trump Hillary Clinton,0
Bernie Sanders,449,Donald Trump Joe Biden,0
Bernie Sanders,449,Donald Trump Ronald Reagan,0
Bernie Sanders,449,Elizabeth Warren George W. Bush,0
Bernie Sanders,449,Elizabeth Warren Hillary Clinton,0
Bernie Sanders,449,Elizabeth Warren Joe Biden,0
Bernie Sanders,449,Elizabeth Warren Richard Nixon,0
Bernie Sanders,449,Elizabeth Warren Ronald Reagan,0
Bernie Sanders,449,George W. Bush Hillary Clinton,0
Bernie Sanders,449,George W. Bush Joe Biden,1
Bernie Sanders,449,George W. Bush Richard Nixon,0
Bernie Sanders,449,George W. Bush Ronald Reagan,0
Bernie Sanders,449,Hillary Clinton Joe Biden,0
Bernie Sanders,449,Hillary Clinton Richard Nixon,0
Bernie Sanders,449,Hillary Clinton Ronald Reagan,0
Bernie Sanders,449,Joe Biden Richard Nixon,0
Bernie Sanders,449,Richard Nixon Ronald Reagan,0
Elizabeth Warren,450,Abraham Lincoln Barack Obama,0
Elizabeth Warren,450,Abraham Lincoln Bernie Sanders,0
Elizabeth Warren,450,Abraham Lincoln Donald Trump,0
Elizabeth Warren,450,Abraham Lincoln George W. Bush,0
Elizabeth Warren,450,Abraham Lincoln Hillary Clinton,0
Elizabeth Warren,450,Abraham Lincoln Joe Biden,0
Elizabeth Warren,450,Abraham Lincoln Richard Nixon,0
Elizabeth Warren,450,Abraham Lincoln Ronald Reagan,1
Elizabeth Warren,450,Barack Obama Bernie Sanders,0
Elizabeth Warren,450,Barack Obama Donald Trump,0
Elizabeth Warren,450,Barack Obama George W. Bush,0
Elizabeth Warren,450,Barack Obama Hillary Clinton,0
Elizabeth Warren,450,Barack Obama Joe Biden,0
Elizabeth Warren,450,Barack Obama Richard Nixon,0
Elizabeth Warren,450,Barack Obama Ronald Reagan,0
Elizabeth Warren,450,Bernie Sanders Donald Trump,0
Elizabeth Warren,450,Bernie Sanders George W. Bush,0
Elizabeth Warren,450,Bernie Sanders Hillary Clinton,0
Elizabeth Warren,450,Bernie Sanders Joe Biden,0
Elizabeth Warren,450,Bernie Sanders Richard Nixon,0
Elizabeth Warren,450,Bernie Sanders Ronald Reagan,0
Elizabeth Warren,450,Donald Trump George W. Bush,0
Elizabeth Warren,450,Donald Trump Hillary Clinton,0
Elizabeth Warren,450,Donald Trump Joe Biden,0
Elizabeth Warren,450,Donald Trump Richard Nixon,0
Elizabeth Warren,450,Donald Trump Ronald Reagan,0
Elizabeth Warren,450,George W. Bush Hillary Clinton,0
Elizabeth Warren,450,George W. Bush Joe Biden,1
Elizabeth Warren,450,George W. Bush Richard Nixon,0
Elizabeth Warren,450,George W. Bush Ronald Reagan,0
Elizabeth Warren,450,Hillary Clinton Joe Biden,0
Elizabeth Warren,450,Hillary Clinton Richard Nixon,0
Elizabeth Warren,450,Hillary Clinton Ronald Reagan,0
Elizabeth Warren,450,Joe Biden Richard Nixon,0
Elizabeth Warren,450,Richard Nixon Ronald Reagan,0
Bernie Sanders,451,Abraham Lincoln Barack Obama,0
Bernie Sanders,451,Abraham Lincoln Donald Trump,0
Bernie Sanders,451,Abraham Lincoln Elizabeth Warren,0
Bernie Sanders,451,Abraham Lincoln George W. Bush,0
Bernie Sanders,451,Abraham Lincoln Hillary Clinton,0
Bernie Sanders,451,Abraham Lincoln Joe Biden,0
Bernie Sanders,451,Abraham Lincoln Richard Nixon,0
Bernie Sanders,451,Abraham Lincoln Ronald Reagan,0
Bernie Sanders,451,Barack Obama Donald Trump,0
Bernie Sanders,451,Barack Obama Elizabeth Warren,0
Bernie Sanders,451,Barack Obama George W. Bush,0
Bernie Sanders,451,Barack Obama Hillary Clinton,1
Bernie Sanders,451,Barack Obama Joe Biden,0
Bernie Sanders,451,Barack Obama Richard Nixon,0
Bernie Sanders,451,Barack Obama Ronald Reagan,0
Bernie Sanders,451,Donald Trump Elizabeth Warren,0
Bernie Sanders,451,Donald Trump George W. Bush,0
Bernie Sanders,451,Donald Trump Hillary Clinton,1
Bernie Sanders,451,Donald Trump Joe Biden,1
Bernie Sanders,451,Donald Trump Richard Nixon,0
Bernie Sanders,451,Donald Trump Ronald Reagan,0
Bernie Sanders,451,Elizabeth Warren George W. Bush,0
Bernie Sanders,451,Elizabeth Warren Hillary Clinton,0
Bernie Sanders,451,Elizabeth Warren Joe Biden,0
Bernie Sanders,451,Elizabeth Warren Richard Nixon,0
Bernie Sanders,451,Elizabeth Warren Ronald Reagan,0
Bernie Sanders,451,George W. Bush Hillary Clinton,0
Bernie Sanders,451,George W. Bush Joe Biden,0
Bernie Sanders,451,George W. Bush Richard Nixon,0
Bernie Sanders,451,George W. Bush Ronald Reagan,0
Bernie Sanders,451,Hillary Clinton Joe Biden,0
Bernie Sanders,451,Hillary Clinton Richard Nixon,0
Bernie Sanders,451,Richard Nixon Ronald Reagan,0
Abraham Lincoln,452,Barack Obama Bernie Sanders,0
Abraham Lincoln,452,Barack Obama Donald Trump,0
Abraham Lincoln,452,Barack Obama Elizabeth Warren,0
Abraham Lincoln,452,Barack Obama George W. Bush,0
Abraham Lincoln,452,Barack Obama Hillary Clinton,0
Abraham Lincoln,452,Barack Obama Joe Biden,0
Abraham Lincoln,452,Barack Obama Richard Nixon,0
Abraham Lincoln,452,Barack Obama Ronald Reagan,0
Abraham Lincoln,452,Bernie Sanders Donald Trump,0
Abraham Lincoln,452,Bernie Sanders Elizabeth Warren,0
Abraham Lincoln,452,Bernie Sanders George W. Bush,0
Abraham Lincoln,452,Bernie Sanders Hillary Clinton,0
Abraham Lincoln,452,Bernie Sanders Joe Biden,0
Abraham Lincoln,452,Bernie Sanders Richard Nixon,0
Abraham Lincoln,452,Bernie Sanders Ronald Reagan,0
Abraham Lincoln,452,Donald Trump Elizabeth Warren,0
Abraham Lincoln,452,Donald Trump George W. Bush,0
Abraham Lincoln,452,Donald Trump Hillary Clinton,0
Abraham Lincoln,452,Donald Trump Joe Biden,0
Abraham Lincoln,452,Donald Trump Richard Nixon,0
Abraham Lincoln,452,Donald Trump Ronald Reagan,0
Abraham Lincoln,452,Elizabeth Warren George W. Bush,0
Abraham Lincoln,452,Elizabeth Warren Hillary Clinton,0
Abraham Lincoln,452,Elizabeth Warren Joe Biden,0
Abraham Lincoln,452,Elizabeth Warren Richard Nixon,0
Abraham Lincoln,452,Elizabeth Warren Ronald Reagan,0
Abraham Lincoln,452,George W. Bush Hillary Clinton,0
Abraham Lincoln,452,George W. Bush Joe Biden,0
Abraham Lincoln,452,George W. Bush Richard Nixon,0
Abraham Lincoln,452,George W. Bush Ronald Reagan,0
Abraham Lincoln,452,Hillary Clinton Joe Biden,0
Abraham Lincoln,452,Hillary Clinton Richard Nixon,0
Abraham Lincoln,452,Hillary Clinton Ronald Reagan,0
Abraham Lincoln,452,Joe Biden Richard Nixon,0
Abraham Lincoln,452,Joe Biden Ronald Reagan,0
Abraham Lincoln,452,Richard Nixon Ronald Reagan,0
Abraham Lincoln,453,Barack Obama Bernie Sanders,0
Abraham Lincoln,453,Barack Obama Donald Trump,0
Abraham Lincoln,453,Barack Obama Elizabeth Warren,0
Abraham Lincoln,453,Barack Obama George W. Bush,0
Abraham Lincoln,453,Barack Obama Richard Nixon,0
Abraham Lincoln,453,Barack Obama Ronald Reagan,0
Abraham Lincoln,453,Bernie Sanders Donald Trump,0
Abraham Lincoln,453,Bernie Sanders Elizabeth Warren,0
Abraham Lincoln,453,Bernie Sanders George W. Bush,0
Abraham Lincoln,453,Bernie Sanders Hillary Clinton,0
Abraham Lincoln,453,Bernie Sanders Joe Biden,0
Abraham Lincoln,453,Bernie Sanders Richard Nixon,0
Abraham Lincoln,453,Bernie Sanders Ronald Reagan,0
Abraham Lincoln,453,Donald Trump Elizabeth Warren,0
Abraham Lincoln,453,Donald Trump George W. Bush,1
Abraham Lincoln,453,Donald Trump Hillary Clinton,0
Abraham Lincoln,453,Donald Trump Richard Nixon,0
Abraham Lincoln,453,Donald Trump Ronald Reagan,0
Abraham Lincoln,453,Elizabeth Warren George W. Bush,0
Abraham Lincoln,453,Elizabeth Warren Hillary Clinton,0
Abraham Lincoln,453,Elizabeth Warren Joe Biden,0
Abraham Lincoln,453,Elizabeth Warren Richard Nixon,0
Abraham Lincoln,453,Elizabeth Warren Ronald Reagan,0
Abraham Lincoln,453,George W. Bush Joe Biden,1
Abraham Lincoln,453,George W. Bush Richard Nixon,0
Abraham Lincoln,453,George W. Bush Ronald Reagan,0
Abraham Lincoln,453,Hillary Clinton Joe Biden,0
Abraham Lincoln,453,Hillary Clinton Richard Nixon,1
Abraham Lincoln,453,Hillary Clinton Ronald Reagan,0
Abraham Lincoln,453,Joe Biden Richard Nixon,0
Abraham Lincoln,453,Joe Biden Ronald Reagan,0
Abraham Lincoln,453,Richard Nixon Ronald Reagan,0
Joe Biden,454,Abraham Lincoln Barack Obama,0
Joe Biden,454,Abraham Lincoln Bernie Sanders,0
Joe Biden,454,Abraham Lincoln Donald Trump,0
Joe Biden,454,Abraham Lincoln Elizabeth Warren,1
Joe Biden,454,Abraham Lincoln George W. Bush,1
Joe Biden,454,Abraham Lincoln Richard Nixon,0
Joe Biden,454,Abraham Lincoln Ronald Reagan,0
Joe Biden,454,Barack Obama Bernie Sanders,0
Joe Biden,454,Barack Obama Donald Trump,0
Joe Biden,454,Barack Obama Elizabeth Warren,0
Joe Biden,454,Barack Obama George W. Bush,0
Joe Biden,454,Barack Obama Hillary Clinton,0
Joe Biden,454,Barack Obama Richard Nixon,0
Joe Biden,454,Barack Obama Ronald Reagan,0
Joe Biden,454,Bernie Sanders Donald Trump,0
Joe Biden,454,Bernie Sanders Elizabeth Warren,0
Joe Biden,454,Bernie Sanders George W. Bush,0
Joe Biden,454,Bernie Sanders Hillary Clinton,0
Joe Biden,454,Bernie Sanders Richard Nixon,0
Joe Biden,454,Bernie Sanders Ronald Reagan,1
Joe Biden,454,Donald Trump Elizabeth Warren,0
Joe Biden,454,Donald Trump George W. Bush,0
Joe Biden,454,Donald Trump Richard Nixon,0
Joe Biden,454,Donald Trump Ronald Reagan,0
Joe Biden,454,Elizabeth Warren George W. Bush,0
Joe Biden,454,Elizabeth Warren Hillary Clinton,0
Joe Biden,454,Elizabeth Warren Richard Nixon,0
Joe Biden,454,Elizabeth Warren Ronald Reagan,0
Joe Biden,454,George W. Bush Hillary Clinton,0
Joe Biden,454,George W. Bush Richard Nixon,1
Joe Biden,454,George W. Bush Ronald Reagan,0
Joe Biden,454,Hillary Clinton Richard Nixon,0
Joe Biden,454,Hillary Clinton Ronald Reagan,1
Joe Biden,454,Richard Nixon Ronald Reagan,0
Ronald Reagan,455,Abraham Lincoln Barack Obama,0
Ronald Reagan,455,Abraham Lincoln Bernie Sanders,0
Ronald Reagan,455,Abraham Lincoln Donald Trump,0
Ronald Reagan,455,Abraham Lincoln Elizabeth Warren,0
Ronald Reagan,455,Abraham Lincoln George W. Bush,0
Ronald Reagan,455,Abraham Lincoln Hillary Clinton,0
Ronald Reagan,455,Abraham Lincoln Joe Biden,0
Ronald Reagan,455,Abraham Lincoln Richard Nixon,0
Ronald Reagan,455,Barack Obama Bernie Sanders,0
Ronald Reagan,455,Barack Obama Donald Trump,0
Ronald Reagan,455,Barack Obama Elizabeth Warren,0
Ronald Reagan,455,Barack Obama George W. Bush,0
Ronald Reagan,455,Barack Obama Hillary Clinton,0
Ronald Reagan,455,Barack Obama Joe Biden,0
Ronald Reagan,455,Barack Obama Richard Nixon,0
Ronald Reagan,455,Bernie Sanders Donald Trump,0
Ronald Reagan,455,Bernie Sanders Elizabeth Warren,0
Ronald Reagan,455,Bernie Sanders George W. Bush,0
Ronald Reagan,455,Bernie Sanders Hillary Clinton,0
Ronald Reagan,455,Bernie Sanders Richard Nixon,0
Ronald Reagan,455,Donald Trump Elizabeth Warren,0
Ronald Reagan,455,Donald Trump George W. Bush,0
Ronald Reagan,455,Donald Trump Joe Biden,0
Ronald Reagan,455,Donald Trump Richard Nixon,0
Ronald Reagan,455,Elizabeth Warren George W. Bush,0
Ronald Reagan,455,Elizabeth Warren Hillary Clinton,0
Ronald Reagan,455,Elizabeth Warren Richard Nixon,0
Ronald Reagan,455,George W. Bush Hillary Clinton,0
Ronald Reagan,455,George W. Bush Joe Biden,0
Ronald Reagan,455,George W. Bush Richard Nixon,0
Ronald Reagan,455,Hillary Clinton Joe Biden,0
Ronald Reagan,455,Hillary Clinton Richard Nixon,0
Ronald Reagan,455,Joe Biden Richard Nixon,0
Barack Obama,456,Abraham Lincoln Bernie Sanders,0
Barack Obama,456,Abraham Lincoln Donald Trump,0
Barack Obama,456,Abraham Lincoln Elizabeth Warren,0
Barack Obama,456,Abraham Lincoln George W. Bush,0
Barack Obama,456,Abraham Lincoln Hillary Clinton,0
Barack Obama,456,Abraham Lincoln Joe Biden,0
Barack Obama,456,Abraham Lincoln Richard Nixon,0
Barack Obama,456,Abraham Lincoln Ronald Reagan,0
Barack Obama,456,Bernie Sanders Donald Trump,0
Barack Obama,456,Bernie Sanders Elizabeth Warren,0
Barack Obama,456,Bernie Sanders George W. Bush,0
Barack Obama,456,Bernie Sanders Hillary Clinton,0
Barack Obama,456,Bernie Sanders Joe Biden,0
Barack Obama,456,Bernie Sanders Richard Nixon,0
Barack Obama,456,Bernie Sanders Ronald Reagan,0
Barack Obama,456,Donald Trump Elizabeth Warren,0
Barack Obama,456,Donald Trump George W. Bush,0
Barack Obama,456,Donald Trump Hillary Clinton,0
Barack Obama,456,Donald Trump Joe Biden,0
Barack Obama,456,Donald Trump Richard Nixon,0
Barack Obama,456,Donald Trump Ronald Reagan,0
Barack Obama,456,Elizabeth Warren George W. Bush,0
Barack Obama,456,Elizabeth Warren Hillary Clinton,0
Barack Obama,456,Elizabeth Warren Joe Biden,0
Barack Obama,456,Elizabeth Warren Richard Nixon,0
Barack Obama,456,Elizabeth Warren Ronald Reagan,0
Barack Obama,456,George W. Bush Hillary Clinton,0
Barack Obama,456,George W. Bush Joe Biden,0
Barack Obama,456,George W. Bush Richard Nixon,0
Barack Obama,456,George W. Bush Ronald Reagan,0
Barack Obama,456,Hillary Clinton Joe Biden,0
Barack Obama,456,Hillary Clinton Richard Nixon,0
Barack Obama,456,Hillary Clinton Ronald Reagan,0
Barack Obama,456,Joe Biden Richard Nixon,0
Barack Obama,456,Joe Biden Ronald Reagan,0
Barack Obama,456,Richard Nixon Ronald Reagan,0
Bernie Sanders,457,Abraham Lincoln Barack Obama,0
Bernie Sanders,457,Abraham Lincoln Elizabeth Warren,0
Bernie Sanders,457,Abraham Lincoln George W. Bush,0
Bernie Sanders,457,Abraham Lincoln Hillary Clinton,0
Bernie Sanders,457,Abraham Lincoln Joe Biden,0
Bernie Sanders,457,Abraham Lincoln Richard Nixon,0
Bernie Sanders,457,Abraham Lincoln Ronald Reagan,0
Bernie Sanders,457,Barack Obama Donald Trump,1
Bernie Sanders,457,Barack Obama Elizabeth Warren,0
Bernie Sanders,457,Barack Obama Hillary Clinton,0
Bernie Sanders,457,Barack Obama Joe Biden,0
Bernie Sanders,457,Barack Obama Richard Nixon,0
Bernie Sanders,457,Barack Obama Ronald Reagan,0
Bernie Sanders,457,Donald Trump Elizabeth Warren,0
Bernie Sanders,457,Donald Trump George W. Bush,0
Bernie Sanders,457,Donald Trump Hillary Clinton,0
Bernie Sanders,457,Donald Trump Joe Biden,0
Bernie Sanders,457,Donald Trump Richard Nixon,0
Bernie Sanders,457,Donald Trump Ronald Reagan,0
Bernie Sanders,457,Elizabeth Warren George W. Bush,0
Bernie Sanders,457,Elizabeth Warren Hillary Clinton,0
Bernie Sanders,457,Elizabeth Warren Joe Biden,0
Bernie Sanders,457,Elizabeth Warren Richard Nixon,0
Bernie Sanders,457,Elizabeth Warren Ronald Reagan,0
Bernie Sanders,457,George W. Bush Hillary Clinton,0
Bernie Sanders,457,George W. Bush Joe Biden,0
Bernie Sanders,457,George W. Bush Richard Nixon,0
Bernie Sanders,457,George W. Bush Ronald Reagan,0
Bernie Sanders,457,Hillary Clinton Joe Biden,0
Bernie Sanders,457,Hillary Clinton Richard Nixon,0
Bernie Sanders,457,Hillary Clinton Ronald Reagan,1
Bernie Sanders,457,Joe Biden Richard Nixon,1
Bernie Sanders,457,Joe Biden Ronald Reagan,0
Bernie Sanders,457,Richard Nixon Ronald Reagan,0
Barack Obama,458,Abraham Lincoln Bernie Sanders,0
Barack Obama,458,Abraham Lincoln Donald Trump,0
Barack Obama,458,Abraham Lincoln Elizabeth Warren,0
Barack Obama,458,Abraham Lincoln George W. Bush,0
Barack Obama,458,Abraham Lincoln Hillary Clinton,0
Barack Obama,458,Abraham Lincoln Joe Biden,0
Barack Obama,458,Abraham Lincoln Richard Nixon,0
Barack Obama,458,Abraham Lincoln Ronald Reagan,0
Barack Obama,458,Bernie Sanders Donald Trump,0
Barack Obama,458,Bernie Sanders Elizabeth Warren,0
Barack Obama,458,Bernie Sanders George W. Bush,0
Barack Obama,458,Bernie Sanders Hillary Clinton,0
Barack Obama,458,Bernie Sanders Joe Biden,0
Barack Obama,458,Bernie Sanders Richard Nixon,0
Barack Obama,458,Bernie Sanders Ronald Reagan,0
Barack Obama,458,Donald Trump Elizabeth Warren,0
Barack Obama,458,Donald Trump George W. Bush,0
Barack Obama,458,Donald Trump Hillary Clinton,0
Barack Obama,458,Donald Trump Richard Nixon,0
Barack Obama,458,Donald Trump Ronald Reagan,0
Barack Obama,458,Elizabeth Warren George W. Bush,1
Barack Obama,458,Elizabeth Warren Hillary Clinton,0
Barack Obama,458,Elizabeth Warren Joe Biden,0
Barack Obama,458,Elizabeth Warren Ronald Reagan,0
Barack Obama,458,George W. Bush Hillary Clinton,0
Barack Obama,458,George W. Bush Richard Nixon,0
Barack Obama,458,George W. Bush Ronald Reagan,1
Barack Obama,458,Hillary Clinton Joe Biden,0
Barack Obama,458,Hillary Clinton Richard Nixon,0
Barack Obama,458,Hillary Clinton Ronald Reagan,1
Barack Obama,458,Joe Biden Richard Nixon,0
Barack Obama,458,Joe Biden Ronald Reagan,0
Barack Obama,458,Richard Nixon Ronald Reagan,0
Bernie Sanders,459,Abraham Lincoln Barack Obama,0
Bernie Sanders,459,Abraham Lincoln Donald Trump,0
Bernie Sanders,459,Abraham Lincoln Elizabeth Warren,0
Bernie Sanders,459,Abraham Lincoln George W. Bush,0
Bernie Sanders,459,Abraham Lincoln Joe Biden,0
Bernie Sanders,459,Abraham Lincoln Richard Nixon,0
Bernie Sanders,459,Abraham Lincoln Ronald Reagan,0
Bernie Sanders,459,Barack Obama Donald Trump,0
Bernie Sanders,459,Barack Obama Elizabeth Warren,1
Bernie Sanders,459,Barack Obama George W. Bush,0
Bernie Sanders,459,Barack Obama Hillary Clinton,0
Bernie Sanders,459,Barack Obama Joe Biden,0
Bernie Sanders,459,Barack Obama Richard Nixon,0
Bernie Sanders,459,Barack Obama Ronald Reagan,0
Bernie Sanders,459,Donald Trump Elizabeth Warren,0
Bernie Sanders,459,Donald Trump George W. Bush,0
Bernie Sanders,459,Donald Trump Hillary Clinton,0
Bernie Sanders,459,Donald Trump Joe Biden,0
Bernie Sanders,459,Donald Trump Richard Nixon,1
Bernie Sanders,459,Donald Trump Ronald Reagan,0
Bernie Sanders,459,Elizabeth Warren George W. Bush,0
Bernie Sanders,459,Elizabeth Warren Hillary Clinton,0
Bernie Sanders,459,Elizabeth Warren Joe Biden,0
Bernie Sanders,459,Elizabeth Warren Richard Nixon,0
Bernie Sanders,459,Elizabeth Warren Ronald Reagan,0
Bernie Sanders,459,George W. Bush Hillary Clinton,0
Bernie Sanders,459,George W. Bush Joe Biden,0
Bernie Sanders,459,George W. Bush Richard Nixon,1
Bernie Sanders,459,George W. Bush Ronald Reagan,1
Bernie Sanders,459,Hillary Clinton Joe Biden,0
Bernie Sanders,459,Hillary Clinton Richard Nixon,1
Bernie Sanders,459,Hillary Clinton Ronald Reagan,0
Bernie Sanders,459,Joe Biden Richard Nixon,0
Bernie Sanders,459,Joe Biden Ronald Reagan,0
Bernie Sanders,459,Richard Nixon Ronald Reagan,0
Hillary Clinton,460,Abraham Lincoln Barack Obama,0
Hillary Clinton,460,Abraham Lincoln Bernie Sanders,0
Hillary Clinton,460,Abraham Lincoln Donald Trump,0
Hillary Clinton,460,Abraham Lincoln Elizabeth Warren,0
Hillary Clinton,460,Abraham Lincoln George W. Bush,0
Hillary Clinton,460,Abraham Lincoln Richard Nixon,0
Hillary Clinton,460,Abraham Lincoln Ronald Reagan,0
Hillary Clinton,460,Barack Obama Donald Trump,0
Hillary Clinton,460,Barack Obama Elizabeth Warren,0
Hillary Clinton,460,Barack Obama George W. Bush,0
Hillary Clinton,460,Barack Obama Joe Biden,0
Hillary Clinton,460,Barack Obama Richard Nixon,0
Hillary Clinton,460,Barack Obama Ronald Reagan,0
Hillary Clinton,460,Bernie Sanders Donald Trump,0
Hillary Clinton,460,Bernie Sanders Elizabeth Warren,0
Hillary Clinton,460,Bernie Sanders George W. Bush,0
Hillary Clinton,460,Bernie Sanders Joe Biden,0
Hillary Clinton,460,Bernie Sanders Ronald Reagan,0
Hillary Clinton,460,Donald Trump Elizabeth Warren,0
Hillary Clinton,460,Donald Trump George W. Bush,0
Hillary Clinton,460,Donald Trump Joe Biden,0
Hillary Clinton,460,Donald Trump Richard Nixon,0
Hillary Clinton,460,Donald Trump Ronald Reagan,0
Hillary Clinton,460,Elizabeth Warren George W. Bush,0
Hillary Clinton,460,Elizabeth Warren Joe Biden,0
Hillary Clinton,460,Elizabeth Warren Richard Nixon,0
Hillary Clinton,460,Elizabeth Warren Ronald Reagan,0
Hillary Clinton,460,George W. Bush Joe Biden,0
Hillary Clinton,460,George W. Bush Richard Nixon,0
Hillary Clinton,460,George W. Bush Ronald Reagan,0
Hillary Clinton,460,Joe Biden Richard Nixon,1
Hillary Clinton,460,Joe Biden Ronald Reagan,0
Hillary Clinton,460,Richard Nixon Ronald Reagan,0
Abraham Lincoln,461,Barack Obama Bernie Sanders,0
Abraham Lincoln,461,Barack Obama Donald Trump,0
Abraham Lincoln,461,Barack Obama Elizabeth Warren,1
Abraham Lincoln,461,Barack Obama George W. Bush,0
Abraham Lincoln,461,Barack Obama Hillary Clinton,0
Abraham Lincoln,461,Barack Obama Joe Biden,0
Abraham Lincoln,461,Barack Obama Richard Nixon,0
Abraham Lincoln,461,Barack Obama Ronald Reagan,0
Abraham Lincoln,461,Bernie Sanders Donald Trump,0
Abraham Lincoln,461,Bernie Sanders Elizabeth Warren,0
Abraham Lincoln,461,Bernie Sanders George W. Bush,0
Abraham Lincoln,461,Bernie Sanders Hillary Clinton,0
Abraham Lincoln,461,Bernie Sanders Joe Biden,0
Abraham Lincoln,461,Bernie Sanders Richard Nixon,0
Abraham Lincoln,461,Bernie Sanders Ronald Reagan,0
Abraham Lincoln,461,Donald Trump Elizabeth Warren,1
Abraham Lincoln,461,Donald Trump George W. Bush,0
Abraham Lincoln,461,Donald Trump Hillary Clinton,0
Abraham Lincoln,461,Donald Trump Richard Nixon,0
Abraham Lincoln,461,Donald Trump Ronald Reagan,0
Abraham Lincoln,461,Elizabeth Warren George W. Bush,0
Abraham Lincoln,461,Elizabeth Warren Hillary Clinton,0
Abraham Lincoln,461,Elizabeth Warren Joe Biden,0
Abraham Lincoln,461,Elizabeth Warren Richard Nixon,0
Abraham Lincoln,461,Elizabeth Warren Ronald Reagan,0
Abraham Lincoln,461,George W. Bush Hillary Clinton,0
Abraham Lincoln,461,George W. Bush Joe Biden,0
Abraham Lincoln,461,George W. Bush Richard Nixon,0
Abraham Lincoln,461,George W. Bush Ronald Reagan,0
Abraham Lincoln,461,Hillary Clinton Joe Biden,0
Abraham Lincoln,461,Hillary Clinton Richard Nixon,0
Abraham Lincoln,461,Hillary Clinton Ronald Reagan,0
Abraham Lincoln,461,Joe Biden Richard Nixon,0
Abraham Lincoln,461,Joe Biden Ronald Reagan,0
Abraham Lincoln,461,Richard Nixon Ronald Reagan,1
Ronald Reagan,462,Abraham Lincoln Barack Obama,0
Ronald Reagan,462,Abraham Lincoln Bernie Sanders,0
Ronald Reagan,462,Abraham Lincoln Donald Trump,0
Ronald Reagan,462,Abraham Lincoln Elizabeth Warren,0
Ronald Reagan,462,Abraham Lincoln George W. Bush,0
Ronald Reagan,462,Abraham Lincoln Hillary Clinton,0
Ronald Reagan,462,Abraham Lincoln Joe Biden,1
Ronald Reagan,462,Abraham Lincoln Richard Nixon,0
Ronald Reagan,462,Barack Obama Bernie Sanders,1
Ronald Reagan,462,Barack Obama Donald Trump,0
Ronald Reagan,462,Barack Obama Elizabeth Warren,0
Ronald Reagan,462,Barack Obama Hillary Clinton,0
Ronald Reagan,462,Barack Obama Joe Biden,0
Ronald Reagan,462,Barack Obama Richard Nixon,0
Ronald Reagan,462,Bernie Sanders Elizabeth Warren,0
Ronald Reagan,462,Bernie Sanders George W. Bush,0
Ronald Reagan,462,Bernie Sanders Hillary Clinton,0
Ronald Reagan,462,Bernie Sanders Joe Biden,0
Ronald Reagan,462,Bernie Sanders Richard Nixon,0
Ronald Reagan,462,Donald Trump Elizabeth Warren,0
Ronald Reagan,462,Donald Trump Hillary Clinton,0
Ronald Reagan,462,Donald Trump Joe Biden,0
Ronald Reagan,462,Donald Trump Richard Nixon,0
Ronald Reagan,462,Elizabeth Warren George W. Bush,0
Ronald Reagan,462,Elizabeth Warren Hillary Clinton,0
Ronald Reagan,462,Elizabeth Warren Joe Biden,0
Ronald Reagan,462,Elizabeth Warren Richard Nixon,0
Ronald Reagan,462,George W. Bush Hillary Clinton,0
Ronald Reagan,462,George W. Bush Joe Biden,0
Ronald Reagan,462,George W. Bush Richard Nixon,0
Ronald Reagan,462,Hillary Clinton Joe Biden,0
Ronald Reagan,462,Hillary Clinton Richard Nixon,0
Ronald Reagan,462,Joe Biden Richard Nixon,0
Joe Biden,463,Abraham Lincoln Barack Obama,0
Joe Biden,463,Abraham Lincoln Donald Trump,0
Joe Biden,463,Abraham Lincoln Elizabeth Warren,0
Joe Biden,463,Abraham Lincoln George W. Bush,0
Joe Biden,463,Abraham Lincoln Hillary Clinton,0
Joe Biden,463,Abraham Lincoln Richard Nixon,0
Joe Biden,463,Abraham Lincoln Ronald Reagan,0
Joe Biden,463,Barack Obama Bernie Sanders,0
Joe Biden,463,Barack Obama Donald Trump,0
Joe Biden,463,Barack Obama Elizabeth Warren,0
Joe Biden,463,Barack Obama Hillary Clinton,0
Joe Biden,463,Barack Obama Richard Nixon,0
Joe Biden,463,Barack Obama Ronald Reagan,0
Joe Biden,463,Bernie Sanders Donald Trump,0
Joe Biden,463,Bernie Sanders Elizabeth Warren,0
Joe Biden,463,Bernie Sanders George W. Bush,0
Joe Biden,463,Bernie Sanders Hillary Clinton,0
Joe Biden,463,Bernie Sanders Richard Nixon,0
Joe Biden,463,Bernie Sanders Ronald Reagan,0
Joe Biden,463,Donald Trump Elizabeth Warren,0
Joe Biden,463,Donald Trump Richard Nixon,0
Joe Biden,463,Donald Trump Ronald Reagan,0
Joe Biden,463,Elizabeth Warren George W. Bush,0
Joe Biden,463,Elizabeth Warren Hillary Clinton,0
Joe Biden,463,Elizabeth Warren Richard Nixon,0
Joe Biden,463,Elizabeth Warren Ronald Reagan,0
Joe Biden,463,George W. Bush Hillary Clinton,0
Joe Biden,463,George W. Bush Richard Nixon,0
Joe Biden,463,George W. Bush Ronald Reagan,0
Joe Biden,463,Hillary Clinton Richard Nixon,1
Joe Biden,463,Hillary Clinton Ronald Reagan,0
Joe Biden,463,Richard Nixon Ronald Reagan,0
Ronald Reagan,464,Abraham Lincoln Barack Obama,0
Ronald Reagan,464,Abraham Lincoln Bernie Sanders,0
Ronald Reagan,464,Abraham Lincoln Donald Trump,0
Ronald Reagan,464,Abraham Lincoln Elizabeth Warren,1
Ronald Reagan,464,Abraham Lincoln George W. Bush,0
Ronald Reagan,464,Abraham Lincoln Hillary Clinton,0
Ronald Reagan,464,Abraham Lincoln Joe Biden,0
Ronald Reagan,464,Abraham Lincoln Richard Nixon,0
Ronald Reagan,464,Barack Obama Bernie Sanders,0
Ronald Reagan,464,Barack Obama Donald Trump,0
Ronald Reagan,464,Barack Obama Elizabeth Warren,0
Ronald Reagan,464,Barack Obama George W. Bush,0
Ronald Reagan,464,Barack Obama Hillary Clinton,0
Ronald Reagan,464,Barack Obama Joe Biden,0
Ronald Reagan,464,Barack Obama Richard Nixon,1
Ronald Reagan,464,Bernie Sanders Elizabeth Warren,0
Ronald Reagan,464,Bernie Sanders George W. Bush,0
Ronald Reagan,464,Bernie Sanders Hillary Clinton,0
Ronald Reagan,464,Bernie Sanders Joe Biden,0
Ronald Reagan,464,Bernie Sanders Richard Nixon,0
Ronald Reagan,464,Donald Trump Elizabeth Warren,0
Ronald Reagan,464,Donald Trump George W. Bush,0
Ronald Reagan,464,Donald Trump Joe Biden,0
Ronald Reagan,464,Elizabeth Warren George W. Bush,0
Ronald Reagan,464,Elizabeth Warren Hillary Clinton,0
Ronald Reagan,464,Elizabeth Warren Joe Biden,0
Ronald Reagan,464,Elizabeth Warren Richard Nixon,0
Ronald Reagan,464,George W. Bush Hillary Clinton,0
Ronald Reagan,464,George W. Bush Joe Biden,0
Ronald Reagan,464,George W. Bush Richard Nixon,0
Ronald Reagan,464,Hillary Clinton Joe Biden,0
Ronald Reagan,464,Hillary Clinton Richard Nixon,0
Ronald Reagan,464,Joe Biden Richard Nixon,0
Ronald Reagan,465,Abraham Lincoln Barack Obama,0
Ronald Reagan,465,Abraham Lincoln Bernie Sanders,0
Ronald Reagan,465,Abraham Lincoln Donald Trump,0
Ronald Reagan,465,Abraham Lincoln Elizabeth Warren,0
Ronald Reagan,465,Abraham Lincoln George W. Bush,0
Ronald Reagan,465,Abraham Lincoln Joe Biden,0
Ronald Reagan,465,Abraham Lincoln Richard Nixon,0
Ronald Reagan,465,Barack Obama Bernie Sanders,0
Ronald Reagan,465,Barack Obama Donald Trump,0
Ronald Reagan,465,Barack Obama Elizabeth Warren,0
Ronald Reagan,465,Barack Obama George W. Bush,0
Ronald Reagan,465,Barack Obama Hillary Clinton,0
Ronald Reagan,465,Barack Obama Joe Biden,0
Ronald Reagan,465,Barack Obama Richard Nixon,0
Ronald Reagan,465,Bernie Sanders Donald Trump,0
Ronald Reagan,465,Bernie Sanders Elizabeth Warren,0
Ronald Reagan,465,Bernie Sanders George W. Bush,0
Ronald Reagan,465,Bernie Sanders Joe Biden,0
Ronald Reagan,465,Bernie Sanders Richard Nixon,0
Ronald Reagan,465,Donald Trump Elizabeth Warren,0
Ronald Reagan,465,Donald Trump George W. Bush,0
Ronald Reagan,465,Donald Trump Hillary Clinton,0
Ronald Reagan,465,Donald Trump Joe Biden,0
Ronald Reagan,465,Donald Trump Richard Nixon,0
Ronald Reagan,465,Elizabeth Warren George W. Bush,0
Ronald Reagan,465,Elizabeth Warren Hillary Clinton,0
Ronald Reagan,465,Elizabeth Warren Joe Biden,0
Ronald Reagan,465,Elizabeth Warren Richard Nixon,0
Ronald Reagan,465,George W. Bush Hillary Clinton,0
Ronald Reagan,465,George W. Bush Joe Biden,0
Ronald Reagan,465,George W. Bush Richard Nixon,0
Ronald Reagan,465,Hillary Clinton Joe Biden,0
Ronald Reagan,465,Hillary Clinton Richard Nixon,0
Ronald Reagan,465,Joe Biden Richard Nixon,0
Ronald Reagan,466,Abraham Lincoln Bernie Sanders,0
Ronald Reagan,466,Abraham Lincoln Donald Trump,0
Ronald Reagan,466,Abraham Lincoln Elizabeth Warren,0
Ronald Reagan,466,Abraham Lincoln George W. Bush,0
Ronald Reagan,466,Abraham Lincoln Hillary Clinton,0
Ronald Reagan,466,Abraham Lincoln Joe Biden,0
Ronald Reagan,466,Abraham Lincoln Richard Nixon,0
Ronald Reagan,466,Barack Obama Donald Trump,1
Ronald Reagan,466,Barack Obama Elizabeth Warren,0
Ronald Reagan,466,Barack Obama George W. Bush,0
Ronald Reagan,466,Barack Obama Hillary Clinton,0
Ronald Reagan,466,Barack Obama Joe Biden,0
Ronald Reagan,466,Barack Obama Richard Nixon,0
Ronald Reagan,466,Bernie Sanders Donald Trump,0
Ronald Reagan,466,Bernie Sanders Elizabeth Warren,0
Ronald Reagan,466,Bernie Sanders George W. Bush,0
Ronald Reagan,466,Bernie Sanders Hillary Clinton,0
Ronald Reagan,466,Bernie Sanders Joe Biden,0
Ronald Reagan,466,Bernie Sanders Richard Nixon,0
Ronald Reagan,466,Donald Trump Elizabeth Warren,0
Ronald Reagan,466,Donald Trump Hillary Clinton,0
Ronald Reagan,466,Donald Trump Joe Biden,0
Ronald Reagan,466,Donald Trump Richard Nixon,0
Ronald Reagan,466,Elizabeth Warren George W. Bush,0
Ronald Reagan,466,Elizabeth Warren Hillary Clinton,0
Ronald Reagan,466,Elizabeth Warren Joe Biden,0
Ronald Reagan,466,Elizabeth Warren Richard Nixon,0
Ronald Reagan,466,George W. Bush Hillary Clinton,0
Ronald Reagan,466,George W. Bush Joe Biden,0
Ronald Reagan,466,George W. Bush Richard Nixon,0
Ronald Reagan,466,Hillary Clinton Joe Biden,0
Ronald Reagan,466,Hillary Clinton Richard Nixon,0
Ronald Reagan,466,Joe Biden Richard Nixon,1
Barack Obama,467,Abraham Lincoln Bernie Sanders,0
Barack Obama,467,Abraham Lincoln Donald Trump,0
Barack Obama,467,Abraham Lincoln Elizabeth Warren,0
Barack Obama,467,Abraham Lincoln George W. Bush,0
Barack Obama,467,Abraham Lincoln Hillary Clinton,0
Barack Obama,467,Abraham Lincoln Joe Biden,0
Barack Obama,467,Abraham Lincoln Richard Nixon,0
Barack Obama,467,Abraham Lincoln Ronald Reagan,0
Barack Obama,467,Bernie Sanders Donald Trump,0
Barack Obama,467,Bernie Sanders Elizabeth Warren,0
Barack Obama,467,Bernie Sanders George W. Bush,0
Barack Obama,467,Bernie Sanders Hillary Clinton,0
Barack Obama,467,Bernie Sanders Joe Biden,0
Barack Obama,467,Bernie Sanders Ronald Reagan,0
Barack Obama,467,Donald Trump Elizabeth Warren,0
Barack Obama,467,Donald Trump George W. Bush,0
Barack Obama,467,Donald Trump Hillary Clinton,0
Barack Obama,467,Donald Trump Joe Biden,0
Barack Obama,467,Donald Trump Richard Nixon,0
Barack Obama,467,Donald Trump Ronald Reagan,0
Barack Obama,467,Elizabeth Warren George W. Bush,0
Barack Obama,467,Elizabeth Warren Hillary Clinton,0
Barack Obama,467,Elizabeth Warren Richard Nixon,0
Barack Obama,467,Elizabeth Warren Ronald Reagan,0
Barack Obama,467,George W. Bush Hillary Clinton,0
Barack Obama,467,George W. Bush Joe Biden,0
Barack Obama,467,George W. Bush Richard Nixon,1
Barack Obama,467,George W. Bush Ronald Reagan,0
Barack Obama,467,Hillary Clinton Joe Biden,0
Barack Obama,467,Hillary Clinton Richard Nixon,0
Barack Obama,467,Hillary Clinton Ronald Reagan,0
Barack Obama,467,Joe Biden Richard Nixon,0
Barack Obama,467,Joe Biden Ronald Reagan,0
Barack Obama,467,Richard Nixon Ronald Reagan,0
Bernie Sanders,468,Abraham Lincoln Barack Obama,0
Bernie Sanders,468,Abraham Lincoln Donald Trump,0
Bernie Sanders,468,Abraham Lincoln Elizabeth Warren,0
Bernie Sanders,468,Abraham Lincoln George W. Bush,0
Bernie Sanders,468,Abraham Lincoln Hillary Clinton,0
Bernie Sanders,468,Abraham Lincoln Joe Biden,0
Bernie Sanders,468,Abraham Lincoln Richard Nixon,0
Bernie Sanders,468,Abraham Lincoln Ronald Reagan,0
Bernie Sanders,468,Barack Obama Donald Trump,0
Bernie Sanders,468,Barack Obama Elizabeth Warren,0
Bernie Sanders,468,Barack Obama George W. Bush,0
Bernie Sanders,468,Barack Obama Hillary Clinton,0
Bernie Sanders,468,Barack Obama Joe Biden,0
Bernie Sanders,468,Barack Obama Richard Nixon,0
Bernie Sanders,468,Barack Obama Ronald Reagan,0
Bernie Sanders,468,Donald Trump Elizabeth Warren,0
Bernie Sanders,468,Donald Trump George W. Bush,0
Bernie Sanders,468,Donald Trump Hillary Clinton,0
Bernie Sanders,468,Donald Trump Joe Biden,0
Bernie Sanders,468,Donald Trump Richard Nixon,0
Bernie Sanders,468,Donald Trump Ronald Reagan,0
Bernie Sanders,468,Elizabeth Warren George W. Bush,0
Bernie Sanders,468,Elizabeth Warren Hillary Clinton,0
Bernie Sanders,468,Elizabeth Warren Joe Biden,0
Bernie Sanders,468,Elizabeth Warren Richard Nixon,0
Bernie Sanders,468,Elizabeth Warren Ronald Reagan,0
Bernie Sanders,468,George W. Bush Joe Biden,0
Bernie Sanders,468,George W. Bush Richard Nixon,0
Bernie Sanders,468,George W. Bush Ronald Reagan,0
Bernie Sanders,468,Hillary Clinton Joe Biden,0
Bernie Sanders,468,Hillary Clinton Richard Nixon,0
Bernie Sanders,468,Hillary Clinton Ronald Reagan,0
Bernie Sanders,468,Joe Biden Richard Nixon,0
Bernie Sanders,468,Richard Nixon Ronald Reagan,0
Richard Nixon,469,Abraham Lincoln Barack Obama,0
Richard Nixon,469,Abraham Lincoln Bernie Sanders,0
Richard Nixon,469,Abraham Lincoln Elizabeth Warren,0
Richard Nixon,469,Abraham Lincoln George W. Bush,0
Richard Nixon,469,Abraham Lincoln Hillary Clinton,0
Richard Nixon,469,Abraham Lincoln Joe Biden,0
Richard Nixon,469,Abraham Lincoln Ronald Reagan,0
Richard Nixon,469,Barack Obama Donald Trump,0
Richard Nixon,469,Barack Obama Elizabeth Warren,0
Richard Nixon,469,Barack Obama George W. Bush,0
Richard Nixon,469,Barack Obama Hillary Clinton,0
Richard Nixon,469,Barack Obama Joe Biden,0
Richard Nixon,469,Barack Obama Ronald Reagan,0
Richard Nixon,469,Bernie Sanders Donald Trump,0
Richard Nixon,469,Bernie Sanders Elizabeth Warren,0
Richard Nixon,469,Bernie Sanders George W. Bush,0
Richard Nixon,469,Bernie Sanders Hillary Clinton,0
Richard Nixon,469,Bernie Sanders Joe Biden,1
Richard Nixon,469,Bernie Sanders Ronald Reagan,0
Richard Nixon,469,Donald Trump Elizabeth Warren,0
Richard Nixon,469,Donald Trump George W. Bush,0
Richard Nixon,469,Donald Trump Joe Biden,0
Richard Nixon,469,Donald Trump Ronald Reagan,0
Richard Nixon,469,Elizabeth Warren George W. Bush,0
Richard Nixon,469,Elizabeth Warren Hillary Clinton,0
Richard Nixon,469,Elizabeth Warren Joe Biden,0
Richard Nixon,469,Elizabeth Warren Ronald Reagan,0
Richard Nixon,469,George W. Bush Hillary Clinton,0
Richard Nixon,469,George W. Bush Joe Biden,0
Richard Nixon,469,George W. Bush Ronald Reagan,0
Richard Nixon,469,Hillary Clinton Joe Biden,0
Richard Nixon,469,Hillary Clinton Ronald Reagan,0
Richard Nixon,469,Joe Biden Ronald Reagan,0
Hillary Clinton,470,Abraham Lincoln Barack Obama,0
Hillary Clinton,470,Abraham Lincoln Bernie Sanders,0
Hillary Clinton,470,Abraham Lincoln Donald Trump,0
Hillary Clinton,470,Abraham Lincoln Elizabeth Warren,0
Hillary Clinton,470,Abraham Lincoln George W. Bush,0
Hillary Clinton,470,Abraham Lincoln Joe Biden,0
Hillary Clinton,470,Abraham Lincoln Richard Nixon,1
Hillary Clinton,470,Abraham Lincoln Ronald Reagan,0
Hillary Clinton,470,Barack Obama Bernie Sanders,0
Hillary Clinton,470,Barack Obama Donald Trump,0
Hillary Clinton,470,Barack Obama Elizabeth Warren,0
Hillary Clinton,470,Barack Obama George W. Bush,0
Hillary Clinton,470,Barack Obama Joe Biden,0
Hillary Clinton,470,Barack Obama Richard Nixon,0
Hillary Clinton,470,Barack Obama Ronald Reagan,0
Hillary Clinton,470,Bernie Sanders Donald Trump,0
Hillary Clinton,470,Bernie Sanders Elizabeth Warren,0
Hillary Clinton,470,Bernie Sanders George W. Bush,1
Hillary Clinton,470,Bernie Sanders Joe Biden,1
Hillary Clinton,470,Bernie Sanders Richard Nixon,0
Hillary Clinton,470,Bernie Sanders Ronald Reagan,0
Hillary Clinton,470,Donald Trump Elizabeth Warren,0
Hillary Clinton,470,Donald Trump George W. Bush,0
Hillary Clinton,470,Donald Trump Joe Biden,0
Hillary Clinton,470,Donald Trump Richard Nixon,0
Hillary Clinton,470,Donald Trump Ronald Reagan,0
Hillary Clinton,470,Elizabeth Warren George W. Bush,0
Hillary Clinton,470,Elizabeth Warren Joe Biden,0
Hillary Clinton,470,Elizabeth Warren Richard Nixon,0
Hillary Clinton,470,Elizabeth Warren Ronald Reagan,0
Hillary Clinton,470,George W. Bush Joe Biden,0
Hillary Clinton,470,George W. Bush Richard Nixon,0
Hillary Clinton,470,George W. Bush Ronald Reagan,1
Hillary Clinton,470,Joe Biden Richard Nixon,0
Hillary Clinton,470,Joe Biden Ronald Reagan,0
Hillary Clinton,470,Richard Nixon Ronald Reagan,0
Donald Trump,471,Abraham Lincoln Barack Obama,0
Donald Trump,471,Abraham Lincoln Bernie Sanders,0
Donald Trump,471,Abraham Lincoln Elizabeth Warren,0
Donald Trump,471,Abraham Lincoln George W. Bush,0
Donald Trump,471,Abraham Lincoln Hillary Clinton,0
Donald Trump,471,Abraham Lincoln Joe Biden,0
Donald Trump,471,Abraham Lincoln Richard Nixon,0
Donald Trump,471,Barack Obama Bernie Sanders,0
Donald Trump,471,Barack Obama Elizabeth Warren,0
Donald Trump,471,Barack Obama George W. Bush,0
Donald Trump,471,Barack Obama Joe Biden,0
Donald Trump,471,Barack Obama Richard Nixon,0
Donald Trump,471,Barack Obama Ronald Reagan,0
Donald Trump,471,Bernie Sanders Elizabeth Warren,0
Donald Trump,471,Bernie Sanders George W. Bush,0
Donald Trump,471,Bernie Sanders Hillary Clinton,0
Donald Trump,471,Bernie Sanders Joe Biden,1
Donald Trump,471,Bernie Sanders Richard Nixon,0
Donald Trump,471,Bernie Sanders Ronald Reagan,0
Donald Trump,471,Elizabeth Warren George W. Bush,1
Donald Trump,471,Elizabeth Warren Hillary Clinton,0
Donald Trump,471,Elizabeth Warren Joe Biden,0
Donald Trump,471,Elizabeth Warren Ronald Reagan,0
Donald Trump,471,George W. Bush Hillary Clinton,0
Donald Trump,471,George W. Bush Joe Biden,0
Donald Trump,471,George W. Bush Richard Nixon,1
Donald Trump,471,George W. Bush Ronald Reagan,0
Donald Trump,471,Hillary Clinton Joe Biden,0
Donald Trump,471,Hillary Clinton Richard Nixon,0
Donald Trump,471,Hillary Clinton Ronald Reagan,1
Donald Trump,471,Joe Biden Richard Nixon,0
Donald Trump,471,Joe Biden Ronald Reagan,0
Donald Trump,471,Richard Nixon Ronald Reagan,0
Ronald Reagan,472,Abraham Lincoln Barack Obama,0
Ronald Reagan,472,Abraham Lincoln Bernie Sanders,0
Ronald Reagan,472,Abraham Lincoln Donald Trump,0
Ronald Reagan,472,Abraham Lincoln Elizabeth Warren,0
Ronald Reagan,472,Abraham Lincoln George W. Bush,0
Ronald Reagan,472,Abraham Lincoln Hillary Clinton,0
Ronald Reagan,472,Abraham Lincoln Joe Biden,1
Ronald Reagan,472,Abraham Lincoln Richard Nixon,0
Ronald Reagan,472,Barack Obama Bernie Sanders,0
Ronald Reagan,472,Barack Obama Donald Trump,1
Ronald Reagan,472,Barack Obama Elizabeth Warren,0
Ronald Reagan,472,Barack Obama George W. Bush,0
Ronald Reagan,472,Barack Obama Hillary Clinton,0
Ronald Reagan,472,Barack Obama Joe Biden,0
Ronald Reagan,472,Barack Obama Richard Nixon,0
Ronald Reagan,472,Bernie Sanders Donald Trump,0
Ronald Reagan,472,Bernie Sanders Elizabeth Warren,0
Ronald Reagan,472,Bernie Sanders George W. Bush,0
Ronald Reagan,472,Bernie Sanders Hillary Clinton,0
Ronald Reagan,472,Bernie Sanders Joe Biden,0
Ronald Reagan,472,Bernie Sanders Richard Nixon,0
Ronald Reagan,472,Donald Trump Elizabeth Warren,0
Ronald Reagan,472,Donald Trump George W. Bush,0
Ronald Reagan,472,Donald Trump Hillary Clinton,0
Ronald Reagan,472,Donald Trump Joe Biden,0
Ronald Reagan,472,Donald Trump Richard Nixon,0
Ronald Reagan,472,Elizabeth Warren George W. Bush,0
Ronald Reagan,472,Elizabeth Warren Hillary Clinton,0
Ronald Reagan,472,Elizabeth Warren Joe Biden,0
Ronald Reagan,472,Elizabeth Warren Richard Nixon,0
Ronald Reagan,472,George W. Bush Hillary Clinton,0
Ronald Reagan,472,George W. Bush Joe Biden,0
Ronald Reagan,472,George W. Bush Richard Nixon,0
Ronald Reagan,472,Hillary Clinton Joe Biden,0
Ronald Reagan,472,Hillary Clinton Richard Nixon,0
Ronald Reagan,472,Joe Biden Richard Nixon,0
Elizabeth Warren,473,Abraham Lincoln Barack Obama,0
Elizabeth Warren,473,Abraham Lincoln Bernie Sanders,0
Elizabeth Warren,473,Abraham Lincoln Donald Trump,0
Elizabeth Warren,473,Abraham Lincoln George W. Bush,0
Elizabeth Warren,473,Abraham Lincoln Hillary Clinton,0
Elizabeth Warren,473,Abraham Lincoln Joe Biden,0
Elizabeth Warren,473,Abraham Lincoln Ronald Reagan,0
Elizabeth Warren,473,Barack Obama Bernie Sanders,0
Elizabeth Warren,473,Barack Obama Donald Trump,0
Elizabeth Warren,473,Barack Obama George W. Bush,0
Elizabeth Warren,473,Barack Obama Hillary Clinton,0
Elizabeth Warren,473,Barack Obama Joe Biden,0
Elizabeth Warren,473,Barack Obama Richard Nixon,0
Elizabeth Warren,473,Barack Obama Ronald Reagan,0
Elizabeth Warren,473,Bernie Sanders Donald Trump,0
Elizabeth Warren,473,Bernie Sanders George W. Bush,0
Elizabeth Warren,473,Bernie Sanders Hillary Clinton,0
Elizabeth Warren,473,Bernie Sanders Joe Biden,0
Elizabeth Warren,473,Bernie Sanders Richard Nixon,0
Elizabeth Warren,473,Bernie Sanders Ronald Reagan,0
Elizabeth Warren,473,Donald Trump George W. Bush,0
Elizabeth Warren,473,Donald Trump Hillary Clinton,0
Elizabeth Warren,473,Donald Trump Joe Biden,0
Elizabeth Warren,473,Donald Trump Richard Nixon,0
Elizabeth Warren,473,Donald Trump Ronald Reagan,0
Elizabeth Warren,473,George W. Bush Hillary Clinton,0
Elizabeth Warren,473,George W. Bush Joe Biden,0
Elizabeth Warren,473,George W. Bush Richard Nixon,0
Elizabeth Warren,473,George W. Bush Ronald Reagan,0
Elizabeth Warren,473,Hillary Clinton Joe Biden,0
Elizabeth Warren,473,Hillary Clinton Richard Nixon,0
Elizabeth Warren,473,Hillary Clinton Ronald Reagan,0
Elizabeth Warren,473,Joe Biden Richard Nixon,0
Elizabeth Warren,473,Joe Biden Ronald Reagan,0
Elizabeth Warren,473,Richard Nixon Ronald Reagan,0
Barack Obama,474,Abraham Lincoln Bernie Sanders,0
Barack Obama,474,Abraham Lincoln Donald Trump,0
Barack Obama,474,Abraham Lincoln Elizabeth Warren,0
Barack Obama,474,Abraham Lincoln George W. Bush,0
Barack Obama,474,Abraham Lincoln Hillary Clinton,0
Barack Obama,474,Abraham Lincoln Joe Biden,0
Barack Obama,474,Abraham Lincoln Richard Nixon,1
Barack Obama,474,Abraham Lincoln Ronald Reagan,0
Barack Obama,474,Bernie Sanders Donald Trump,0
Barack Obama,474,Bernie Sanders Elizabeth Warren,0
Barack Obama,474,Bernie Sanders George W. Bush,0
Barack Obama,474,Bernie Sanders Hillary Clinton,0
Barack Obama,474,Bernie Sanders Joe Biden,0
Barack Obama,474,Bernie Sanders Richard Nixon,0
Barack Obama,474,Bernie Sanders Ronald Reagan,0
Barack Obama,474,Donald Trump Elizabeth Warren,0
Barack Obama,474,Donald Trump George W. Bush,0
Barack Obama,474,Donald Trump Hillary Clinton,0
Barack Obama,474,Donald Trump Joe Biden,0
Barack Obama,474,Donald Trump Richard Nixon,0
Barack Obama,474,Donald Trump Ronald Reagan,0
Barack Obama,474,Elizabeth Warren George W. Bush,0
Barack Obama,474,Elizabeth Warren Hillary Clinton,0
Barack Obama,474,Elizabeth Warren Joe Biden,0
Barack Obama,474,Elizabeth Warren Richard Nixon,0
Barack Obama,474,Elizabeth Warren Ronald Reagan,0
Barack Obama,474,George W. Bush Hillary Clinton,0
Barack Obama,474,George W. Bush Joe Biden,0
Barack Obama,474,George W. Bush Richard Nixon,0
Barack Obama,474,George W. Bush Ronald Reagan,0
Barack Obama,474,Hillary Clinton Joe Biden,0
Barack Obama,474,Hillary Clinton Richard Nixon,0
Barack Obama,474,Hillary Clinton Ronald Reagan,0
Barack Obama,474,Joe Biden Ronald Reagan,0
Barack Obama,474,Richard Nixon Ronald Reagan,0
Joe Biden,475,Abraham Lincoln Barack Obama,0
Joe Biden,475,Abraham Lincoln Bernie Sanders,0
Joe Biden,475,Abraham Lincoln Donald Trump,0
Joe Biden,475,Abraham Lincoln Elizabeth Warren,0
Joe Biden,475,Abraham Lincoln George W. Bush,0
Joe Biden,475,Abraham Lincoln Hillary Clinton,0
Joe Biden,475,Abraham Lincoln Richard Nixon,0
Joe Biden,475,Abraham Lincoln Ronald Reagan,0
Joe Biden,475,Barack Obama Bernie Sanders,0
Joe Biden,475,Barack Obama Donald Trump,0
Joe Biden,475,Barack Obama Elizabeth Warren,0
Joe Biden,475,Barack Obama George W. Bush,0
Joe Biden,475,Barack Obama Hillary Clinton,0
Joe Biden,475,Barack Obama Ronald Reagan,0
Joe Biden,475,Bernie Sanders Donald Trump,0
Joe Biden,475,Bernie Sanders Elizabeth Warren,0
Joe Biden,475,Bernie Sanders George W. Bush,0
Joe Biden,475,Bernie Sanders Hillary Clinton,0
Joe Biden,475,Bernie Sanders Richard Nixon,0
Joe Biden,475,Bernie Sanders Ronald Reagan,0
Joe Biden,475,Donald Trump Elizabeth Warren,0
Joe Biden,475,Donald Trump George W. Bush,0
Joe Biden,475,Donald Trump Hillary Clinton,0
Joe Biden,475,Donald Trump Richard Nixon,0
Joe Biden,475,Elizabeth Warren George W. Bush,0
Joe Biden,475,Elizabeth Warren Hillary Clinton,0
Joe Biden,475,Elizabeth Warren Richard Nixon,0
Joe Biden,475,Elizabeth Warren Ronald Reagan,0
Joe Biden,475,George W. Bush Hillary Clinton,0
Joe Biden,475,George W. Bush Richard Nixon,0
Joe Biden,475,George W. Bush Ronald Reagan,0
Joe Biden,475,Hillary Clinton Richard Nixon,0
Joe Biden,475,Hillary Clinton Ronald Reagan,0
Joe Biden,475,Richard Nixon Ronald Reagan,0
Donald Trump,476,Abraham Lincoln Barack Obama,0
Donald Trump,476,Abraham Lincoln Bernie Sanders,0
Donald Trump,476,Abraham Lincoln Elizabeth Warren,0
Donald Trump,476,Abraham Lincoln George W. Bush,0
Donald Trump,476,Abraham Lincoln Hillary Clinton,0
Donald Trump,476,Abraham Lincoln Joe Biden,0
Donald Trump,476,Abraham Lincoln Richard Nixon,1
Donald Trump,476,Abraham Lincoln Ronald Reagan,0
Donald Trump,476,Barack Obama Bernie Sanders,1
Donald Trump,476,Barack Obama Elizabeth Warren,0
Donald Trump,476,Barack Obama George W. Bush,0
Donald Trump,476,Barack Obama Hillary Clinton,0
Donald Trump,476,Barack Obama Richard Nixon,0
Donald Trump,476,Barack Obama Ronald Reagan,0
Donald Trump,476,Bernie Sanders George W. Bush,0
Donald Trump,476,Bernie Sanders Hillary Clinton,0
Donald Trump,476,Bernie Sanders Joe Biden,0
Donald Trump,476,Bernie Sanders Richard Nixon,0
Donald Trump,476,Bernie Sanders Ronald Reagan,1
Donald Trump,476,Elizabeth Warren George W. Bush,0
Donald Trump,476,Elizabeth Warren Hillary Clinton,0
Donald Trump,476,Elizabeth Warren Joe Biden,0
Donald Trump,476,Elizabeth Warren Richard Nixon,0
Donald Trump,476,Elizabeth Warren Ronald Reagan,1
Donald Trump,476,George W. Bush Hillary Clinton,1
Donald Trump,476,George W. Bush Richard Nixon,0
Donald Trump,476,George W. Bush Ronald Reagan,0
Donald Trump,476,Hillary Clinton Joe Biden,0
Donald Trump,476,Hillary Clinton Richard Nixon,0
Donald Trump,476,Hillary Clinton Ronald Reagan,0
Donald Trump,476,Joe Biden Richard Nixon,0
Donald Trump,476,Joe Biden Ronald Reagan,0
Donald Trump,476,Richard Nixon Ronald Reagan,0
Richard Nixon,477,Abraham Lincoln Barack Obama,0
Richard Nixon,477,Abraham Lincoln Bernie Sanders,0
Richard Nixon,477,Abraham Lincoln Donald Trump,0
Richard Nixon,477,Abraham Lincoln Elizabeth Warren,0
Richard Nixon,477,Abraham Lincoln George W. Bush,1
Richard Nixon,477,Abraham Lincoln Hillary Clinton,0
Richard Nixon,477,Abraham Lincoln Joe Biden,0
Richard Nixon,477,Abraham Lincoln Ronald Reagan,0
Richard Nixon,477,Barack Obama Bernie Sanders,1
Richard Nixon,477,Barack Obama Donald Trump,1
Richard Nixon,477,Barack Obama Elizabeth Warren,0
Richard Nixon,477,Barack Obama George W. Bush,0
Richard Nixon,477,Barack Obama Hillary Clinton,0
Richard Nixon,477,Barack Obama Joe Biden,0
Richard Nixon,477,Barack Obama Ronald Reagan,1
Richard Nixon,477,Bernie Sanders Donald Trump,0
Richard Nixon,477,Bernie Sanders Elizabeth Warren,0
Richard Nixon,477,Bernie Sanders George W. Bush,0
Richard Nixon,477,Bernie Sanders Hillary Clinton,0
Richard Nixon,477,Bernie Sanders Joe Biden,0
Richard Nixon,477,Bernie Sanders Ronald Reagan,0
Richard Nixon,477,Donald Trump Elizabeth Warren,0
Richard Nixon,477,Donald Trump Hillary Clinton,0
Richard Nixon,477,Donald Trump Joe Biden,0
Richard Nixon,477,Donald Trump Ronald Reagan,0
Richard Nixon,477,Elizabeth Warren George W. Bush,0
Richard Nixon,477,Elizabeth Warren Hillary Clinton,0
Richard Nixon,477,Elizabeth Warren Joe Biden,0
Richard Nixon,477,Elizabeth Warren Ronald Reagan,0
Richard Nixon,477,George W. Bush Hillary Clinton,1
Richard Nixon,477,George W. Bush Joe Biden,0
Richard Nixon,477,George W. Bush Ronald Reagan,0
Richard Nixon,477,Hillary Clinton Joe Biden,0
Richard Nixon,477,Hillary Clinton Ronald Reagan,0
Richard Nixon,477,Joe Biden Ronald Reagan,1
Elizabeth Warren,478,Abraham Lincoln Barack Obama,0
Elizabeth Warren,478,Abraham Lincoln Bernie Sanders,0
Elizabeth Warren,478,Abraham Lincoln Donald Trump,0
Elizabeth Warren,478,Abraham Lincoln George W. Bush,0
Elizabeth Warren,478,Abraham Lincoln Hillary Clinton,0
Elizabeth Warren,478,Abraham Lincoln Joe Biden,0
Elizabeth Warren,478,Abraham Lincoln Richard Nixon,0
Elizabeth Warren,478,Abraham Lincoln Ronald Reagan,0
Elizabeth Warren,478,Barack Obama Bernie Sanders,0
Elizabeth Warren,478,Barack Obama Donald Trump,1
Elizabeth Warren,478,Barack Obama George W. Bush,0
Elizabeth Warren,478,Barack Obama Hillary Clinton,0
Elizabeth Warren,478,Barack Obama Joe Biden,0
Elizabeth Warren,478,Barack Obama Richard Nixon,0
Elizabeth Warren,478,Barack Obama Ronald Reagan,0
Elizabeth Warren,478,Bernie Sanders Donald Trump,0
Elizabeth Warren,478,Bernie Sanders George W. Bush,0
Elizabeth Warren,478,Bernie Sanders Hillary Clinton,0
Elizabeth Warren,478,Bernie Sanders Joe Biden,0
Elizabeth Warren,478,Bernie Sanders Richard Nixon,0
Elizabeth Warren,478,Bernie Sanders Ronald Reagan,0
Elizabeth Warren,478,Donald Trump George W. Bush,0
Elizabeth Warren,478,Donald Trump Hillary Clinton,0
Elizabeth Warren,478,Donald Trump Richard Nixon,0
Elizabeth Warren,478,Donald Trump Ronald Reagan,0
Elizabeth Warren,478,George W. Bush Hillary Clinton,1
Elizabeth Warren,478,George W. Bush Joe Biden,0
Elizabeth Warren,478,George W. Bush Richard Nixon,0
Elizabeth Warren,478,George W. Bush Ronald Reagan,1
Elizabeth Warren,478,Hillary Clinton Joe Biden,0
Elizabeth Warren,478,Hillary Clinton Richard Nixon,0
Elizabeth Warren,478,Hillary Clinton Ronald Reagan,0
Elizabeth Warren,478,Joe Biden Richard Nixon,0
Elizabeth Warren,478,Joe Biden Ronald Reagan,0
Elizabeth Warren,478,Richard Nixon Ronald Reagan,0
Richard Nixon,479,Abraham Lincoln Barack Obama,0
Richard Nixon,479,Abraham Lincoln Bernie Sanders,0
Richard Nixon,479,Abraham Lincoln Donald Trump,0
Richard Nixon,479,Abraham Lincoln Elizabeth Warren,0
Richard Nixon,479,Abraham Lincoln George W. Bush,0
Richard Nixon,479,Abraham Lincoln Hillary Clinton,0
Richard Nixon,479,Abraham Lincoln Joe Biden,0
Richard Nixon,479,Abraham Lincoln Ronald Reagan,0
Richard Nixon,479,Barack Obama Bernie Sanders,0
Richard Nixon,479,Barack Obama Donald Trump,0
Richard Nixon,479,Barack Obama Elizabeth Warren,0
Richard Nixon,479,Barack Obama George W. Bush,0
Richard Nixon,479,Barack Obama Hillary Clinton,0
Richard Nixon,479,Barack Obama Joe Biden,0
Richard Nixon,479,Bernie Sanders Donald Trump,0
Richard Nixon,479,Bernie Sanders Elizabeth Warren,0
Richard Nixon,479,Bernie Sanders George W. Bush,0
Richard Nixon,479,Bernie Sanders Hillary Clinton,0
Richard Nixon,479,Bernie Sanders Ronald Reagan,0
Richard Nixon,479,Donald Trump George W. Bush,0
Richard Nixon,479,Donald Trump Hillary Clinton,0
Richard Nixon,479,Donald Trump Joe Biden,1
Richard Nixon,479,Donald Trump Ronald Reagan,0
Richard Nixon,479,Elizabeth Warren George W. Bush,0
Richard Nixon,479,Elizabeth Warren Hillary Clinton,0
Richard Nixon,479,Elizabeth Warren Joe Biden,1
Richard Nixon,479,Elizabeth Warren Ronald Reagan,0
Richard Nixon,479,George W. Bush Hillary Clinton,0
Richard Nixon,479,George W. Bush Joe Biden,1
Richard Nixon,479,George W. Bush Ronald Reagan,0
Richard Nixon,479,Hillary Clinton Joe Biden,0
Richard Nixon,479,Hillary Clinton Ronald Reagan,0
Richard Nixon,479,Joe Biden Ronald Reagan,0
Donald Trump,480,Abraham Lincoln Barack Obama,0
Donald Trump,480,Abraham Lincoln Bernie Sanders,0
Donald Trump,480,Abraham Lincoln Elizabeth Warren,0
Donald Trump,480,Abraham Lincoln George W. Bush,0
Donald Trump,480,Abraham Lincoln Hillary Clinton,0
Donald Trump,480,Abraham Lincoln Joe Biden,0
Donald Trump,480,Abraham Lincoln Richard Nixon,0
Donald Trump,480,Abraham Lincoln Ronald Reagan,0
Donald Trump,480,Barack Obama Bernie Sanders,0
Donald Trump,480,Barack Obama Elizabeth Warren,0
Donald Trump,480,Barack Obama George W. Bush,0
Donald Trump,480,Barack Obama Hillary Clinton,0
Donald Trump,480,Barack Obama Joe Biden,0
Donald Trump,480,Barack Obama Richard Nixon,1
Donald Trump,480,Barack Obama Ronald Reagan,0
Donald Trump,480,Bernie Sanders Elizabeth Warren,0
Donald Trump,480,Bernie Sanders George W. Bush,0
Donald Trump,480,Bernie Sanders Hillary Clinton,0
Donald Trump,480,Bernie Sanders Joe Biden,0
Donald Trump,480,Bernie Sanders Richard Nixon,1
Donald Trump,480,Bernie Sanders Ronald Reagan,0
Donald Trump,480,Elizabeth Warren George W. Bush,0
Donald Trump,480,Elizabeth Warren Hillary Clinton,0
Donald Trump,480,Elizabeth Warren Joe Biden,0
Donald Trump,480,Elizabeth Warren Richard Nixon,0
Donald Trump,480,Elizabeth Warren Ronald Reagan,0
Donald Trump,480,George W. Bush Hillary Clinton,0
Donald Trump,480,George W. Bush Joe Biden,0
Donald Trump,480,George W. Bush Richard Nixon,0
Donald Trump,480,George W. Bush Ronald Reagan,0
Donald Trump,480,Hillary Clinton Joe Biden,0
Donald Trump,480,Hillary Clinton Richard Nixon,0
Donald Trump,480,Hillary Clinton Ronald Reagan,0
Donald Trump,480,Joe Biden Ronald Reagan,0
Donald Trump,480,Richard Nixon Ronald Reagan,0
Ronald Reagan,481,Abraham Lincoln Barack Obama,0
Ronald Reagan,481,Abraham Lincoln Bernie Sanders,0
Ronald Reagan,481,Abraham Lincoln Donald Trump,0
Ronald Reagan,481,Abraham Lincoln Elizabeth Warren,0
Ronald Reagan,481,Abraham Lincoln Hillary Clinton,0
Ronald Reagan,481,Abraham Lincoln Joe Biden,0
Ronald Reagan,481,Abraham Lincoln Richard Nixon,1
Ronald Reagan,481,Barack Obama Bernie Sanders,0
Ronald Reagan,481,Barack Obama Donald Trump,0
Ronald Reagan,481,Barack Obama Elizabeth Warren,0
Ronald Reagan,481,Barack Obama George W. Bush,0
Ronald Reagan,481,Barack Obama Hillary Clinton,0
Ronald Reagan,481,Barack Obama Joe Biden,0
Ronald Reagan,481,Barack Obama Richard Nixon,0
Ronald Reagan,481,Bernie Sanders Donald Trump,0
Ronald Reagan,481,Bernie Sanders Elizabeth Warren,0
Ronald Reagan,481,Bernie Sanders George W. Bush,0
Ronald Reagan,481,Bernie Sanders Hillary Clinton,0
Ronald Reagan,481,Bernie Sanders Joe Biden,0
Ronald Reagan,481,Bernie Sanders Richard Nixon,0
Ronald Reagan,481,Donald Trump Elizabeth Warren,0
Ronald Reagan,481,Donald Trump George W. Bush,0
Ronald Reagan,481,Donald Trump Hillary Clinton,0
Ronald Reagan,481,Donald Trump Joe Biden,0
Ronald Reagan,481,Donald Trump Richard Nixon,0
Ronald Reagan,481,Elizabeth Warren George W. Bush,0
Ronald Reagan,481,Elizabeth Warren Hillary Clinton,0
Ronald Reagan,481,Elizabeth Warren Joe Biden,0
Ronald Reagan,481,Elizabeth Warren Richard Nixon,0
Ronald Reagan,481,George W. Bush Hillary Clinton,0
Ronald Reagan,481,George W. Bush Joe Biden,0
Ronald Reagan,481,George W. Bush Richard Nixon,0
Ronald Reagan,481,Hillary Clinton Joe Biden,0
Ronald Reagan,481,Hillary Clinton Richard Nixon,0
Ronald Reagan,481,Joe Biden Richard Nixon,1
Elizabeth Warren,482,Abraham Lincoln Barack Obama,0
Elizabeth Warren,482,Abraham Lincoln Bernie Sanders,0
Elizabeth Warren,482,Abraham Lincoln Donald Trump,0
Elizabeth Warren,482,Abraham Lincoln George W. Bush,0
Elizabeth Warren,482,Abraham Lincoln Hillary Clinton,0
Elizabeth Warren,482,Abraham Lincoln Joe Biden,0
Elizabeth Warren,482,Abraham Lincoln Richard Nixon,0
Elizabeth Warren,482,Abraham Lincoln Ronald Reagan,0
Elizabeth Warren,482,Barack Obama Bernie Sanders,0
Elizabeth Warren,482,Barack Obama George W. Bush,0
Elizabeth Warren,482,Barack Obama Joe Biden,0
Elizabeth Warren,482,Barack Obama Richard Nixon,1
Elizabeth Warren,482,Barack Obama Ronald Reagan,0
Elizabeth Warren,482,Bernie Sanders Donald Trump,0
Elizabeth Warren,482,Bernie Sanders George W. Bush,0
Elizabeth Warren,482,Bernie Sanders Hillary Clinton,0
Elizabeth Warren,482,Bernie Sanders Joe Biden,0
Elizabeth Warren,482,Bernie Sanders Richard Nixon,0
Elizabeth Warren,482,Bernie Sanders Ronald Reagan,0
Elizabeth Warren,482,Donald Trump George W. Bush,1
Elizabeth Warren,482,Donald Trump Joe Biden,0
Elizabeth Warren,482,Donald Trump Richard Nixon,0
Elizabeth Warren,482,Donald Trump Ronald Reagan,0
Elizabeth Warren,482,George W. Bush Hillary Clinton,0
Elizabeth Warren,482,George W. Bush Richard Nixon,0
Elizabeth Warren,482,George W. Bush Ronald Reagan,0
Elizabeth Warren,482,Hillary Clinton Richard Nixon,0
Elizabeth Warren,482,Hillary Clinton Ronald Reagan,0
Elizabeth Warren,482,Joe Biden Richard Nixon,0
Elizabeth Warren,482,Joe Biden Ronald Reagan,0
Elizabeth Warren,482,Richard Nixon Ronald Reagan,0
Richard Nixon,483,Abraham Lincoln Barack Obama,0
Richard Nixon,483,Abraham Lincoln Bernie Sanders,0
Richard Nixon,483,Abraham Lincoln Donald Trump,0
Richard Nixon,483,Abraham Lincoln Elizabeth Warren,0
Richard Nixon,483,Abraham Lincoln George W. Bush,0
Richard Nixon,483,Abraham Lincoln Hillary Clinton,0
Richard Nixon,483,Abraham Lincoln Joe Biden,0
Richard Nixon,483,Abraham Lincoln Ronald Reagan,0
Richard Nixon,483,Barack Obama Donald Trump,0
Richard Nixon,483,Barack Obama Elizabeth Warren,0
Richard Nixon,483,Barack Obama George W. Bush,0
Richard Nixon,483,Barack Obama Hillary Clinton,0
Richard Nixon,483,Barack Obama Joe Biden,0
Richard Nixon,483,Barack Obama Ronald Reagan,1
Richard Nixon,483,Bernie Sanders Donald Trump,0
Richard Nixon,483,Bernie Sanders Elizabeth Warren,0
Richard Nixon,483,Bernie Sanders George W. Bush,0
Richard Nixon,483,Bernie Sanders Hillary Clinton,0
Richard Nixon,483,Bernie Sanders Joe Biden,0
Richard Nixon,483,Bernie Sanders Ronald Reagan,0
Richard Nixon,483,Donald Trump Elizabeth Warren,0
Richard Nixon,483,Donald Trump George W. Bush,0
Richard Nixon,483,Donald Trump Hillary Clinton,0
Richard Nixon,483,Donald Trump Joe Biden,0
Richard Nixon,483,Elizabeth Warren George W. Bush,0
Richard Nixon,483,Elizabeth Warren Hillary Clinton,0
Richard Nixon,483,Elizabeth Warren Joe Biden,0
Richard Nixon,483,Elizabeth Warren Ronald Reagan,0
Richard Nixon,483,George W. Bush Hillary Clinton,0
Richard Nixon,483,George W. Bush Joe Biden,0
Richard Nixon,483,George W. Bush Ronald Reagan,0
Richard Nixon,483,Hillary Clinton Joe Biden,0
Richard Nixon,483,Hillary Clinton Ronald Reagan,0
Richard Nixon,483,Joe Biden Ronald Reagan,1
Joe Biden,484,Abraham Lincoln Barack Obama,0
Joe Biden,484,Abraham Lincoln Bernie Sanders,0
Joe Biden,484,Abraham Lincoln Donald Trump,0
Joe Biden,484,Abraham Lincoln Elizabeth Warren,0
Joe Biden,484,Abraham Lincoln George W. Bush,0
Joe Biden,484,Abraham Lincoln Hillary Clinton,0
Joe Biden,484,Abraham Lincoln Richard Nixon,0
Joe Biden,484,Abraham Lincoln Ronald Reagan,0
Joe Biden,484,Barack Obama Bernie Sanders,0
Joe Biden,484,Barack Obama Donald Trump,0
Joe Biden,484,Barack Obama Elizabeth Warren,0
Joe Biden,484,Barack Obama George W. Bush,0
Joe Biden,484,Barack Obama Hillary Clinton,0
Joe Biden,484,Barack Obama Richard Nixon,0
Joe Biden,484,Barack Obama Ronald Reagan,0
Joe Biden,484,Bernie Sanders Donald Trump,0
Joe Biden,484,Bernie Sanders Elizabeth Warren,0
Joe Biden,484,Bernie Sanders George W. Bush,1
Joe Biden,484,Bernie Sanders Hillary Clinton,1
Joe Biden,484,Bernie Sanders Richard Nixon,0
Joe Biden,484,Bernie Sanders Ronald Reagan,0
Joe Biden,484,Donald Trump Hillary Clinton,0
Joe Biden,484,Donald Trump Richard Nixon,0
Joe Biden,484,Donald Trump Ronald Reagan,0
Joe Biden,484,Elizabeth Warren George W. Bush,0
Joe Biden,484,Elizabeth Warren Hillary Clinton,0
Joe Biden,484,Elizabeth Warren Richard Nixon,0
Joe Biden,484,Elizabeth Warren Ronald Reagan,0
Joe Biden,484,George W. Bush Hillary Clinton,0
Joe Biden,484,George W. Bush Richard Nixon,0
Joe Biden,484,George W. Bush Ronald Reagan,0
Joe Biden,484,Hillary Clinton Richard Nixon,0
Joe Biden,484,Hillary Clinton Ronald Reagan,0
Joe Biden,484,Richard Nixon Ronald Reagan,0
Bernie Sanders,485,Abraham Lincoln Barack Obama,0
Bernie Sanders,485,Abraham Lincoln Donald Trump,0
Bernie Sanders,485,Abraham Lincoln Elizabeth Warren,0
Bernie Sanders,485,Abraham Lincoln George W. Bush,0
Bernie Sanders,485,Abraham Lincoln Hillary Clinton,0
Bernie Sanders,485,Abraham Lincoln Joe Biden,0
Bernie Sanders,485,Abraham Lincoln Richard Nixon,0
Bernie Sanders,485,Abraham Lincoln Ronald Reagan,0
Bernie Sanders,485,Barack Obama Donald Trump,0
Bernie Sanders,485,Barack Obama Elizabeth Warren,0
Bernie Sanders,485,Barack Obama George W. Bush,0
Bernie Sanders,485,Barack Obama Hillary Clinton,0
Bernie Sanders,485,Barack Obama Joe Biden,0
Bernie Sanders,485,Barack Obama Richard Nixon,0
Bernie Sanders,485,Barack Obama Ronald Reagan,0
Bernie Sanders,485,Donald Trump Elizabeth Warren,0
Bernie Sanders,485,Donald Trump George W. Bush,0
Bernie Sanders,485,Donald Trump Hillary Clinton,0
Bernie Sanders,485,Donald Trump Joe Biden,0
Bernie Sanders,485,Donald Trump Richard Nixon,0
Bernie Sanders,485,Donald Trump Ronald Reagan,0
Bernie Sanders,485,Elizabeth Warren George W. Bush,0
Bernie Sanders,485,Elizabeth Warren Hillary Clinton,0
Bernie Sanders,485,Elizabeth Warren Joe Biden,0
Bernie Sanders,485,Elizabeth Warren Richard Nixon,0
Bernie Sanders,485,Elizabeth Warren Ronald Reagan,0
Bernie Sanders,485,George W. Bush Hillary Clinton,0
Bernie Sanders,485,George W. Bush Joe Biden,0
Bernie Sanders,485,George W. Bush Richard Nixon,0
Bernie Sanders,485,George W. Bush Ronald Reagan,0
Bernie Sanders,485,Hillary Clinton Joe Biden,0
Bernie Sanders,485,Hillary Clinton Richard Nixon,0
Bernie Sanders,485,Hillary Clinton Ronald Reagan,0
Bernie Sanders,485,Joe Biden Richard Nixon,0
Bernie Sanders,485,Joe Biden Ronald Reagan,0
Bernie Sanders,485,Richard Nixon Ronald Reagan,0
Abraham Lincoln,486,Barack Obama Bernie Sanders,0
Abraham Lincoln,486,Barack Obama Donald Trump,0
Abraham Lincoln,486,Barack Obama Elizabeth Warren,0
Abraham Lincoln,486,Barack Obama George W. Bush,1
Abraham Lincoln,486,Barack Obama Hillary Clinton,0
Abraham Lincoln,486,Barack Obama Joe Biden,0
Abraham Lincoln,486,Barack Obama Ronald Reagan,0
Abraham Lincoln,486,Bernie Sanders Donald Trump,0
Abraham Lincoln,486,Bernie Sanders Elizabeth Warren,0
Abraham Lincoln,486,Bernie Sanders George W. Bush,0
Abraham Lincoln,486,Bernie Sanders Hillary Clinton,0
Abraham Lincoln,486,Bernie Sanders Joe Biden,0
Abraham Lincoln,486,Bernie Sanders Richard Nixon,0
Abraham Lincoln,486,Bernie Sanders Ronald Reagan,0
Abraham Lincoln,486,Donald Trump Elizabeth Warren,0
Abraham Lincoln,486,Donald Trump George W. Bush,0
Abraham Lincoln,486,Donald Trump Hillary Clinton,0
Abraham Lincoln,486,Donald Trump Joe Biden,0
Abraham Lincoln,486,Donald Trump Richard Nixon,0
Abraham Lincoln,486,Donald Trump Ronald Reagan,0
Abraham Lincoln,486,Elizabeth Warren George W. Bush,0
Abraham Lincoln,486,Elizabeth Warren Hillary Clinton,0
Abraham Lincoln,486,Elizabeth Warren Joe Biden,0
Abraham Lincoln,486,Elizabeth Warren Richard Nixon,0
Abraham Lincoln,486,Elizabeth Warren Ronald Reagan,0
Abraham Lincoln,486,George W. Bush Hillary Clinton,0
Abraham Lincoln,486,George W. Bush Richard Nixon,0
Abraham Lincoln,486,George W. Bush Ronald Reagan,0
Abraham Lincoln,486,Hillary Clinton Joe Biden,1
Abraham Lincoln,486,Hillary Clinton Richard Nixon,0
Abraham Lincoln,486,Joe Biden Richard Nixon,0
Abraham Lincoln,486,Joe Biden Ronald Reagan,0
Abraham Lincoln,486,Richard Nixon Ronald Reagan,0
Bernie Sanders,487,Abraham Lincoln Barack Obama,0
Bernie Sanders,487,Abraham Lincoln Donald Trump,0
Bernie Sanders,487,Abraham Lincoln Elizabeth Warren,1
Bernie Sanders,487,Abraham Lincoln George W. Bush,0
Bernie Sanders,487,Abraham Lincoln Hillary Clinton,0
Bernie Sanders,487,Abraham Lincoln Richard Nixon,0
Bernie Sanders,487,Abraham Lincoln Ronald Reagan,0
Bernie Sanders,487,Barack Obama Donald Trump,0
Bernie Sanders,487,Barack Obama Elizabeth Warren,0
Bernie Sanders,487,Barack Obama George W. Bush,0
Bernie Sanders,487,Barack Obama Hillary Clinton,0
Bernie Sanders,487,Barack Obama Joe Biden,0
Bernie Sanders,487,Barack Obama Richard Nixon,0
Bernie Sanders,487,Barack Obama Ronald Reagan,0
Bernie Sanders,487,Donald Trump Elizabeth Warren,0
Bernie Sanders,487,Donald Trump George W. Bush,0
Bernie Sanders,487,Donald Trump Hillary Clinton,0
Bernie Sanders,487,Donald Trump Joe Biden,0
Bernie Sanders,487,Donald Trump Ronald Reagan,0
Bernie Sanders,487,Elizabeth Warren George W. Bush,0
Bernie Sanders,487,Elizabeth Warren Hillary Clinton,0
Bernie Sanders,487,Elizabeth Warren Joe Biden,0
Bernie Sanders,487,Elizabeth Warren Richard Nixon,0
Bernie Sanders,487,Elizabeth Warren Ronald Reagan,0
Bernie Sanders,487,George W. Bush Hillary Clinton,0
Bernie Sanders,487,George W. Bush Joe Biden,0
Bernie Sanders,487,George W. Bush Richard Nixon,0
Bernie Sanders,487,George W. Bush Ronald Reagan,0
Bernie Sanders,487,Hillary Clinton Joe Biden,0
Bernie Sanders,487,Hillary Clinton Richard Nixon,0
Bernie Sanders,487,Joe Biden Richard Nixon,0
Bernie Sanders,487,Joe Biden Ronald Reagan,0
Bernie Sanders,487,Richard Nixon Ronald Reagan,0
Donald Trump,488,Abraham Lincoln Barack Obama,0
Donald Trump,488,Abraham Lincoln Bernie Sanders,0
Donald Trump,488,Abraham Lincoln Elizabeth Warren,0
Donald Trump,488,Abraham Lincoln Hillary Clinton,0
Donald Trump,488,Abraham Lincoln Joe Biden,0
Donald Trump,488,Abraham Lincoln Richard Nixon,1
Donald Trump,488,Abraham Lincoln Ronald Reagan,0
Donald Trump,488,Barack Obama Bernie Sanders,0
Donald Trump,488,Barack Obama Elizabeth Warren,0
Donald Trump,488,Barack Obama George W. Bush,0
Donald Trump,488,Barack Obama Hillary Clinton,0
Donald Trump,488,Barack Obama Joe Biden,0
Donald Trump,488,Barack Obama Richard Nixon,0
Donald Trump,488,Barack Obama Ronald Reagan,0
Donald Trump,488,Bernie Sanders Elizabeth Warren,0
Donald Trump,488,Bernie Sanders George W. Bush,0
Donald Trump,488,Bernie Sanders Hillary Clinton,0
Donald Trump,488,Bernie Sanders Joe Biden,0
Donald Trump,488,Bernie Sanders Ronald Reagan,1
Donald Trump,488,Elizabeth Warren George W. Bush,0
Donald Trump,488,Elizabeth Warren Hillary Clinton,1
Donald Trump,488,Elizabeth Warren Joe Biden,0
Donald Trump,488,Elizabeth Warren Richard Nixon,0
Donald Trump,488,Elizabeth Warren Ronald Reagan,1
Donald Trump,488,George W. Bush Hillary Clinton,0
Donald Trump,488,George W. Bush Joe Biden,0
Donald Trump,488,George W. Bush Richard Nixon,0
Donald Trump,488,George W. Bush Ronald Reagan,0
Donald Trump,488,Hillary Clinton Richard Nixon,0
Donald Trump,488,Hillary Clinton Ronald Reagan,1
Donald Trump,488,Joe Biden Richard Nixon,0
Donald Trump,488,Joe Biden Ronald Reagan,0
Donald Trump,488,Richard Nixon Ronald Reagan,0
Barack Obama,489,Abraham Lincoln Bernie Sanders,0
Barack Obama,489,Abraham Lincoln Donald Trump,0
Barack Obama,489,Abraham Lincoln Elizabeth Warren,0
Barack Obama,489,Abraham Lincoln George W. Bush,0
Barack Obama,489,Abraham Lincoln Hillary Clinton,0
Barack Obama,489,Abraham Lincoln Joe Biden,0
Barack Obama,489,Abraham Lincoln Richard Nixon,0
Barack Obama,489,Abraham Lincoln Ronald Reagan,0
Barack Obama,489,Bernie Sanders Donald Trump,0
Barack Obama,489,Bernie Sanders Elizabeth Warren,0
Barack Obama,489,Bernie Sanders George W. Bush,0
Barack Obama,489,Bernie Sanders Hillary Clinton,0
Barack Obama,489,Bernie Sanders Joe Biden,0
Barack Obama,489,Bernie Sanders Richard Nixon,0
Barack Obama,489,Bernie Sanders Ronald Reagan,0
Barack Obama,489,Donald Trump Elizabeth Warren,0
Barack Obama,489,Donald Trump George W. Bush,0
Barack Obama,489,Donald Trump Hillary Clinton,0
Barack Obama,489,Donald Trump Joe Biden,0
Barack Obama,489,Donald Trump Richard Nixon,0
Barack Obama,489,Donald Trump Ronald Reagan,0
Barack Obama,489,Elizabeth Warren George W. Bush,0
Barack Obama,489,Elizabeth Warren Hillary Clinton,0
Barack Obama,489,Elizabeth Warren Joe Biden,0
Barack Obama,489,Elizabeth Warren Richard Nixon,0
Barack Obama,489,George W. Bush Hillary Clinton,1
Barack Obama,489,George W. Bush Joe Biden,1
Barack Obama,489,George W. Bush Richard Nixon,0
Barack Obama,489,George W. Bush Ronald Reagan,0
Barack Obama,489,Hillary Clinton Joe Biden,0
Barack Obama,489,Hillary Clinton Richard Nixon,0
Barack Obama,489,Hillary Clinton Ronald Reagan,0
Barack Obama,489,Joe Biden Richard Nixon,0
Barack Obama,489,Joe Biden Ronald Reagan,0
Barack Obama,489,Richard Nixon Ronald Reagan,0
Abraham Lincoln,490,Barack Obama Donald Trump,0
Abraham Lincoln,490,Barack Obama Elizabeth Warren,0
Abraham Lincoln,490,Barack Obama George W. Bush,1
Abraham Lincoln,490,Barack Obama Hillary Clinton,0
Abraham Lincoln,490,Barack Obama Joe Biden,0
Abraham Lincoln,490,Barack Obama Richard Nixon,0
Abraham Lincoln,490,Bernie Sanders Donald Trump,0
Abraham Lincoln,490,Bernie Sanders Elizabeth Warren,0
Abraham Lincoln,490,Bernie Sanders George W. Bush,0
Abraham Lincoln,490,Bernie Sanders Hillary Clinton,0
Abraham Lincoln,490,Bernie Sanders Joe Biden,0
Abraham Lincoln,490,Bernie Sanders Richard Nixon,0
Abraham Lincoln,490,Bernie Sanders Ronald Reagan,0
Abraham Lincoln,490,Donald Trump Elizabeth Warren,0
Abraham Lincoln,490,Donald Trump George W. Bush,0
Abraham Lincoln,490,Donald Trump Hillary Clinton,0
Abraham Lincoln,490,Donald Trump Joe Biden,0
Abraham Lincoln,490,Donald Trump Richard Nixon,0
Abraham Lincoln,490,Donald Trump Ronald Reagan,0
Abraham Lincoln,490,Elizabeth Warren George W. Bush,0
Abraham Lincoln,490,Elizabeth Warren Hillary Clinton,0
Abraham Lincoln,490,Elizabeth Warren Richard Nixon,0
Abraham Lincoln,490,Elizabeth Warren Ronald Reagan,0
Abraham Lincoln,490,George W. Bush Hillary Clinton,0
Abraham Lincoln,490,George W. Bush Joe Biden,0
Abraham Lincoln,490,George W. Bush Richard Nixon,0
Abraham Lincoln,490,George W. Bush Ronald Reagan,0
Abraham Lincoln,490,Hillary Clinton Richard Nixon,0
Abraham Lincoln,490,Hillary Clinton Ronald Reagan,0
Abraham Lincoln,490,Joe Biden Richard Nixon,0
Abraham Lincoln,490,Joe Biden Ronald Reagan,0
Hillary Clinton,491,Abraham Lincoln Barack Obama,0
Hillary Clinton,491,Abraham Lincoln Bernie Sanders,0
Hillary Clinton,491,Abraham Lincoln Donald Trump,0
Hillary Clinton,491,Abraham Lincoln Elizabeth Warren,0
Hillary Clinton,491,Abraham Lincoln George W. Bush,0
Hillary Clinton,491,Abraham Lincoln Joe Biden,0
Hillary Clinton,491,Abraham Lincoln Richard Nixon,0
Hillary Clinton,491,Abraham Lincoln Ronald Reagan,0
Hillary Clinton,491,Barack Obama Bernie Sanders,0
Hillary Clinton,491,Barack Obama Donald Trump,0
Hillary Clinton,491,Barack Obama Elizabeth Warren,0
Hillary Clinton,491,Barack Obama George W. Bush,0
Hillary Clinton,491,Barack Obama Joe Biden,0
Hillary Clinton,491,Barack Obama Richard Nixon,0
Hillary Clinton,491,Barack Obama Ronald Reagan,1
Hillary Clinton,491,Bernie Sanders Donald Trump,0
Hillary Clinton,491,Bernie Sanders Elizabeth Warren,0
Hillary Clinton,491,Bernie Sanders George W. Bush,0
Hillary Clinton,491,Bernie Sanders Joe Biden,0
Hillary Clinton,491,Bernie Sanders Richard Nixon,0
Hillary Clinton,491,Bernie Sanders Ronald Reagan,0
Hillary Clinton,491,Donald Trump Elizabeth Warren,0
Hillary Clinton,491,Donald Trump George W. Bush,0
Hillary Clinton,491,Donald Trump Joe Biden,0
Hillary Clinton,491,Donald Trump Richard Nixon,0
Hillary Clinton,491,Donald Trump Ronald Reagan,0
Hillary Clinton,491,Elizabeth Warren George W. Bush,0
Hillary Clinton,491,Elizabeth Warren Joe Biden,0
Hillary Clinton,491,Elizabeth Warren Richard Nixon,0
Hillary Clinton,491,Elizabeth Warren Ronald Reagan,0
Hillary Clinton,491,George W. Bush Richard Nixon,0
Hillary Clinton,491,George W. Bush Ronald Reagan,0
Hillary Clinton,491,Joe Biden Richard Nixon,0
Hillary Clinton,491,Joe Biden Ronald Reagan,0
Hillary Clinton,491,Richard Nixon Ronald Reagan,0
Joe Biden,492,Abraham Lincoln Barack Obama,0
Joe Biden,492,Abraham Lincoln Bernie Sanders,0
Joe Biden,492,Abraham Lincoln Donald Trump,0
Joe Biden,492,Abraham Lincoln Elizabeth Warren,0
Joe Biden,492,Abraham Lincoln George W. Bush,0
Joe Biden,492,Abraham Lincoln Hillary Clinton,0
Joe Biden,492,Abraham Lincoln Richard Nixon,0
Joe Biden,492,Abraham Lincoln Ronald Reagan,0
Joe Biden,492,Barack Obama Bernie Sanders,0
Joe Biden,492,Barack Obama Donald Trump,0
Joe Biden,492,Barack Obama Elizabeth Warren,0
Joe Biden,492,Barack Obama George W. Bush,0
Joe Biden,492,Barack Obama Hillary Clinton,1
Joe Biden,492,Barack Obama Richard Nixon,0
Joe Biden,492,Barack Obama Ronald Reagan,0
Joe Biden,492,Bernie Sanders Elizabeth Warren,0
Joe Biden,492,Bernie Sanders Hillary Clinton,0
Joe Biden,492,Bernie Sanders Richard Nixon,0
Joe Biden,492,Bernie Sanders Ronald Reagan,0
Joe Biden,492,Donald Trump Elizabeth Warren,0
Joe Biden,492,Donald Trump George W. Bush,0
Joe Biden,492,Donald Trump Hillary Clinton,0
Joe Biden,492,Donald Trump Richard Nixon,0
Joe Biden,492,Donald Trump Ronald Reagan,0
Joe Biden,492,Elizabeth Warren George W. Bush,0
Joe Biden,492,Elizabeth Warren Hillary Clinton,0
Joe Biden,492,Elizabeth Warren Richard Nixon,0
Joe Biden,492,Elizabeth Warren Ronald Reagan,0
Joe Biden,492,George W. Bush Richard Nixon,0
Joe Biden,492,George W. Bush Ronald Reagan,0
Joe Biden,492,Hillary Clinton Richard Nixon,0
Joe Biden,492,Hillary Clinton Ronald Reagan,0
Joe Biden,492,Richard Nixon Ronald Reagan,0
Hillary Clinton,493,Abraham Lincoln Barack Obama,1
Hillary Clinton,493,Abraham Lincoln Bernie Sanders,0
Hillary Clinton,493,Abraham Lincoln Donald Trump,0
Hillary Clinton,493,Abraham Lincoln Elizabeth Warren,0
Hillary Clinton,493,Abraham Lincoln George W. Bush,1
Hillary Clinton,493,Abraham Lincoln Joe Biden,0
Hillary Clinton,493,Abraham Lincoln Richard Nixon,0
Hillary Clinton,493,Abraham Lincoln Ronald Reagan,0
Hillary Clinton,493,Barack Obama Bernie Sanders,0
Hillary Clinton,493,Barack Obama Donald Trump,0
Hillary Clinton,493,Barack Obama Elizabeth Warren,0
Hillary Clinton,493,Barack Obama George W. Bush,0
Hillary Clinton,493,Barack Obama Richard Nixon,0
Hillary Clinton,493,Barack Obama Ronald Reagan,0
Hillary Clinton,493,Bernie Sanders Donald Trump,0
Hillary Clinton,493,Bernie Sanders Elizabeth Warren,0
Hillary Clinton,493,Bernie Sanders George W. Bush,0
Hillary Clinton,493,Bernie Sanders Joe Biden,0
Hillary Clinton,493,Bernie Sanders Richard Nixon,0
Hillary Clinton,493,Bernie Sanders Ronald Reagan,0
Hillary Clinton,493,Donald Trump Elizabeth Warren,1
Hillary Clinton,493,Donald Trump George W. Bush,0
Hillary Clinton,493,Donald Trump Joe Biden,0
Hillary Clinton,493,Donald Trump Richard Nixon,0
Hillary Clinton,493,Donald Trump Ronald Reagan,0
Hillary Clinton,493,Elizabeth Warren George W. Bush,0
Hillary Clinton,493,Elizabeth Warren Joe Biden,0
Hillary Clinton,493,Elizabeth Warren Richard Nixon,0
Hillary Clinton,493,Elizabeth Warren Ronald Reagan,0
Hillary Clinton,493,George W. Bush Joe Biden,0
Hillary Clinton,493,George W. Bush Richard Nixon,1
Hillary Clinton,493,George W. Bush Ronald Reagan,0
Hillary Clinton,493,Joe Biden Richard Nixon,0
Hillary Clinton,493,Joe Biden Ronald Reagan,0
Hillary Clinton,493,Richard Nixon Ronald Reagan,0
Elizabeth Warren,494,Abraham Lincoln Barack Obama,0
Elizabeth Warren,494,Abraham Lincoln Bernie Sanders,0
Elizabeth Warren,494,Abraham Lincoln Donald Trump,0
Elizabeth Warren,494,Abraham Lincoln George W. Bush,0
Elizabeth Warren,494,Abraham Lincoln Hillary Clinton,0
Elizabeth Warren,494,Abraham Lincoln Joe Biden,0
Elizabeth Warren,494,Abraham Lincoln Richard Nixon,0
Elizabeth Warren,494,Abraham Lincoln Ronald Reagan,0
Elizabeth Warren,494,Barack Obama Bernie Sanders,1
Elizabeth Warren,494,Barack Obama Donald Trump,0
Elizabeth Warren,494,Barack Obama George W. Bush,0
Elizabeth Warren,494,Barack Obama Hillary Clinton,0
Elizabeth Warren,494,Barack Obama Joe Biden,0
Elizabeth Warren,494,Barack Obama Richard Nixon,0
Elizabeth Warren,494,Bernie Sanders Donald Trump,0
Elizabeth Warren,494,Bernie Sanders George W. Bush,0
Elizabeth Warren,494,Bernie Sanders Hillary Clinton,0
Elizabeth Warren,494,Bernie Sanders Joe Biden,0
Elizabeth Warren,494,Bernie Sanders Richard Nixon,0
Elizabeth Warren,494,Bernie Sanders Ronald Reagan,0
Elizabeth Warren,494,Donald Trump George W. Bush,0
Elizabeth Warren,494,Donald Trump Hillary Clinton,0
Elizabeth Warren,494,Donald Trump Joe Biden,0
Elizabeth Warren,494,Donald Trump Richard Nixon,0
Elizabeth Warren,494,George W. Bush Hillary Clinton,1
Elizabeth Warren,494,George W. Bush Joe Biden,0
Elizabeth Warren,494,George W. Bush Richard Nixon,0
Elizabeth Warren,494,George W. Bush Ronald Reagan,0
Elizabeth Warren,494,Hillary Clinton Richard Nixon,0
Elizabeth Warren,494,Hillary Clinton Ronald Reagan,0
Elizabeth Warren,494,Joe Biden Richard Nixon,0
Elizabeth Warren,494,Richard Nixon Ronald Reagan,0
Abraham Lincoln,495,Barack Obama Bernie Sanders,0
Abraham Lincoln,495,Barack Obama Donald Trump,0
Abraham Lincoln,495,Barack Obama Elizabeth Warren,0
Abraham Lincoln,495,Barack Obama George W. Bush,0
Abraham Lincoln,495,Barack Obama Hillary Clinton,0
Abraham Lincoln,495,Barack Obama Joe Biden,0
Abraham Lincoln,495,Barack Obama Ronald Reagan,0
Abraham Lincoln,495,Bernie Sanders Donald Trump,0
Abraham Lincoln,495,Bernie Sanders Elizabeth Warren,0
Abraham Lincoln,495,Bernie Sanders George W. Bush,0
Abraham Lincoln,495,Bernie Sanders Hillary Clinton,0
Abraham Lincoln,495,Bernie Sanders Joe Biden,0
Abraham Lincoln,495,Bernie Sanders Richard Nixon,0
Abraham Lincoln,495,Bernie Sanders Ronald Reagan,0
Abraham Lincoln,495,Donald Trump Elizabeth Warren,0
Abraham Lincoln,495,Donald Trump George W. Bush,0
Abraham Lincoln,495,Donald Trump Hillary Clinton,0
Abraham Lincoln,495,Donald Trump Joe Biden,0
Abraham Lincoln,495,Donald Trump Richard Nixon,0
Abraham Lincoln,495,Donald Trump Ronald Reagan,0
Abraham Lincoln,495,Elizabeth Warren George W. Bush,0
Abraham Lincoln,495,Elizabeth Warren Hillary Clinton,0
Abraham Lincoln,495,Elizabeth Warren Joe Biden,0
Abraham Lincoln,495,Elizabeth Warren Richard Nixon,0
Abraham Lincoln,495,Elizabeth Warren Ronald Reagan,0
Abraham Lincoln,495,George W. Bush Hillary Clinton,0
Abraham Lincoln,495,George W. Bush Joe Biden,0
Abraham Lincoln,495,George W. Bush Richard Nixon,0
Abraham Lincoln,495,George W. Bush Ronald Reagan,0
Abraham Lincoln,495,Hillary Clinton Joe Biden,0
Abraham Lincoln,495,Hillary Clinton Richard Nixon,0
Abraham Lincoln,495,Hillary Clinton Ronald Reagan,0
Abraham Lincoln,495,Joe Biden Richard Nixon,0
Abraham Lincoln,495,Joe Biden Ronald Reagan,0
Abraham Lincoln,495,Richard Nixon Ronald Reagan,0
Hillary Clinton,496,Abraham Lincoln Barack Obama,0
Hillary Clinton,496,Abraham Lincoln Bernie Sanders,0
Hillary Clinton,496,Abraham Lincoln Donald Trump,0
Hillary Clinton,496,Abraham Lincoln Elizabeth Warren,0
Hillary Clinton,496,Abraham Lincoln George W. Bush,0
Hillary Clinton,496,Abraham Lincoln Richard Nixon,0
Hillary Clinton,496,Abraham Lincoln Ronald Reagan,0
Hillary Clinton,496,Barack Obama Bernie Sanders,0
Hillary Clinton,496,Barack Obama Donald Trump,0
Hillary Clinton,496,Barack Obama Elizabeth Warren,1
Hillary Clinton,496,Barack Obama George W. Bush,0
Hillary Clinton,496,Barack Obama Joe Biden,1
Hillary Clinton,496,Barack Obama Richard Nixon,0
Hillary Clinton,496,Barack Obama Ronald Reagan,0
Hillary Clinton,496,Bernie Sanders Donald Trump,0
Hillary Clinton,496,Bernie Sanders Elizabeth Warren,0
Hillary Clinton,496,Bernie Sanders George W. Bush,0
Hillary Clinton,496,Bernie Sanders Joe Biden,0
Hillary Clinton,496,Bernie Sanders Richard Nixon,0
Hillary Clinton,496,Bernie Sanders Ronald Reagan,0
Hillary Clinton,496,Donald Trump Elizabeth Warren,0
Hillary Clinton,496,Donald Trump George W. Bush,0
Hillary Clinton,496,Donald Trump Joe Biden,0
Hillary Clinton,496,Donald Trump Richard Nixon,0
Hillary Clinton,496,Donald Trump Ronald Reagan,0
Hillary Clinton,496,Elizabeth Warren George W. Bush,0
Hillary Clinton,496,Elizabeth Warren Joe Biden,0
Hillary Clinton,496,Elizabeth Warren Richard Nixon,0
Hillary Clinton,496,Elizabeth Warren Ronald Reagan,0
Hillary Clinton,496,George W. Bush Joe Biden,0
Hillary Clinton,496,George W. Bush Richard Nixon,0
Hillary Clinton,496,George W. Bush Ronald Reagan,0
Hillary Clinton,496,Joe Biden Richard Nixon,0
Hillary Clinton,496,Joe Biden Ronald Reagan,0
Hillary Clinton,496,Richard Nixon Ronald Reagan,0
Hillary Clinton,497,Abraham Lincoln Barack Obama,0
Hillary Clinton,497,Abraham Lincoln Bernie Sanders,0
Hillary Clinton,497,Abraham Lincoln Donald Trump,0
Hillary Clinton,497,Abraham Lincoln Elizabeth Warren,0
Hillary Clinton,497,Abraham Lincoln George W. Bush,0
Hillary Clinton,497,Abraham Lincoln Joe Biden,0
Hillary Clinton,497,Abraham Lincoln Richard Nixon,0
Hillary Clinton,497,Barack Obama Bernie Sanders,0
Hillary Clinton,497,Barack Obama Donald Trump,0
Hillary Clinton,497,Barack Obama Elizabeth Warren,0
Hillary Clinton,497,Barack Obama George W. Bush,0
Hillary Clinton,497,Barack Obama Joe Biden,0
Hillary Clinton,497,Barack Obama Richard Nixon,0
Hillary Clinton,497,Barack Obama Ronald Reagan,0
Hillary Clinton,497,Bernie Sanders Donald Trump,0
Hillary Clinton,497,Bernie Sanders Elizabeth Warren,0
Hillary Clinton,497,Bernie Sanders George W. Bush,0
Hillary Clinton,497,Bernie Sanders Joe Biden,0
Hillary Clinton,497,Bernie Sanders Richard Nixon,0
Hillary Clinton,497,Bernie Sanders Ronald Reagan,0
Hillary Clinton,497,Donald Trump Elizabeth Warren,0
Hillary Clinton,497,Donald Trump George W. Bush,0
Hillary Clinton,497,Donald Trump Joe Biden,0
Hillary Clinton,497,Donald Trump Richard Nixon,1
Hillary Clinton,497,Donald Trump Ronald Reagan,0
Hillary Clinton,497,Elizabeth Warren George W. Bush,0
Hillary Clinton,497,Elizabeth Warren Joe Biden,1
Hillary Clinton,497,Elizabeth Warren Richard Nixon,0
Hillary Clinton,497,Elizabeth Warren Ronald Reagan,0
Hillary Clinton,497,George W. Bush Joe Biden,1
Hillary Clinton,497,George W. Bush Richard Nixon,0
Hillary Clinton,497,George W. Bush Ronald Reagan,0
Hillary Clinton,497,Joe Biden Richard Nixon,1
Hillary Clinton,497,Joe Biden Ronald Reagan,0
Hillary Clinton,497,Richard Nixon Ronald Reagan,0
Richard Nixon,498,Abraham Lincoln Barack Obama,0
Richard Nixon,498,Abraham Lincoln Bernie Sanders,0
Richard Nixon,498,Abraham Lincoln Donald Trump,0
Richard Nixon,498,Abraham Lincoln Elizabeth Warren,0
Richard Nixon,498,Abraham Lincoln George W. Bush,0
Richard Nixon,498,Abraham Lincoln Hillary Clinton,0
Richard Nixon,498,Abraham Lincoln Joe Biden,0
Richard Nixon,498,Abraham Lincoln Ronald Reagan,0
Richard Nixon,498,Barack Obama Bernie Sanders,0
Richard Nixon,498,Barack Obama Donald Trump,0
Richard Nixon,498,Barack Obama Elizabeth Warren,0
Richard Nixon,498,Barack Obama Hillary Clinton,1
Richard Nixon,498,Barack Obama Joe Biden,0
Richard Nixon,498,Barack Obama Ronald Reagan,0
Richard Nixon,498,Bernie Sanders Donald Trump,0
Richard Nixon,498,Bernie Sanders Elizabeth Warren,0
Richard Nixon,498,Bernie Sanders George W. Bush,0
Richard Nixon,498,Bernie Sanders Hillary Clinton,0
Richard Nixon,498,Bernie Sanders Joe Biden,0
Richard Nixon,498,Bernie Sanders Ronald Reagan,0
Richard Nixon,498,Donald Trump Elizabeth Warren,0
Richard Nixon,498,Donald Trump George W. Bush,0
Richard Nixon,498,Donald Trump Hillary Clinton,0
Richard Nixon,498,Donald Trump Joe Biden,0
Richard Nixon,498,Donald Trump Ronald Reagan,0
Richard Nixon,498,Elizabeth Warren Hillary Clinton,0
Richard Nixon,498,Elizabeth Warren Joe Biden,0
Richard Nixon,498,Elizabeth Warren Ronald Reagan,0
Richard Nixon,498,George W. Bush Joe Biden,0
Richard Nixon,498,George W. Bush Ronald Reagan,0
Richard Nixon,498,Hillary Clinton Joe Biden,0
Richard Nixon,498,Hillary Clinton Ronald Reagan,0
Richard Nixon,498,Joe Biden Ronald Reagan,0
Bernie Sanders,499,Abraham Lincoln Barack Obama,0
Bernie Sanders,499,Abraham Lincoln Donald Trump,0
Bernie Sanders,499,Abraham Lincoln Elizabeth Warren,0
Bernie Sanders,499,Abraham Lincoln George W. Bush,0
Bernie Sanders,499,Abraham Lincoln Hillary Clinton,0
Bernie Sanders,499,Abraham Lincoln Joe Biden,0
Bernie Sanders,499,Abraham Lincoln Richard Nixon,0
Bernie Sanders,499,Abraham Lincoln Ronald Reagan,0
Bernie Sanders,499,Barack Obama Donald Trump,0
Bernie Sanders,499,Barack Obama Elizabeth Warren,0
Bernie Sanders,499,Barack Obama George W. Bush,0
Bernie Sanders,499,Barack Obama Hillary Clinton,0
Bernie Sanders,499,Barack Obama Joe Biden,0
Bernie Sanders,499,Barack Obama Richard Nixon,0
Bernie Sanders,499,Barack Obama Ronald Reagan,0
Bernie Sanders,499,Donald Trump Elizabeth Warren,0
Bernie Sanders,499,Donald Trump George W. Bush,0
Bernie Sanders,499,Donald Trump Hillary Clinton,0
Bernie Sanders,499,Donald Trump Joe Biden,0
Bernie Sanders,499,Donald Trump Richard Nixon,0
Bernie Sanders,499,Donald Trump Ronald Reagan,0
Bernie Sanders,499,Elizabeth Warren George W. Bush,0
Bernie Sanders,499,Elizabeth Warren Joe Biden,0
Bernie Sanders,499,Elizabeth Warren Richard Nixon,0
Bernie Sanders,499,Elizabeth Warren Ronald Reagan,0
Bernie Sanders,499,George W. Bush Hillary Clinton,0
Bernie Sanders,499,George W. Bush Joe Biden,0
Bernie Sanders,499,George W. Bush Richard Nixon,1
Bernie Sanders,499,George W. Bush Ronald Reagan,0
Bernie Sanders,499,Hillary Clinton Joe Biden,0
Bernie Sanders,499,Hillary Clinton Richard Nixon,0
Bernie Sanders,499,Hillary Clinton Ronald Reagan,0
Bernie Sanders,499,Joe Biden Richard Nixon,0
Bernie Sanders,499,Joe Biden Ronald Reagan,0
Bernie Sanders,499,Richard Nixon Ronald Reagan,0
Richard Nixon,500,Abraham Lincoln Barack Obama,0
Richard Nixon,500,Abraham Lincoln Bernie Sanders,0
Richard Nixon,500,Abraham Lincoln Donald Trump,0
Richard Nixon,500,Abraham Lincoln Elizabeth Warren,0
Richard Nixon,500,Abraham Lincoln George W. Bush,0
Richard Nixon,500,Abraham Lincoln Hillary Clinton,0
Richard Nixon,500,Abraham Lincoln Joe Biden,0
Richard Nixon,500,Abraham Lincoln Ronald Reagan,0
Richard Nixon,500,Barack Obama Bernie Sanders,0
Richard Nixon,500,Barack Obama Donald Trump,0
Richard Nixon,500,Barack Obama Elizabeth Warren,0
Richard Nixon,500,Barack Obama George W. Bush,0
Richard Nixon,500,Barack Obama Hillary Clinton,0
Richard Nixon,500,Barack Obama Joe Biden,0
Richard Nixon,500,Barack Obama Ronald Reagan,0
Richard Nixon,500,Bernie Sanders Donald Trump,0
Richard Nixon,500,Bernie Sanders Elizabeth Warren,0
Richard Nixon,500,Bernie Sanders George W. Bush,0
Richard Nixon,500,Bernie Sanders Hillary Clinton,0
Richard Nixon,500,Bernie Sanders Joe Biden,0
Richard Nixon,500,Bernie Sanders Ronald Reagan,0
Richard Nixon,500,Donald Trump Elizabeth Warren,1
Richard Nixon,500,Donald Trump George W. Bush,0
Richard Nixon,500,Donald Trump Hillary Clinton,0
Richard Nixon,500,Donald Trump Joe Biden,1
Richard Nixon,500,Donald Trump Ronald Reagan,0
Richard Nixon,500,Elizabeth Warren George W. Bush,0
Richard Nixon,500,Elizabeth Warren Hillary Clinton,0
Richard Nixon,500,Elizabeth Warren Joe Biden,0
Richard Nixon,500,Elizabeth Warren Ronald Reagan,0
Richard Nixon,500,George W. Bush Joe Biden,0
Richard Nixon,500,George W. Bush Ronald Reagan,0
Richard Nixon,500,Hillary Clinton Joe Biden,0
Richard Nixon,500,Hillary Clinton Ronald Reagan,1
Richard Nixon,500,Joe Biden Ronald Reagan,0
Abraham Lincoln,501,Barack Obama Bernie Sanders,1
Abraham Lincoln,501,Barack Obama Donald Trump,0
Abraham Lincoln,501,Barack Obama Elizabeth Warren,0
Abraham Lincoln,501,Barack Obama Hillary Clinton,1
Abraham Lincoln,501,Barack Obama Joe Biden,1
Abraham Lincoln,501,Barack Obama Richard Nixon,0
Abraham Lincoln,501,Barack Obama Ronald Reagan,0
Abraham Lincoln,501,Bernie Sanders Donald Trump,0
Abraham Lincoln,501,Bernie Sanders Elizabeth Warren,0
Abraham Lincoln,501,Bernie Sanders George W. Bush,0
Abraham Lincoln,501,Bernie Sanders Hillary Clinton,0
Abraham Lincoln,501,Bernie Sanders Joe Biden,0
Abraham Lincoln,501,Bernie Sanders Richard Nixon,0
Abraham Lincoln,501,Bernie Sanders Ronald Reagan,0
Abraham Lincoln,501,Donald Trump George W. Bush,0
Abraham Lincoln,501,Donald Trump Hillary Clinton,0
Abraham Lincoln,501,Donald Trump Joe Biden,0
Abraham Lincoln,501,Donald Trump Richard Nixon,0
Abraham Lincoln,501,Donald Trump Ronald Reagan,0
Abraham Lincoln,501,Elizabeth Warren George W. Bush,0
Abraham Lincoln,501,Elizabeth Warren Hillary Clinton,0
Abraham Lincoln,501,Elizabeth Warren Joe Biden,0
Abraham Lincoln,501,Elizabeth Warren Richard Nixon,0
Abraham Lincoln,501,Elizabeth Warren Ronald Reagan,0
Abraham Lincoln,501,George W. Bush Hillary Clinton,0
Abraham Lincoln,501,George W. Bush Richard Nixon,0
Abraham Lincoln,501,George W. Bush Ronald Reagan,0
Abraham Lincoln,501,Hillary Clinton Joe Biden,0
Abraham Lincoln,501,Hillary Clinton Richard Nixon,0
Abraham Lincoln,501,Hillary Clinton Ronald Reagan,0
Abraham Lincoln,501,Joe Biden Richard Nixon,0
Abraham Lincoln,501,Joe Biden Ronald Reagan,0
Abraham Lincoln,501,Richard Nixon Ronald Reagan,0
Abraham Lincoln,502,Barack Obama Bernie Sanders,1
Abraham Lincoln,502,Barack Obama Donald Trump,0
Abraham Lincoln,502,Barack Obama Elizabeth Warren,0
Abraham Lincoln,502,Barack Obama George W. Bush,0
Abraham Lincoln,502,Barack Obama Hillary Clinton,0
Abraham Lincoln,502,Barack Obama Joe Biden,0
Abraham Lincoln,502,Barack Obama Richard Nixon,0
Abraham Lincoln,502,Bernie Sanders Donald Trump,0
Abraham Lincoln,502,Bernie Sanders Elizabeth Warren,0
Abraham Lincoln,502,Bernie Sanders George W. Bush,0
Abraham Lincoln,502,Bernie Sanders Hillary Clinton,0
Abraham Lincoln,502,Bernie Sanders Joe Biden,0
Abraham Lincoln,502,Bernie Sanders Richard Nixon,0
Abraham Lincoln,502,Bernie Sanders Ronald Reagan,0
Abraham Lincoln,502,Donald Trump Elizabeth Warren,0
Abraham Lincoln,502,Donald Trump George W. Bush,0
Abraham Lincoln,502,Donald Trump Hillary Clinton,0
Abraham Lincoln,502,Donald Trump Richard Nixon,0
Abraham Lincoln,502,Donald Trump Ronald Reagan,0
Abraham Lincoln,502,Elizabeth Warren George W. Bush,0
Abraham Lincoln,502,Elizabeth Warren Joe Biden,0
Abraham Lincoln,502,Elizabeth Warren Richard Nixon,0
Abraham Lincoln,502,Elizabeth Warren Ronald Reagan,0
Abraham Lincoln,502,George W. Bush Hillary Clinton,0
Abraham Lincoln,502,George W. Bush Joe Biden,0
Abraham Lincoln,502,George W. Bush Richard Nixon,0
Abraham Lincoln,502,George W. Bush Ronald Reagan,0
Abraham Lincoln,502,Hillary Clinton Joe Biden,0
Abraham Lincoln,502,Hillary Clinton Ronald Reagan,1
Abraham Lincoln,502,Joe Biden Richard Nixon,0
Abraham Lincoln,502,Joe Biden Ronald Reagan,0
Abraham Lincoln,502,Richard Nixon Ronald Reagan,0
Donald Trump,503,Abraham Lincoln Barack Obama,0
Donald Trump,503,Abraham Lincoln Bernie Sanders,0
Donald Trump,503,Abraham Lincoln Elizabeth Warren,0
Donald Trump,503,Abraham Lincoln George W. Bush,0
Donald Trump,503,Abraham Lincoln Hillary Clinton,0
Donald Trump,503,Abraham Lincoln Joe Biden,0
Donald Trump,503,Abraham Lincoln Richard Nixon,0
Donald Trump,503,Abraham Lincoln Ronald Reagan,0
Donald Trump,503,Barack Obama Bernie Sanders,0
Donald Trump,503,Barack Obama Elizabeth Warren,0
Donald Trump,503,Barack Obama George W. Bush,0
Donald Trump,503,Barack Obama Hillary Clinton,0
Donald Trump,503,Barack Obama Joe Biden,0
Donald Trump,503,Barack Obama Richard Nixon,0
Donald Trump,503,Barack Obama Ronald Reagan,0
Donald Trump,503,Bernie Sanders Elizabeth Warren,0
Donald Trump,503,Bernie Sanders George W. Bush,1
Donald Trump,503,Bernie Sanders Hillary Clinton,0
Donald Trump,503,Bernie Sanders Joe Biden,0
Donald Trump,503,Bernie Sanders Richard Nixon,0
Donald Trump,503,Bernie Sanders Ronald Reagan,0
Donald Trump,503,Elizabeth Warren George W. Bush,0
Donald Trump,503,Elizabeth Warren Hillary Clinton,0
Donald Trump,503,Elizabeth Warren Joe Biden,0
Donald Trump,503,Elizabeth Warren Richard Nixon,1
Donald Trump,503,Elizabeth Warren Ronald Reagan,0
Donald Trump,503,George W. Bush Hillary Clinton,0
Donald Trump,503,George W. Bush Joe Biden,0
Donald Trump,503,George W. Bush Richard Nixon,1
Donald Trump,503,George W. Bush Ronald Reagan,1
Donald Trump,503,Hillary Clinton Joe Biden,0
Donald Trump,503,Hillary Clinton Richard Nixon,0
Donald Trump,503,Hillary Clinton Ronald Reagan,1
Donald Trump,503,Joe Biden Ronald Reagan,0
Donald Trump,503,Richard Nixon Ronald Reagan,0
Richard Nixon,504,Abraham Lincoln Barack Obama,0
Richard Nixon,504,Abraham Lincoln Bernie Sanders,0
Richard Nixon,504,Abraham Lincoln Donald Trump,0
Richard Nixon,504,Abraham Lincoln Elizabeth Warren,0
Richard Nixon,504,Abraham Lincoln George W. Bush,0
Richard Nixon,504,Abraham Lincoln Hillary Clinton,0
Richard Nixon,504,Abraham Lincoln Joe Biden,0
Richard Nixon,504,Abraham Lincoln Ronald Reagan,0
Richard Nixon,504,Barack Obama Bernie Sanders,0
Richard Nixon,504,Barack Obama Donald Trump,0
Richard Nixon,504,Barack Obama Elizabeth Warren,0
Richard Nixon,504,Barack Obama George W. Bush,0
Richard Nixon,504,Barack Obama Hillary Clinton,0
Richard Nixon,504,Barack Obama Joe Biden,0
Richard Nixon,504,Barack Obama Ronald Reagan,1
Richard Nixon,504,Bernie Sanders Donald Trump,0
Richard Nixon,504,Bernie Sanders Elizabeth Warren,0
Richard Nixon,504,Bernie Sanders George W. Bush,0
Richard Nixon,504,Bernie Sanders Hillary Clinton,0
Richard Nixon,504,Bernie Sanders Joe Biden,0
Richard Nixon,504,Bernie Sanders Ronald Reagan,0
Richard Nixon,504,Donald Trump Elizabeth Warren,0
Richard Nixon,504,Donald Trump George W. Bush,0
Richard Nixon,504,Donald Trump Hillary Clinton,0
Richard Nixon,504,Donald Trump Joe Biden,0
Richard Nixon,504,Donald Trump Ronald Reagan,0
Richard Nixon,504,Elizabeth Warren George W. Bush,0
Richard Nixon,504,Elizabeth Warren Hillary Clinton,0
Richard Nixon,504,Elizabeth Warren Joe Biden,0
Richard Nixon,504,Elizabeth Warren Ronald Reagan,0
Richard Nixon,504,George W. Bush Hillary Clinton,0
Richard Nixon,504,George W. Bush Joe Biden,0
Richard Nixon,504,George W. Bush Ronald Reagan,0
Richard Nixon,504,Hillary Clinton Joe Biden,0
Richard Nixon,504,Hillary Clinton Ronald Reagan,0
Richard Nixon,504,Joe Biden Ronald Reagan,1
George W. Bush,505,Abraham Lincoln Barack Obama,0
George W. Bush,505,Abraham Lincoln Donald Trump,0
George W. Bush,505,Abraham Lincoln Elizabeth Warren,0
George W. Bush,505,Abraham Lincoln Hillary Clinton,0
George W. Bush,505,Abraham Lincoln Joe Biden,0
George W. Bush,505,Abraham Lincoln Richard Nixon,0
George W. Bush,505,Abraham Lincoln Ronald Reagan,0
George W. Bush,505,Barack Obama Bernie Sanders,0
George W. Bush,505,Barack Obama Donald Trump,0
George W. Bush,505,Barack Obama Elizabeth Warren,0
George W. Bush,505,Barack Obama Hillary Clinton,0
George W. Bush,505,Barack Obama Joe Biden,0
George W. Bush,505,Barack Obama Ronald Reagan,0
George W. Bush,505,Bernie Sanders Donald Trump,0
George W. Bush,505,Bernie Sanders Elizabeth Warren,0
George W. Bush,505,Bernie Sanders Hillary Clinton,0
George W. Bush,505,Bernie Sanders Joe Biden,0
George W. Bush,505,Bernie Sanders Richard Nixon,1
George W. Bush,505,Bernie Sanders Ronald Reagan,0
George W. Bush,505,Donald Trump Elizabeth Warren,0
George W. Bush,505,Donald Trump Hillary Clinton,0
George W. Bush,505,Donald Trump Joe Biden,1
George W. Bush,505,Donald Trump Richard Nixon,0
George W. Bush,505,Donald Trump Ronald Reagan,0
George W. Bush,505,Elizabeth Warren Hillary Clinton,0
George W. Bush,505,Elizabeth Warren Joe Biden,0
George W. Bush,505,Elizabeth Warren Richard Nixon,0
George W. Bush,505,Elizabeth Warren Ronald Reagan,0
George W. Bush,505,Hillary Clinton Joe Biden,0
George W. Bush,505,Hillary Clinton Richard Nixon,0
George W. Bush,505,Hillary Clinton Ronald Reagan,0
George W. Bush,505,Joe Biden Richard Nixon,0
George W. Bush,505,Joe Biden Ronald Reagan,0
George W. Bush,505,Richard Nixon Ronald Reagan,0
Bernie Sanders,506,Abraham Lincoln Barack Obama,0
Bernie Sanders,506,Abraham Lincoln Donald Trump,0
Bernie Sanders,506,Abraham Lincoln Elizabeth Warren,0
Bernie Sanders,506,Abraham Lincoln George W. Bush,0
Bernie Sanders,506,Abraham Lincoln Hillary Clinton,0
Bernie Sanders,506,Abraham Lincoln Joe Biden,0
Bernie Sanders,506,Abraham Lincoln Richard Nixon,0
Bernie Sanders,506,Abraham Lincoln Ronald Reagan,0
Bernie Sanders,506,Barack Obama Donald Trump,0
Bernie Sanders,506,Barack Obama Elizabeth Warren,0
Bernie Sanders,506,Barack Obama George W. Bush,0
Bernie Sanders,506,Barack Obama Hillary Clinton,0
Bernie Sanders,506,Barack Obama Joe Biden,0
Bernie Sanders,506,Barack Obama Richard Nixon,0
Bernie Sanders,506,Barack Obama Ronald Reagan,0
Bernie Sanders,506,Donald Trump Elizabeth Warren,0
Bernie Sanders,506,Donald Trump George W. Bush,0
Bernie Sanders,506,Donald Trump Hillary Clinton,0
Bernie Sanders,506,Donald Trump Joe Biden,0
Bernie Sanders,506,Donald Trump Richard Nixon,0
Bernie Sanders,506,Donald Trump Ronald Reagan,0
Bernie Sanders,506,Elizabeth Warren Hillary Clinton,0
Bernie Sanders,506,Elizabeth Warren Joe Biden,0
Bernie Sanders,506,Elizabeth Warren Richard Nixon,0
Bernie Sanders,506,Elizabeth Warren Ronald Reagan,0
Bernie Sanders,506,George W. Bush Hillary Clinton,0
Bernie Sanders,506,George W. Bush Joe Biden,0
Bernie Sanders,506,George W. Bush Richard Nixon,0
Bernie Sanders,506,George W. Bush Ronald Reagan,0
Bernie Sanders,506,Hillary Clinton Joe Biden,0
Bernie Sanders,506,Hillary Clinton Richard Nixon,0
Bernie Sanders,506,Hillary Clinton Ronald Reagan,0
Bernie Sanders,506,Joe Biden Richard Nixon,0
Bernie Sanders,506,Joe Biden Ronald Reagan,0
Bernie Sanders,506,Richard Nixon Ronald Reagan,0
Abraham Lincoln,507,Barack Obama Bernie Sanders,1
Abraham Lincoln,507,Barack Obama Donald Trump,0
Abraham Lincoln,507,Barack Obama Elizabeth Warren,0
Abraham Lincoln,507,Barack Obama George W. Bush,0
Abraham Lincoln,507,Barack Obama Hillary Clinton,0
Abraham Lincoln,507,Barack Obama Joe Biden,1
Abraham Lincoln,507,Barack Obama Richard Nixon,0
Abraham Lincoln,507,Bernie Sanders Donald Trump,0
Abraham Lincoln,507,Bernie Sanders Elizabeth Warren,0
Abraham Lincoln,507,Bernie Sanders George W. Bush,1
Abraham Lincoln,507,Bernie Sanders Hillary Clinton,0
Abraham Lincoln,507,Bernie Sanders Joe Biden,0
Abraham Lincoln,507,Bernie Sanders Richard Nixon,0
Abraham Lincoln,507,Bernie Sanders Ronald Reagan,0
Abraham Lincoln,507,Donald Trump Elizabeth Warren,0
Abraham Lincoln,507,Donald Trump George W. Bush,1
Abraham Lincoln,507,Donald Trump Hillary Clinton,0
Abraham Lincoln,507,Donald Trump Joe Biden,0
Abraham Lincoln,507,Donald Trump Richard Nixon,0
Abraham Lincoln,507,Donald Trump Ronald Reagan,0
Abraham Lincoln,507,Elizabeth Warren George W. Bush,0
Abraham Lincoln,507,Elizabeth Warren Hillary Clinton,0
Abraham Lincoln,507,Elizabeth Warren Ronald Reagan,1
Abraham Lincoln,507,George W. Bush Hillary Clinton,0
Abraham Lincoln,507,George W. Bush Richard Nixon,0
Abraham Lincoln,507,George W. Bush Ronald Reagan,0
Abraham Lincoln,507,Hillary Clinton Joe Biden,0
Abraham Lincoln,507,Hillary Clinton Richard Nixon,0
Abraham Lincoln,507,Hillary Clinton Ronald Reagan,1
Abraham Lincoln,507,Joe Biden Richard Nixon,0
Abraham Lincoln,507,Joe Biden Ronald Reagan,0
Donald Trump,508,Abraham Lincoln Barack Obama,0
Donald Trump,508,Abraham Lincoln Bernie Sanders,0
Donald Trump,508,Abraham Lincoln Elizabeth Warren,0
Donald Trump,508,Abraham Lincoln George W. Bush,0
Donald Trump,508,Abraham Lincoln Hillary Clinton,0
Donald Trump,508,Abraham Lincoln Joe Biden,0
Donald Trump,508,Abraham Lincoln Richard Nixon,0
Donald Trump,508,Abraham Lincoln Ronald Reagan,0
Donald Trump,508,Barack Obama Bernie Sanders,0
Donald Trump,508,Barack Obama Elizabeth Warren,0
Donald Trump,508,Barack Obama George W. Bush,1
Donald Trump,508,Barack Obama Hillary Clinton,0
Donald Trump,508,Barack Obama Joe Biden,0
Donald Trump,508,Barack Obama Richard Nixon,0
Donald Trump,508,Barack Obama Ronald Reagan,0
Donald Trump,508,Bernie Sanders Elizabeth Warren,0
Donald Trump,508,Bernie Sanders George W. Bush,0
Donald Trump,508,Bernie Sanders Hillary Clinton,0
Donald Trump,508,Bernie Sanders Joe Biden,1
Donald Trump,508,Bernie Sanders Richard Nixon,0
Donald Trump,508,Bernie Sanders Ronald Reagan,1
Donald Trump,508,Elizabeth Warren George W. Bush,0
Donald Trump,508,Elizabeth Warren Hillary Clinton,0
Donald Trump,508,Elizabeth Warren Joe Biden,0
Donald Trump,508,Elizabeth Warren Richard Nixon,0
Donald Trump,508,Elizabeth Warren Ronald Reagan,0
Donald Trump,508,George W. Bush Hillary Clinton,0
Donald Trump,508,George W. Bush Richard Nixon,1
Donald Trump,508,George W. Bush Ronald Reagan,0
Donald Trump,508,Hillary Clinton Joe Biden,0
Donald Trump,508,Hillary Clinton Richard Nixon,0
Donald Trump,508,Joe Biden Richard Nixon,0
Donald Trump,508,Joe Biden Ronald Reagan,0
Donald Trump,508,Richard Nixon Ronald Reagan,0
Richard Nixon,509,Abraham Lincoln Barack Obama,0
Richard Nixon,509,Abraham Lincoln Bernie Sanders,0
Richard Nixon,509,Abraham Lincoln Donald Trump,0
Richard Nixon,509,Abraham Lincoln Elizabeth Warren,0
Richard Nixon,509,Abraham Lincoln Hillary Clinton,0
Richard Nixon,509,Abraham Lincoln Joe Biden,0
Richard Nixon,509,Abraham Lincoln Ronald Reagan,0
Richard Nixon,509,Barack Obama Bernie Sanders,0
Richard Nixon,509,Barack Obama Donald Trump,0
Richard Nixon,509,Barack Obama Elizabeth Warren,0
Richard Nixon,509,Barack Obama George W. Bush,1
Richard Nixon,509,Barack Obama Hillary Clinton,0
Richard Nixon,509,Barack Obama Joe Biden,1
Richard Nixon,509,Barack Obama Ronald Reagan,0
Richard Nixon,509,Bernie Sanders Donald Trump,0
Richard Nixon,509,Bernie Sanders Elizabeth Warren,0
Richard Nixon,509,Bernie Sanders George W. Bush,0
Richard Nixon,509,Bernie Sanders Hillary Clinton,0
Richard Nixon,509,Bernie Sanders Joe Biden,0
Richard Nixon,509,Bernie Sanders Ronald Reagan,0
Richard Nixon,509,Donald Trump Elizabeth Warren,0
Richard Nixon,509,Donald Trump George W. Bush,0
Richard Nixon,509,Donald Trump Hillary Clinton,0
Richard Nixon,509,Donald Trump Joe Biden,0
Richard Nixon,509,Donald Trump Ronald Reagan,0
Richard Nixon,509,Elizabeth Warren George W. Bush,0
Richard Nixon,509,Elizabeth Warren Joe Biden,0
Richard Nixon,509,Elizabeth Warren Ronald Reagan,0
Richard Nixon,509,George W. Bush Hillary Clinton,0
Richard Nixon,509,George W. Bush Joe Biden,0
Richard Nixon,509,George W. Bush Ronald Reagan,0
Richard Nixon,509,Hillary Clinton Joe Biden,0
Richard Nixon,509,Hillary Clinton Ronald Reagan,1
Richard Nixon,509,Joe Biden Ronald Reagan,0
Bernie Sanders,510,Abraham Lincoln Barack Obama,0
Bernie Sanders,510,Abraham Lincoln Donald Trump,0
Bernie Sanders,510,Abraham Lincoln Elizabeth Warren,0
Bernie Sanders,510,Abraham Lincoln George W. Bush,0
Bernie Sanders,510,Abraham Lincoln Hillary Clinton,0
Bernie Sanders,510,Abraham Lincoln Joe Biden,0
Bernie Sanders,510,Abraham Lincoln Richard Nixon,0
Bernie Sanders,510,Abraham Lincoln Ronald Reagan,0
Bernie Sanders,510,Barack Obama Donald Trump,0
Bernie Sanders,510,Barack Obama Elizabeth Warren,0
Bernie Sanders,510,Barack Obama George W. Bush,0
Bernie Sanders,510,Barack Obama Hillary Clinton,0
Bernie Sanders,510,Barack Obama Joe Biden,0
Bernie Sanders,510,Barack Obama Richard Nixon,0
Bernie Sanders,510,Barack Obama Ronald Reagan,0
Bernie Sanders,510,Donald Trump Elizabeth Warren,0
Bernie Sanders,510,Donald Trump George W. Bush,0
Bernie Sanders,510,Donald Trump Hillary Clinton,0
Bernie Sanders,510,Donald Trump Joe Biden,0
Bernie Sanders,510,Donald Trump Richard Nixon,0
Bernie Sanders,510,Donald Trump Ronald Reagan,0
Bernie Sanders,510,Elizabeth Warren George W. Bush,0
Bernie Sanders,510,Elizabeth Warren Hillary Clinton,0
Bernie Sanders,510,Elizabeth Warren Joe Biden,0
Bernie Sanders,510,Elizabeth Warren Richard Nixon,0
Bernie Sanders,510,Elizabeth Warren Ronald Reagan,0
Bernie Sanders,510,George W. Bush Hillary Clinton,1
Bernie Sanders,510,George W. Bush Joe Biden,0
Bernie Sanders,510,George W. Bush Richard Nixon,1
Bernie Sanders,510,George W. Bush Ronald Reagan,1
Bernie Sanders,510,Hillary Clinton Joe Biden,0
Bernie Sanders,510,Hillary Clinton Richard Nixon,0
Bernie Sanders,510,Joe Biden Richard Nixon,0
Bernie Sanders,510,Joe Biden Ronald Reagan,0
Bernie Sanders,510,Richard Nixon Ronald Reagan,0
Richard Nixon,511,Abraham Lincoln Barack Obama,0
Richard Nixon,511,Abraham Lincoln Bernie Sanders,0
Richard Nixon,511,Abraham Lincoln Donald Trump,0
Richard Nixon,511,Abraham Lincoln Elizabeth Warren,1
Richard Nixon,511,Abraham Lincoln George W. Bush,0
Richard Nixon,511,Abraham Lincoln Hillary Clinton,0
Richard Nixon,511,Abraham Lincoln Joe Biden,0
Richard Nixon,511,Abraham Lincoln Ronald Reagan,1
Richard Nixon,511,Barack Obama Bernie Sanders,0
Richard Nixon,511,Barack Obama Donald Trump,1
Richard Nixon,511,Barack Obama Elizabeth Warren,0
Richard Nixon,511,Barack Obama George W. Bush,0
Richard Nixon,511,Barack Obama Hillary Clinton,0
Richard Nixon,511,Barack Obama Joe Biden,0
Richard Nixon,511,Barack Obama Ronald Reagan,0
Richard Nixon,511,Bernie Sanders Donald Trump,0
Richard Nixon,511,Bernie Sanders Elizabeth Warren,0
Richard Nixon,511,Bernie Sanders George W. Bush,0
Richard Nixon,511,Bernie Sanders Hillary Clinton,0
Richard Nixon,511,Bernie Sanders Joe Biden,0
Richard Nixon,511,Bernie Sanders Ronald Reagan,0
Richard Nixon,511,Donald Trump Elizabeth Warren,0
Richard Nixon,511,Donald Trump George W. Bush,0
Richard Nixon,511,Donald Trump Hillary Clinton,0
Richard Nixon,511,Donald Trump Joe Biden,1
Richard Nixon,511,Elizabeth Warren George W. Bush,0
Richard Nixon,511,Elizabeth Warren Hillary Clinton,0
Richard Nixon,511,Elizabeth Warren Joe Biden,1
Richard Nixon,511,Elizabeth Warren Ronald Reagan,0
Richard Nixon,511,George W. Bush Hillary Clinton,0
Richard Nixon,511,George W. Bush Ronald Reagan,0
Richard Nixon,511,Hillary Clinton Joe Biden,0
Richard Nixon,511,Hillary Clinton Ronald Reagan,0
Richard Nixon,511,Joe Biden Ronald Reagan,0
Hillary Clinton,512,Abraham Lincoln Barack Obama,0
Hillary Clinton,512,Abraham Lincoln Bernie Sanders,0
Hillary Clinton,512,Abraham Lincoln Donald Trump,0
Hillary Clinton,512,Abraham Lincoln Elizabeth Warren,0
Hillary Clinton,512,Abraham Lincoln George W. Bush,0
Hillary Clinton,512,Abraham Lincoln Joe Biden,1
Hillary Clinton,512,Abraham Lincoln Richard Nixon,1
Hillary Clinton,512,Abraham Lincoln Ronald Reagan,0
Hillary Clinton,512,Barack Obama Bernie Sanders,0
Hillary Clinton,512,Barack Obama Donald Trump,0
Hillary Clinton,512,Barack Obama Elizabeth Warren,1
Hillary Clinton,512,Barack Obama George W. Bush,0
Hillary Clinton,512,Barack Obama Joe Biden,0
Hillary Clinton,512,Barack Obama Richard Nixon,0
Hillary Clinton,512,Barack Obama Ronald Reagan,0
Hillary Clinton,512,Bernie Sanders Donald Trump,0
Hillary Clinton,512,Bernie Sanders Elizabeth Warren,0
Hillary Clinton,512,Bernie Sanders George W. Bush,0
Hillary Clinton,512,Bernie Sanders Joe Biden,0
Hillary Clinton,512,Bernie Sanders Richard Nixon,1
Hillary Clinton,512,Bernie Sanders Ronald Reagan,0
Hillary Clinton,512,Donald Trump Elizabeth Warren,0
Hillary Clinton,512,Donald Trump George W. Bush,0
Hillary Clinton,512,Donald Trump Joe Biden,0
Hillary Clinton,512,Donald Trump Ronald Reagan,0
Hillary Clinton,512,Elizabeth Warren George W. Bush,0
Hillary Clinton,512,Elizabeth Warren Joe Biden,0
Hillary Clinton,512,Elizabeth Warren Richard Nixon,0
Hillary Clinton,512,Elizabeth Warren Ronald Reagan,0
Hillary Clinton,512,George W. Bush Richard Nixon,0
Hillary Clinton,512,George W. Bush Ronald Reagan,0
Hillary Clinton,512,Joe Biden Richard Nixon,0
Hillary Clinton,512,Joe Biden Ronald Reagan,0
Hillary Clinton,512,Richard Nixon Ronald Reagan,1
Donald Trump,513,Abraham Lincoln Barack Obama,0
Donald Trump,513,Abraham Lincoln Bernie Sanders,0
Donald Trump,513,Abraham Lincoln Elizabeth Warren,0
Donald Trump,513,Abraham Lincoln George W. Bush,0
Donald Trump,513,Abraham Lincoln Hillary Clinton,0
Donald Trump,513,Abraham Lincoln Joe Biden,0
Donald Trump,513,Abraham Lincoln Richard Nixon,0
Donald Trump,513,Abraham Lincoln Ronald Reagan,1
Donald Trump,513,Barack Obama Bernie Sanders,0
Donald Trump,513,Barack Obama Elizabeth Warren,0
Donald Trump,513,Barack Obama George W. Bush,1
Donald Trump,513,Barack Obama Hillary Clinton,0
Donald Trump,513,Barack Obama Joe Biden,0
Donald Trump,513,Barack Obama Richard Nixon,0
Donald Trump,513,Barack Obama Ronald Reagan,0
Donald Trump,513,Bernie Sanders Elizabeth Warren,0
Donald Trump,513,Bernie Sanders George W. Bush,1
Donald Trump,513,Bernie Sanders Hillary Clinton,1
Donald Trump,513,Bernie Sanders Joe Biden,0
Donald Trump,513,Bernie Sanders Richard Nixon,0
Donald Trump,513,Bernie Sanders Ronald Reagan,0
Donald Trump,513,Elizabeth Warren George W. Bush,0
Donald Trump,513,Elizabeth Warren Hillary Clinton,0
Donald Trump,513,Elizabeth Warren Joe Biden,0
Donald Trump,513,Elizabeth Warren Richard Nixon,0
Donald Trump,513,Elizabeth Warren Ronald Reagan,0
Donald Trump,513,George W. Bush Hillary Clinton,0
Donald Trump,513,George W. Bush Joe Biden,0
Donald Trump,513,George W. Bush Richard Nixon,1
Donald Trump,513,George W. Bush Ronald Reagan,0
Donald Trump,513,Hillary Clinton Joe Biden,0
Donald Trump,513,Hillary Clinton Richard Nixon,1
Donald Trump,513,Hillary Clinton Ronald Reagan,0
Donald Trump,513,Joe Biden Richard Nixon,1
Donald Trump,513,Joe Biden Ronald Reagan,0
Donald Trump,513,Richard Nixon Ronald Reagan,0
Bernie Sanders,514,Abraham Lincoln Barack Obama,0
Bernie Sanders,514,Abraham Lincoln Donald Trump,0
Bernie Sanders,514,Abraham Lincoln Elizabeth Warren,0
Bernie Sanders,514,Abraham Lincoln George W. Bush,0
Bernie Sanders,514,Abraham Lincoln Hillary Clinton,0
Bernie Sanders,514,Abraham Lincoln Joe Biden,0
Bernie Sanders,514,Abraham Lincoln Richard Nixon,0
Bernie Sanders,514,Abraham Lincoln Ronald Reagan,0
Bernie Sanders,514,Barack Obama Donald Trump,0
Bernie Sanders,514,Barack Obama Elizabeth Warren,0
Bernie Sanders,514,Barack Obama George W. Bush,0
Bernie Sanders,514,Barack Obama Hillary Clinton,0
Bernie Sanders,514,Barack Obama Joe Biden,0
Bernie Sanders,514,Barack Obama Richard Nixon,0
Bernie Sanders,514,Barack Obama Ronald Reagan,0
Bernie Sanders,514,Donald Trump Elizabeth Warren,0
Bernie Sanders,514,Donald Trump George W. Bush,0
Bernie Sanders,514,Donald Trump Hillary Clinton,0
Bernie Sanders,514,Donald Trump Joe Biden,0
Bernie Sanders,514,Donald Trump Richard Nixon,0
Bernie Sanders,514,Donald Trump Ronald Reagan,0
Bernie Sanders,514,Elizabeth Warren George W. Bush,0
Bernie Sanders,514,Elizabeth Warren Hillary Clinton,0
Bernie Sanders,514,Elizabeth Warren Joe Biden,0
Bernie Sanders,514,Elizabeth Warren Richard Nixon,0
Bernie Sanders,514,Elizabeth Warren Ronald Reagan,0
Bernie Sanders,514,George W. Bush Hillary Clinton,0
Bernie Sanders,514,George W. Bush Joe Biden,0
Bernie Sanders,514,George W. Bush Richard Nixon,1
Bernie Sanders,514,George W. Bush Ronald Reagan,0
Bernie Sanders,514,Hillary Clinton Joe Biden,0
Bernie Sanders,514,Hillary Clinton Richard Nixon,0
Bernie Sanders,514,Hillary Clinton Ronald Reagan,0
Bernie Sanders,514,Joe Biden Richard Nixon,0
Bernie Sanders,514,Joe Biden Ronald Reagan,0
Bernie Sanders,514,Richard Nixon Ronald Reagan,0
Ronald Reagan,515,Abraham Lincoln Barack Obama,0
Ronald Reagan,515,Abraham Lincoln Bernie Sanders,0
Ronald Reagan,515,Abraham Lincoln Donald Trump,0
Ronald Reagan,515,Abraham Lincoln Elizabeth Warren,0
Ronald Reagan,515,Abraham Lincoln George W. Bush,0
Ronald Reagan,515,Abraham Lincoln Hillary Clinton,1
Ronald Reagan,515,Abraham Lincoln Joe Biden,0
Ronald Reagan,515,Abraham Lincoln Richard Nixon,0
Ronald Reagan,515,Barack Obama Bernie Sanders,0
Ronald Reagan,515,Barack Obama Donald Trump,0
Ronald Reagan,515,Barack Obama Elizabeth Warren,0
Ronald Reagan,515,Barack Obama George W. Bush,0
Ronald Reagan,515,Barack Obama Hillary Clinton,0
Ronald Reagan,515,Barack Obama Joe Biden,0
Ronald Reagan,515,Barack Obama Richard Nixon,0
Ronald Reagan,515,Bernie Sanders Donald Trump,0
Ronald Reagan,515,Bernie Sanders Elizabeth Warren,0
Ronald Reagan,515,Bernie Sanders George W. Bush,0
Ronald Reagan,515,Bernie Sanders Hillary Clinton,1
Ronald Reagan,515,Bernie Sanders Joe Biden,0
Ronald Reagan,515,Bernie Sanders Richard Nixon,0
Ronald Reagan,515,Donald Trump Elizabeth Warren,0
Ronald Reagan,515,Donald Trump George W. Bush,0
Ronald Reagan,515,Donald Trump Hillary Clinton,0
Ronald Reagan,515,Donald Trump Joe Biden,0
Ronald Reagan,515,Donald Trump Richard Nixon,0
Ronald Reagan,515,Elizabeth Warren George W. Bush,0
Ronald Reagan,515,Elizabeth Warren Hillary Clinton,0
Ronald Reagan,515,Elizabeth Warren Joe Biden,0
Ronald Reagan,515,Elizabeth Warren Richard Nixon,0
Ronald Reagan,515,George W. Bush Hillary Clinton,0
Ronald Reagan,515,George W. Bush Joe Biden,0
Ronald Reagan,515,George W. Bush Richard Nixon,0
Ronald Reagan,515,Hillary Clinton Joe Biden,0
Ronald Reagan,515,Hillary Clinton Richard Nixon,0
Ronald Reagan,515,Joe Biden Richard Nixon,0
Elizabeth Warren,516,Abraham Lincoln Barack Obama,0
Elizabeth Warren,516,Abraham Lincoln Bernie Sanders,0
Elizabeth Warren,516,Abraham Lincoln Donald Trump,0
Elizabeth Warren,516,Abraham Lincoln Hillary Clinton,0
Elizabeth Warren,516,Abraham Lincoln Richard Nixon,0
Elizabeth Warren,516,Abraham Lincoln Ronald Reagan,0
Elizabeth Warren,516,Barack Obama Bernie Sanders,0
Elizabeth Warren,516,Barack Obama George W. Bush,0
Elizabeth Warren,516,Barack Obama Hillary Clinton,0
Elizabeth Warren,516,Barack Obama Joe Biden,0
Elizabeth Warren,516,Barack Obama Richard Nixon,1
Elizabeth Warren,516,Barack Obama Ronald Reagan,0
Elizabeth Warren,516,Bernie Sanders Donald Trump,0
Elizabeth Warren,516,Bernie Sanders George W. Bush,1
Elizabeth Warren,516,Bernie Sanders Hillary Clinton,0
Elizabeth Warren,516,Bernie Sanders Joe Biden,0
Elizabeth Warren,516,Bernie Sanders Richard Nixon,0
Elizabeth Warren,516,Bernie Sanders Ronald Reagan,0
Elizabeth Warren,516,Donald Trump George W. Bush,0
Elizabeth Warren,516,Donald Trump Joe Biden,0
Elizabeth Warren,516,Donald Trump Richard Nixon,0
Elizabeth Warren,516,Donald Trump Ronald Reagan,0
Elizabeth Warren,516,George W. Bush Hillary Clinton,0
Elizabeth Warren,516,George W. Bush Joe Biden,0
Elizabeth Warren,516,George W. Bush Richard Nixon,0
Elizabeth Warren,516,George W. Bush Ronald Reagan,0
Elizabeth Warren,516,Hillary Clinton Joe Biden,1
Elizabeth Warren,516,Hillary Clinton Richard Nixon,0
Elizabeth Warren,516,Hillary Clinton Ronald Reagan,0
Elizabeth Warren,516,Joe Biden Richard Nixon,0
Elizabeth Warren,516,Joe Biden Ronald Reagan,0
Elizabeth Warren,516,Richard Nixon Ronald Reagan,1
Elizabeth Warren,517,Abraham Lincoln Barack Obama,0
Elizabeth Warren,517,Abraham Lincoln Bernie Sanders,0
Elizabeth Warren,517,Abraham Lincoln Donald Trump,0
Elizabeth Warren,517,Abraham Lincoln George W. Bush,0
Elizabeth Warren,517,Abraham Lincoln Joe Biden,0
Elizabeth Warren,517,Abraham Lincoln Richard Nixon,0
Elizabeth Warren,517,Abraham Lincoln Ronald Reagan,0
Elizabeth Warren,517,Barack Obama Bernie Sanders,0
Elizabeth Warren,517,Barack Obama Donald Trump,0
Elizabeth Warren,517,Barack Obama George W. Bush,0
Elizabeth Warren,517,Barack Obama Hillary Clinton,0
Elizabeth Warren,517,Barack Obama Joe Biden,0
Elizabeth Warren,517,Barack Obama Richard Nixon,0
Elizabeth Warren,517,Barack Obama Ronald Reagan,0
Elizabeth Warren,517,Bernie Sanders Donald Trump,0
Elizabeth Warren,517,Bernie Sanders George W. Bush,0
Elizabeth Warren,517,Bernie Sanders Hillary Clinton,0
Elizabeth Warren,517,Bernie Sanders Joe Biden,0
Elizabeth Warren,517,Bernie Sanders Richard Nixon,0
Elizabeth Warren,517,Bernie Sanders Ronald Reagan,0
Elizabeth Warren,517,Donald Trump George W. Bush,0
Elizabeth Warren,517,Donald Trump Hillary Clinton,0
Elizabeth Warren,517,Donald Trump Joe Biden,0
Elizabeth Warren,517,Donald Trump Richard Nixon,0
Elizabeth Warren,517,Donald Trump Ronald Reagan,0
Elizabeth Warren,517,George W. Bush Hillary Clinton,0
Elizabeth Warren,517,George W. Bush Joe Biden,0
Elizabeth Warren,517,George W. Bush Richard Nixon,1
Elizabeth Warren,517,George W. Bush Ronald Reagan,1
Elizabeth Warren,517,Hillary Clinton Joe Biden,0
Elizabeth Warren,517,Hillary Clinton Richard Nixon,0
Elizabeth Warren,517,Hillary Clinton Ronald Reagan,0
Elizabeth Warren,517,Joe Biden Richard Nixon,0
Elizabeth Warren,517,Joe Biden Ronald Reagan,0
Elizabeth Warren,517,Richard Nixon Ronald Reagan,0
Bernie Sanders,518,Abraham Lincoln Barack Obama,0
Bernie Sanders,518,Abraham Lincoln Donald Trump,0
Bernie Sanders,518,Abraham Lincoln Elizabeth Warren,0
Bernie Sanders,518,Abraham Lincoln George W. Bush,1
Bernie Sanders,518,Abraham Lincoln Hillary Clinton,0
Bernie Sanders,518,Abraham Lincoln Joe Biden,0
Bernie Sanders,518,Abraham Lincoln Richard Nixon,0
Bernie Sanders,518,Abraham Lincoln Ronald Reagan,0
Bernie Sanders,518,Barack Obama Donald Trump,0
Bernie Sanders,518,Barack Obama Elizabeth Warren,0
Bernie Sanders,518,Barack Obama George W. Bush,0
Bernie Sanders,518,Barack Obama Hillary Clinton,0
Bernie Sanders,518,Barack Obama Joe Biden,0
Bernie Sanders,518,Barack Obama Richard Nixon,0
Bernie Sanders,518,Barack Obama Ronald Reagan,0
Bernie Sanders,518,Donald Trump Elizabeth Warren,0
Bernie Sanders,518,Donald Trump George W. Bush,0
Bernie Sanders,518,Donald Trump Hillary Clinton,0
Bernie Sanders,518,Donald Trump Joe Biden,0
Bernie Sanders,518,Donald Trump Richard Nixon,0
Bernie Sanders,518,Donald Trump Ronald Reagan,0
Bernie Sanders,518,Elizabeth Warren George W. Bush,0
Bernie Sanders,518,Elizabeth Warren Hillary Clinton,0
Bernie Sanders,518,Elizabeth Warren Joe Biden,0
Bernie Sanders,518,Elizabeth Warren Richard Nixon,0
Bernie Sanders,518,George W. Bush Hillary Clinton,0
Bernie Sanders,518,George W. Bush Joe Biden,0
Bernie Sanders,518,George W. Bush Richard Nixon,0
Bernie Sanders,518,George W. Bush Ronald Reagan,0
Bernie Sanders,518,Hillary Clinton Joe Biden,1
Bernie Sanders,518,Hillary Clinton Richard Nixon,0
Bernie Sanders,518,Hillary Clinton Ronald Reagan,0
Bernie Sanders,518,Joe Biden Richard Nixon,0
Bernie Sanders,518,Richard Nixon Ronald Reagan,0
Richard Nixon,519,Abraham Lincoln Barack Obama,0
Richard Nixon,519,Abraham Lincoln Bernie Sanders,0
Richard Nixon,519,Abraham Lincoln Elizabeth Warren,0
Richard Nixon,519,Abraham Lincoln George W. Bush,0
Richard Nixon,519,Abraham Lincoln Hillary Clinton,0
Richard Nixon,519,Abraham Lincoln Joe Biden,0
Richard Nixon,519,Abraham Lincoln Ronald Reagan,0
Richard Nixon,519,Barack Obama Bernie Sanders,0
Richard Nixon,519,Barack Obama Donald Trump,0
Richard Nixon,519,Barack Obama Elizabeth Warren,0
Richard Nixon,519,Barack Obama George W. Bush,0
Richard Nixon,519,Barack Obama Hillary Clinton,0
Richard Nixon,519,Barack Obama Joe Biden,0
Richard Nixon,519,Barack Obama Ronald Reagan,0
Richard Nixon,519,Bernie Sanders Donald Trump,0
Richard Nixon,519,Bernie Sanders Elizabeth Warren,0
Richard Nixon,519,Bernie Sanders George W. Bush,0
Richard Nixon,519,Bernie Sanders Hillary Clinton,0
Richard Nixon,519,Bernie Sanders Joe Biden,1
Richard Nixon,519,Bernie Sanders Ronald Reagan,0
Richard Nixon,519,Donald Trump Elizabeth Warren,0
Richard Nixon,519,Donald Trump George W. Bush,0
Richard Nixon,519,Donald Trump Hillary Clinton,0
Richard Nixon,519,Donald Trump Joe Biden,1
Richard Nixon,519,Donald Trump Ronald Reagan,0
Richard Nixon,519,Elizabeth Warren George W. Bush,0
Richard Nixon,519,Elizabeth Warren Hillary Clinton,0
Richard Nixon,519,Elizabeth Warren Joe Biden,0
Richard Nixon,519,Elizabeth Warren Ronald Reagan,0
Richard Nixon,519,George W. Bush Hillary Clinton,0
Richard Nixon,519,George W. Bush Joe Biden,0
Richard Nixon,519,George W. Bush Ronald Reagan,0
Richard Nixon,519,Hillary Clinton Joe Biden,1
Richard Nixon,519,Hillary Clinton Ronald Reagan,0
Richard Nixon,519,Joe Biden Ronald Reagan,0
Donald Trump,520,Abraham Lincoln Barack Obama,0
Donald Trump,520,Abraham Lincoln Bernie Sanders,0
Donald Trump,520,Abraham Lincoln Elizabeth Warren,0
Donald Trump,520,Abraham Lincoln George W. Bush,0
Donald Trump,520,Abraham Lincoln Hillary Clinton,0
Donald Trump,520,Abraham Lincoln Joe Biden,0
Donald Trump,520,Abraham Lincoln Richard Nixon,0
Donald Trump,520,Abraham Lincoln Ronald Reagan,0
Donald Trump,520,Barack Obama George W. Bush,0
Donald Trump,520,Barack Obama Hillary Clinton,0
Donald Trump,520,Barack Obama Joe Biden,0
Donald Trump,520,Barack Obama Richard Nixon,0
Donald Trump,520,Barack Obama Ronald Reagan,0
Donald Trump,520,Bernie Sanders Elizabeth Warren,0
Donald Trump,520,Bernie Sanders George W. Bush,1
Donald Trump,520,Bernie Sanders Hillary Clinton,0
Donald Trump,520,Bernie Sanders Richard Nixon,0
Donald Trump,520,Bernie Sanders Ronald Reagan,0
Donald Trump,520,Elizabeth Warren George W. Bush,0
Donald Trump,520,Elizabeth Warren Hillary Clinton,0
Donald Trump,520,Elizabeth Warren Joe Biden,0
Donald Trump,520,Elizabeth Warren Richard Nixon,0
Donald Trump,520,Elizabeth Warren Ronald Reagan,0
Donald Trump,520,George W. Bush Hillary Clinton,0
Donald Trump,520,George W. Bush Joe Biden,0
Donald Trump,520,George W. Bush Richard Nixon,1
Donald Trump,520,George W. Bush Ronald Reagan,0
Donald Trump,520,Hillary Clinton Joe Biden,0
Donald Trump,520,Hillary Clinton Richard Nixon,0
Donald Trump,520,Hillary Clinton Ronald Reagan,0
Donald Trump,520,Joe Biden Richard Nixon,0
Donald Trump,520,Joe Biden Ronald Reagan,1
Elizabeth Warren,521,Abraham Lincoln Barack Obama,0
Elizabeth Warren,521,Abraham Lincoln Bernie Sanders,0
Elizabeth Warren,521,Abraham Lincoln Donald Trump,0
Elizabeth Warren,521,Abraham Lincoln George W. Bush,0
Elizabeth Warren,521,Abraham Lincoln Hillary Clinton,0
Elizabeth Warren,521,Abraham Lincoln Joe Biden,0
Elizabeth Warren,521,Abraham Lincoln Richard Nixon,0
Elizabeth Warren,521,Abraham Lincoln Ronald Reagan,0
Elizabeth Warren,521,Barack Obama Bernie Sanders,0
Elizabeth Warren,521,Barack Obama Donald Trump,0
Elizabeth Warren,521,Barack Obama George W. Bush,0
Elizabeth Warren,521,Barack Obama Hillary Clinton,0
Elizabeth Warren,521,Barack Obama Joe Biden,0
Elizabeth Warren,521,Barack Obama Richard Nixon,0
Elizabeth Warren,521,Barack Obama Ronald Reagan,0
Elizabeth Warren,521,Bernie Sanders Donald Trump,0
Elizabeth Warren,521,Bernie Sanders George W. Bush,0
Elizabeth Warren,521,Bernie Sanders Hillary Clinton,0
Elizabeth Warren,521,Bernie Sanders Joe Biden,0
Elizabeth Warren,521,Bernie Sanders Richard Nixon,0
Elizabeth Warren,521,Bernie Sanders Ronald Reagan,0
Elizabeth Warren,521,Donald Trump George W. Bush,0
Elizabeth Warren,521,Donald Trump Hillary Clinton,0
Elizabeth Warren,521,Donald Trump Joe Biden,0
Elizabeth Warren,521,Donald Trump Richard Nixon,0
Elizabeth Warren,521,Donald Trump Ronald Reagan,0
Elizabeth Warren,521,George W. Bush Hillary Clinton,0
Elizabeth Warren,521,George W. Bush Joe Biden,0
Elizabeth Warren,521,George W. Bush Richard Nixon,0
Elizabeth Warren,521,George W. Bush Ronald Reagan,1
Elizabeth Warren,521,Hillary Clinton Joe Biden,0
Elizabeth Warren,521,Hillary Clinton Richard Nixon,0
Elizabeth Warren,521,Hillary Clinton Ronald Reagan,0
Elizabeth Warren,521,Joe Biden Richard Nixon,0
Elizabeth Warren,521,Joe Biden Ronald Reagan,0
Elizabeth Warren,521,Richard Nixon Ronald Reagan,0
Donald Trump,522,Abraham Lincoln Barack Obama,0
Donald Trump,522,Abraham Lincoln Bernie Sanders,0
Donald Trump,522,Abraham Lincoln Elizabeth Warren,0
Donald Trump,522,Abraham Lincoln George W. Bush,0
Donald Trump,522,Abraham Lincoln Hillary Clinton,0
Donald Trump,522,Abraham Lincoln Joe Biden,0
Donald Trump,522,Abraham Lincoln Richard Nixon,0
Donald Trump,522,Abraham Lincoln Ronald Reagan,0
Donald Trump,522,Barack Obama Bernie Sanders,0
Donald Trump,522,Barack Obama Elizabeth Warren,0
Donald Trump,522,Barack Obama George W. Bush,0
Donald Trump,522,Barack Obama Hillary Clinton,0
Donald Trump,522,Barack Obama Joe Biden,0
Donald Trump,522,Barack Obama Richard Nixon,0
Donald Trump,522,Barack Obama Ronald Reagan,1
Donald Trump,522,Bernie Sanders George W. Bush,0
Donald Trump,522,Bernie Sanders Hillary Clinton,0
Donald Trump,522,Bernie Sanders Joe Biden,0
Donald Trump,522,Bernie Sanders Richard Nixon,0
Donald Trump,522,Bernie Sanders Ronald Reagan,0
Donald Trump,522,Elizabeth Warren George W. Bush,0
Donald Trump,522,Elizabeth Warren Hillary Clinton,0
Donald Trump,522,Elizabeth Warren Joe Biden,0
Donald Trump,522,Elizabeth Warren Richard Nixon,0
Donald Trump,522,Elizabeth Warren Ronald Reagan,0
Donald Trump,522,George W. Bush Hillary Clinton,0
Donald Trump,522,George W. Bush Joe Biden,0
Donald Trump,522,George W. Bush Richard Nixon,0
Donald Trump,522,George W. Bush Ronald Reagan,0
Donald Trump,522,Hillary Clinton Joe Biden,0
Donald Trump,522,Hillary Clinton Richard Nixon,0
Donald Trump,522,Hillary Clinton Ronald Reagan,1
Donald Trump,522,Joe Biden Richard Nixon,0
Donald Trump,522,Joe Biden Ronald Reagan,0
Donald Trump,522,Richard Nixon Ronald Reagan,0
Elizabeth Warren,523,Abraham Lincoln Barack Obama,0
Elizabeth Warren,523,Abraham Lincoln Bernie Sanders,0
Elizabeth Warren,523,Abraham Lincoln Donald Trump,0
Elizabeth Warren,523,Abraham Lincoln George W. Bush,0
Elizabeth Warren,523,Abraham Lincoln Hillary Clinton,0
Elizabeth Warren,523,Abraham Lincoln Joe Biden,0
Elizabeth Warren,523,Abraham Lincoln Richard Nixon,0
Elizabeth Warren,523,Abraham Lincoln Ronald Reagan,0
Elizabeth Warren,523,Barack Obama Bernie Sanders,0
Elizabeth Warren,523,Barack Obama Donald Trump,0
Elizabeth Warren,523,Barack Obama George W. Bush,0
Elizabeth Warren,523,Barack Obama Hillary Clinton,0
Elizabeth Warren,523,Barack Obama Richard Nixon,0
Elizabeth Warren,523,Barack Obama Ronald Reagan,0
Elizabeth Warren,523,Bernie Sanders Donald Trump,0
Elizabeth Warren,523,Bernie Sanders George W. Bush,0
Elizabeth Warren,523,Bernie Sanders Hillary Clinton,0
Elizabeth Warren,523,Bernie Sanders Joe Biden,0
Elizabeth Warren,523,Bernie Sanders Richard Nixon,0
Elizabeth Warren,523,Bernie Sanders Ronald Reagan,0
Elizabeth Warren,523,Donald Trump George W. Bush,0
Elizabeth Warren,523,Donald Trump Hillary Clinton,0
Elizabeth Warren,523,Donald Trump Joe Biden,0
Elizabeth Warren,523,Donald Trump Richard Nixon,0
Elizabeth Warren,523,Donald Trump Ronald Reagan,0
Elizabeth Warren,523,George W. Bush Hillary Clinton,0
Elizabeth Warren,523,George W. Bush Joe Biden,0
Elizabeth Warren,523,George W. Bush Richard Nixon,0
Elizabeth Warren,523,George W. Bush Ronald Reagan,1
Elizabeth Warren,523,Hillary Clinton Joe Biden,1
Elizabeth Warren,523,Hillary Clinton Richard Nixon,0
Elizabeth Warren,523,Hillary Clinton Ronald Reagan,0
Elizabeth Warren,523,Joe Biden Richard Nixon,0
Elizabeth Warren,523,Joe Biden Ronald Reagan,0
Hillary Clinton,524,Abraham Lincoln Barack Obama,0
Hillary Clinton,524,Abraham Lincoln Bernie Sanders,0
Hillary Clinton,524,Abraham Lincoln Donald Trump,0
Hillary Clinton,524,Abraham Lincoln Elizabeth Warren,0
Hillary Clinton,524,Abraham Lincoln Joe Biden,0
Hillary Clinton,524,Abraham Lincoln Richard Nixon,0
Hillary Clinton,524,Abraham Lincoln Ronald Reagan,0
Hillary Clinton,524,Barack Obama Bernie Sanders,0
Hillary Clinton,524,Barack Obama Donald Trump,0
Hillary Clinton,524,Barack Obama Elizabeth Warren,0
Hillary Clinton,524,Barack Obama George W. Bush,0
Hillary Clinton,524,Barack Obama Joe Biden,0
Hillary Clinton,524,Barack Obama Richard Nixon,0
Hillary Clinton,524,Barack Obama Ronald Reagan,0
Hillary Clinton,524,Bernie Sanders Donald Trump,0
Hillary Clinton,524,Bernie Sanders Elizabeth Warren,0
Hillary Clinton,524,Bernie Sanders George W. Bush,0
Hillary Clinton,524,Bernie Sanders Joe Biden,0
Hillary Clinton,524,Bernie Sanders Richard Nixon,0
Hillary Clinton,524,Bernie Sanders Ronald Reagan,0
Hillary Clinton,524,Donald Trump Elizabeth Warren,0
Hillary Clinton,524,Donald Trump George W. Bush,0
Hillary Clinton,524,Donald Trump Joe Biden,1
Hillary Clinton,524,Donald Trump Richard Nixon,0
Hillary Clinton,524,Donald Trump Ronald Reagan,0
Hillary Clinton,524,Elizabeth Warren George W. Bush,0
Hillary Clinton,524,Elizabeth Warren Joe Biden,0
Hillary Clinton,524,Elizabeth Warren Richard Nixon,0
Hillary Clinton,524,Elizabeth Warren Ronald Reagan,0
Hillary Clinton,524,George W. Bush Joe Biden,0
Hillary Clinton,524,George W. Bush Richard Nixon,0
Hillary Clinton,524,George W. Bush Ronald Reagan,0
Hillary Clinton,524,Joe Biden Richard Nixon,0
Hillary Clinton,524,Joe Biden Ronald Reagan,0
Richard Nixon,525,Abraham Lincoln Barack Obama,0
Richard Nixon,525,Abraham Lincoln Bernie Sanders,0
Richard Nixon,525,Abraham Lincoln Donald Trump,0
Richard Nixon,525,Abraham Lincoln Elizabeth Warren,0
Richard Nixon,525,Abraham Lincoln George W. Bush,1
Richard Nixon,525,Abraham Lincoln Hillary Clinton,0
Richard Nixon,525,Abraham Lincoln Joe Biden,0
Richard Nixon,525,Abraham Lincoln Ronald Reagan,0
Richard Nixon,525,Barack Obama Bernie Sanders,0
Richard Nixon,525,Barack Obama Donald Trump,0
Richard Nixon,525,Barack Obama Elizabeth Warren,0
Richard Nixon,525,Barack Obama George W. Bush,1
Richard Nixon,525,Barack Obama Hillary Clinton,0
Richard Nixon,525,Barack Obama Joe Biden,0
Richard Nixon,525,Barack Obama Ronald Reagan,0
Richard Nixon,525,Bernie Sanders Donald Trump,0
Richard Nixon,525,Bernie Sanders Elizabeth Warren,0
Richard Nixon,525,Bernie Sanders George W. Bush,0
Richard Nixon,525,Bernie Sanders Hillary Clinton,1
Richard Nixon,525,Bernie Sanders Joe Biden,0
Richard Nixon,525,Bernie Sanders Ronald Reagan,0
Richard Nixon,525,Donald Trump Elizabeth Warren,0
Richard Nixon,525,Donald Trump George W. Bush,0
Richard Nixon,525,Donald Trump Hillary Clinton,0
Richard Nixon,525,Donald Trump Joe Biden,0
Richard Nixon,525,Donald Trump Ronald Reagan,0
Richard Nixon,525,Elizabeth Warren George W. Bush,0
Richard Nixon,525,Elizabeth Warren Hillary Clinton,1
Richard Nixon,525,Elizabeth Warren Ronald Reagan,0
Richard Nixon,525,George W. Bush Hillary Clinton,1
Richard Nixon,525,George W. Bush Joe Biden,0
Richard Nixon,525,George W. Bush Ronald Reagan,0
Richard Nixon,525,Hillary Clinton Joe Biden,0
Richard Nixon,525,Hillary Clinton Ronald Reagan,0
Richard Nixon,525,Joe Biden Ronald Reagan,0
Hillary Clinton,526,Abraham Lincoln Barack Obama,0
Hillary Clinton,526,Abraham Lincoln Bernie Sanders,0
Hillary Clinton,526,Abraham Lincoln Donald Trump,0
Hillary Clinton,526,Abraham Lincoln Elizabeth Warren,0
Hillary Clinton,526,Abraham Lincoln George W. Bush,0
Hillary Clinton,526,Abraham Lincoln Joe Biden,0
Hillary Clinton,526,Abraham Lincoln Richard Nixon,0
Hillary Clinton,526,Abraham Lincoln Ronald Reagan,0
Hillary Clinton,526,Barack Obama Bernie Sanders,0
Hillary Clinton,526,Barack Obama Donald Trump,0
Hillary Clinton,526,Barack Obama Elizabeth Warren,0
Hillary Clinton,526,Barack Obama George W. Bush,0
Hillary Clinton,526,Barack Obama Joe Biden,0
Hillary Clinton,526,Barack Obama Richard Nixon,0
Hillary Clinton,526,Barack Obama Ronald Reagan,0
Hillary Clinton,526,Bernie Sanders Donald Trump,0
Hillary Clinton,526,Bernie Sanders Elizabeth Warren,0
Hillary Clinton,526,Bernie Sanders George W. Bush,0
Hillary Clinton,526,Bernie Sanders Joe Biden,0
Hillary Clinton,526,Bernie Sanders Richard Nixon,0
Hillary Clinton,526,Bernie Sanders Ronald Reagan,0
Hillary Clinton,526,Donald Trump Elizabeth Warren,0
Hillary Clinton,526,Donald Trump George W. Bush,1
Hillary Clinton,526,Donald Trump Joe Biden,1
Hillary Clinton,526,Donald Trump Richard Nixon,0
Hillary Clinton,526,Donald Trump Ronald Reagan,0
Hillary Clinton,526,Elizabeth Warren George W. Bush,0
Hillary Clinton,526,Elizabeth Warren Richard Nixon,0
Hillary Clinton,526,Elizabeth Warren Ronald Reagan,0
Hillary Clinton,526,George W. Bush Richard Nixon,0
Hillary Clinton,526,George W. Bush Ronald Reagan,0
Hillary Clinton,526,Joe Biden Richard Nixon,0
Hillary Clinton,526,Joe Biden Ronald Reagan,0
Hillary Clinton,526,Richard Nixon Ronald Reagan,0
Elizabeth Warren,527,Abraham Lincoln Barack Obama,0
Elizabeth Warren,527,Abraham Lincoln Bernie Sanders,0
Elizabeth Warren,527,Abraham Lincoln Donald Trump,0
Elizabeth Warren,527,Abraham Lincoln George W. Bush,0
Elizabeth Warren,527,Abraham Lincoln Hillary Clinton,0
Elizabeth Warren,527,Abraham Lincoln Joe Biden,0
Elizabeth Warren,527,Abraham Lincoln Richard Nixon,0
Elizabeth Warren,527,Abraham Lincoln Ronald Reagan,0
Elizabeth Warren,527,Barack Obama Bernie Sanders,0
Elizabeth Warren,527,Barack Obama Donald Trump,0
Elizabeth Warren,527,Barack Obama George W. Bush,0
Elizabeth Warren,527,Barack Obama Hillary Clinton,0
Elizabeth Warren,527,Barack Obama Joe Biden,0
Elizabeth Warren,527,Barack Obama Richard Nixon,0
Elizabeth Warren,527,Barack Obama Ronald Reagan,0
Elizabeth Warren,527,Bernie Sanders Donald Trump,0
Elizabeth Warren,527,Bernie Sanders George W. Bush,0
Elizabeth Warren,527,Bernie Sanders Hillary Clinton,0
Elizabeth Warren,527,Bernie Sanders Joe Biden,0
Elizabeth Warren,527,Bernie Sanders Richard Nixon,0
Elizabeth Warren,527,Bernie Sanders Ronald Reagan,0
Elizabeth Warren,527,Donald Trump George W. Bush,0
Elizabeth Warren,527,Donald Trump Hillary Clinton,0
Elizabeth Warren,527,Donald Trump Joe Biden,0
Elizabeth Warren,527,Donald Trump Richard Nixon,0
Elizabeth Warren,527,Donald Trump Ronald Reagan,0
Elizabeth Warren,527,George W. Bush Hillary Clinton,0
Elizabeth Warren,527,George W. Bush Joe Biden,0
Elizabeth Warren,527,George W. Bush Richard Nixon,0
Elizabeth Warren,527,George W. Bush Ronald Reagan,0
Elizabeth Warren,527,Hillary Clinton Joe Biden,0
Elizabeth Warren,527,Hillary Clinton Richard Nixon,0
Elizabeth Warren,527,Hillary Clinton Ronald Reagan,0
Elizabeth Warren,527,Joe Biden Richard Nixon,0
Elizabeth Warren,527,Joe Biden Ronald Reagan,0
Elizabeth Warren,527,Richard Nixon Ronald Reagan,0
Ronald Reagan,528,Abraham Lincoln Barack Obama,0
Ronald Reagan,528,Abraham Lincoln Bernie Sanders,1
Ronald Reagan,528,Abraham Lincoln Donald Trump,0
Ronald Reagan,528,Abraham Lincoln Elizabeth Warren,0
Ronald Reagan,528,Abraham Lincoln Hillary Clinton,0
Ronald Reagan,528,Abraham Lincoln Joe Biden,0
Ronald Reagan,528,Abraham Lincoln Richard Nixon,0
Ronald Reagan,528,Barack Obama Bernie Sanders,0
Ronald Reagan,528,Barack Obama Donald Trump,0
Ronald Reagan,528,Barack Obama Elizabeth Warren,0
Ronald Reagan,528,Barack Obama George W. Bush,0
Ronald Reagan,528,Barack Obama Hillary Clinton,0
Ronald Reagan,528,Bernie Sanders Donald Trump,0
Ronald Reagan,528,Bernie Sanders Elizabeth Warren,0
Ronald Reagan,528,Bernie Sanders George W. Bush,0
Ronald Reagan,528,Bernie Sanders Hillary Clinton,0
Ronald Reagan,528,Bernie Sanders Joe Biden,0
Ronald Reagan,528,Bernie Sanders Richard Nixon,0
Ronald Reagan,528,Donald Trump Elizabeth Warren,0
Ronald Reagan,528,Donald Trump George W. Bush,0
Ronald Reagan,528,Donald Trump Hillary Clinton,0
Ronald Reagan,528,Donald Trump Joe Biden,0
Ronald Reagan,528,Donald Trump Richard Nixon,0
Ronald Reagan,528,Elizabeth Warren George W. Bush,0
Ronald Reagan,528,Elizabeth Warren Hillary Clinton,0
Ronald Reagan,528,Elizabeth Warren Joe Biden,0
Ronald Reagan,528,Elizabeth Warren Richard Nixon,0
Ronald Reagan,528,George W. Bush Hillary Clinton,0
Ronald Reagan,528,George W. Bush Joe Biden,0
Ronald Reagan,528,Hillary Clinton Joe Biden,1
Ronald Reagan,528,Hillary Clinton Richard Nixon,0
Ronald Reagan,528,Joe Biden Richard Nixon,0
Ronald Reagan,529,Abraham Lincoln Barack Obama,0
Ronald Reagan,529,Abraham Lincoln Bernie Sanders,0
Ronald Reagan,529,Abraham Lincoln Donald Trump,0
Ronald Reagan,529,Abraham Lincoln Elizabeth Warren,0
Ronald Reagan,529,Abraham Lincoln George W. Bush,0
Ronald Reagan,529,Abraham Lincoln Hillary Clinton,0
Ronald Reagan,529,Abraham Lincoln Joe Biden,0
Ronald Reagan,529,Abraham Lincoln Richard Nixon,0
Ronald Reagan,529,Barack Obama Bernie Sanders,0
Ronald Reagan,529,Barack Obama Donald Trump,0
Ronald Reagan,529,Barack Obama Elizabeth Warren,0
Ronald Reagan,529,Barack Obama George W. Bush,0
Ronald Reagan,529,Barack Obama Hillary Clinton,0
Ronald Reagan,529,Barack Obama Joe Biden,0
Ronald Reagan,529,Barack Obama Richard Nixon,0
Ronald Reagan,529,Bernie Sanders Donald Trump,0
Ronald Reagan,529,Bernie Sanders Elizabeth Warren,0
Ronald Reagan,529,Bernie Sanders George W. Bush,0
Ronald Reagan,529,Bernie Sanders Hillary Clinton,0
Ronald Reagan,529,Bernie Sanders Joe Biden,0
Ronald Reagan,529,Bernie Sanders Richard Nixon,0
Ronald Reagan,529,Donald Trump Elizabeth Warren,0
Ronald Reagan,529,Donald Trump George W. Bush,0
Ronald Reagan,529,Donald Trump Hillary Clinton,0
Ronald Reagan,529,Donald Trump Joe Biden,0
Ronald Reagan,529,Donald Trump Richard Nixon,0
Ronald Reagan,529,Elizabeth Warren George W. Bush,0
Ronald Reagan,529,Elizabeth Warren Hillary Clinton,0
Ronald Reagan,529,Elizabeth Warren Joe Biden,1
Ronald Reagan,529,Elizabeth Warren Richard Nixon,1
Ronald Reagan,529,George W. Bush Hillary Clinton,0
Ronald Reagan,529,George W. Bush Joe Biden,0
Ronald Reagan,529,George W. Bush Richard Nixon,0
Ronald Reagan,529,Hillary Clinton Joe Biden,0
Ronald Reagan,529,Hillary Clinton Richard Nixon,0
Ronald Reagan,529,Joe Biden Richard Nixon,0
Hillary Clinton,530,Abraham Lincoln Barack Obama,0
Hillary Clinton,530,Abraham Lincoln Bernie Sanders,0
Hillary Clinton,530,Abraham Lincoln Elizabeth Warren,0
Hillary Clinton,530,Abraham Lincoln George W. Bush,0
Hillary Clinton,530,Abraham Lincoln Richard Nixon,0
Hillary Clinton,530,Abraham Lincoln Ronald Reagan,0
Hillary Clinton,530,Barack Obama Bernie Sanders,0
Hillary Clinton,530,Barack Obama Donald Trump,0
Hillary Clinton,530,Barack Obama Elizabeth Warren,0
Hillary Clinton,530,Barack Obama George W. Bush,0
Hillary Clinton,530,Barack Obama Joe Biden,0
Hillary Clinton,530,Barack Obama Richard Nixon,1
Hillary Clinton,530,Barack Obama Ronald Reagan,0
Hillary Clinton,530,Bernie Sanders Donald Trump,0
Hillary Clinton,530,Bernie Sanders Elizabeth Warren,0
Hillary Clinton,530,Bernie Sanders George W. Bush,1
Hillary Clinton,530,Bernie Sanders Joe Biden,1
Hillary Clinton,530,Bernie Sanders Richard Nixon,0
Hillary Clinton,530,Bernie Sanders Ronald Reagan,0
Hillary Clinton,530,Donald Trump Elizabeth Warren,0
Hillary Clinton,530,Donald Trump George W. Bush,0
Hillary Clinton,530,Donald Trump Joe Biden,0
Hillary Clinton,530,Donald Trump Richard Nixon,0
Hillary Clinton,530,Donald Trump Ronald Reagan,0
Hillary Clinton,530,Elizabeth Warren George W. Bush,0
Hillary Clinton,530,Elizabeth Warren Joe Biden,0
Hillary Clinton,530,Elizabeth Warren Richard Nixon,0
Hillary Clinton,530,Elizabeth Warren Ronald Reagan,0
Hillary Clinton,530,George W. Bush Joe Biden,0
Hillary Clinton,530,George W. Bush Richard Nixon,0
Hillary Clinton,530,George W. Bush Ronald Reagan,0
Hillary Clinton,530,Joe Biden Richard Nixon,1
Hillary Clinton,530,Joe Biden Ronald Reagan,0
Hillary Clinton,530,Richard Nixon Ronald Reagan,0
Ronald Reagan,531,Abraham Lincoln Barack Obama,0
Ronald Reagan,531,Abraham Lincoln Bernie Sanders,0
Ronald Reagan,531,Abraham Lincoln Donald Trump,0
Ronald Reagan,531,Abraham Lincoln Elizabeth Warren,0
Ronald Reagan,531,Abraham Lincoln George W. Bush,0
Ronald Reagan,531,Abraham Lincoln Hillary Clinton,0
Ronald Reagan,531,Abraham Lincoln Joe Biden,0
Ronald Reagan,531,Abraham Lincoln Richard Nixon,0
Ronald Reagan,531,Barack Obama Bernie Sanders,0
Ronald Reagan,531,Barack Obama Elizabeth Warren,0
Ronald Reagan,531,Barack Obama George W. Bush,0
Ronald Reagan,531,Barack Obama Hillary Clinton,0
Ronald Reagan,531,Barack Obama Joe Biden,0
Ronald Reagan,531,Barack Obama Richard Nixon,0
Ronald Reagan,531,Bernie Sanders Elizabeth Warren,0
Ronald Reagan,531,Bernie Sanders George W. Bush,0
Ronald Reagan,531,Bernie Sanders Hillary Clinton,0
Ronald Reagan,531,Bernie Sanders Joe Biden,0
Ronald Reagan,531,Bernie Sanders Richard Nixon,1
Ronald Reagan,531,Donald Trump Elizabeth Warren,0
Ronald Reagan,531,Donald Trump George W. Bush,0
Ronald Reagan,531,Donald Trump Hillary Clinton,0
Ronald Reagan,531,Donald Trump Joe Biden,0
Ronald Reagan,531,Donald Trump Richard Nixon,0
Ronald Reagan,531,Elizabeth Warren George W. Bush,0
Ronald Reagan,531,Elizabeth Warren Hillary Clinton,0
Ronald Reagan,531,Elizabeth Warren Joe Biden,0
Ronald Reagan,531,George W. Bush Hillary Clinton,0
Ronald Reagan,531,George W. Bush Joe Biden,0
Ronald Reagan,531,George W. Bush Richard Nixon,0
Ronald Reagan,531,Hillary Clinton Joe Biden,0
Ronald Reagan,531,Joe Biden Richard Nixon,0
Elizabeth Warren,532,Abraham Lincoln Barack Obama,1
Elizabeth Warren,532,Abraham Lincoln Bernie Sanders,0
Elizabeth Warren,532,Abraham Lincoln Donald Trump,0
Elizabeth Warren,532,Abraham Lincoln George W. Bush,0
Elizabeth Warren,532,Abraham Lincoln Hillary Clinton,0
Elizabeth Warren,532,Abraham Lincoln Richard Nixon,0
Elizabeth Warren,532,Abraham Lincoln Ronald Reagan,0
Elizabeth Warren,532,Barack Obama Bernie Sanders,0
Elizabeth Warren,532,Barack Obama Donald Trump,0
Elizabeth Warren,532,Barack Obama George W. Bush,0
Elizabeth Warren,532,Barack Obama Hillary Clinton,0
Elizabeth Warren,532,Barack Obama Joe Biden,0
Elizabeth Warren,532,Barack Obama Richard Nixon,0
Elizabeth Warren,532,Barack Obama Ronald Reagan,0
Elizabeth Warren,532,Bernie Sanders Donald Trump,0
Elizabeth Warren,532,Bernie Sanders George W. Bush,0
Elizabeth Warren,532,Bernie Sanders Hillary Clinton,0
Elizabeth Warren,532,Bernie Sanders Joe Biden,0
Elizabeth Warren,532,Bernie Sanders Richard Nixon,0
Elizabeth Warren,532,Bernie Sanders Ronald Reagan,0
Elizabeth Warren,532,Donald Trump George W. Bush,0
Elizabeth Warren,532,Donald Trump Hillary Clinton,0
Elizabeth Warren,532,Donald Trump Joe Biden,0
Elizabeth Warren,532,Donald Trump Ronald Reagan,0
Elizabeth Warren,532,George W. Bush Hillary Clinton,0
Elizabeth Warren,532,George W. Bush Joe Biden,0
Elizabeth Warren,532,George W. Bush Richard Nixon,0
Elizabeth Warren,532,George W. Bush Ronald Reagan,0
Elizabeth Warren,532,Hillary Clinton Joe Biden,0
Elizabeth Warren,532,Hillary Clinton Richard Nixon,0
Elizabeth Warren,532,Hillary Clinton Ronald Reagan,0
Elizabeth Warren,532,Joe Biden Richard Nixon,0
Elizabeth Warren,532,Joe Biden Ronald Reagan,0
Elizabeth Warren,532,Richard Nixon Ronald Reagan,1
Bernie Sanders,533,Abraham Lincoln Barack Obama,0
Bernie Sanders,533,Abraham Lincoln Donald Trump,0
Bernie Sanders,533,Abraham Lincoln Elizabeth Warren,0
Bernie Sanders,533,Abraham Lincoln George W. Bush,0
Bernie Sanders,533,Abraham Lincoln Hillary Clinton,0
Bernie Sanders,533,Abraham Lincoln Joe Biden,0
Bernie Sanders,533,Abraham Lincoln Richard Nixon,0
Bernie Sanders,533,Abraham Lincoln Ronald Reagan,0
Bernie Sanders,533,Barack Obama Elizabeth Warren,0
Bernie Sanders,533,Barack Obama George W. Bush,0
Bernie Sanders,533,Barack Obama Hillary Clinton,0
Bernie Sanders,533,Barack Obama Richard Nixon,0
Bernie Sanders,533,Barack Obama Ronald Reagan,0
Bernie Sanders,533,Donald Trump Elizabeth Warren,0
Bernie Sanders,533,Donald Trump George W. Bush,1
Bernie Sanders,533,Donald Trump Hillary Clinton,0
Bernie Sanders,533,Donald Trump Joe Biden,0
Bernie Sanders,533,Donald Trump Richard Nixon,1
Bernie Sanders,533,Elizabeth Warren George W. Bush,0
Bernie Sanders,533,Elizabeth Warren Joe Biden,1
Bernie Sanders,533,Elizabeth Warren Richard Nixon,0
Bernie Sanders,533,Elizabeth Warren Ronald Reagan,0
Bernie Sanders,533,George W. Bush Hillary Clinton,0
Bernie Sanders,533,George W. Bush Joe Biden,0
Bernie Sanders,533,George W. Bush Richard Nixon,1
Bernie Sanders,533,George W. Bush Ronald Reagan,0
Bernie Sanders,533,Hillary Clinton Joe Biden,0
Bernie Sanders,533,Hillary Clinton Richard Nixon,0
Bernie Sanders,533,Hillary Clinton Ronald Reagan,0
Bernie Sanders,533,Joe Biden Ronald Reagan,0
Bernie Sanders,533,Richard Nixon Ronald Reagan,0
Hillary Clinton,534,Abraham Lincoln Barack Obama,0
Hillary Clinton,534,Abraham Lincoln Bernie Sanders,0
Hillary Clinton,534,Abraham Lincoln George W. Bush,0
Hillary Clinton,534,Abraham Lincoln Joe Biden,0
Hillary Clinton,534,Abraham Lincoln Richard Nixon,1
Hillary Clinton,534,Abraham Lincoln Ronald Reagan,0
Hillary Clinton,534,Barack Obama Bernie Sanders,0
Hillary Clinton,534,Barack Obama Donald Trump,0
Hillary Clinton,534,Barack Obama Elizabeth Warren,0
Hillary Clinton,534,Barack Obama George W. Bush,0
Hillary Clinton,534,Barack Obama Joe Biden,0
Hillary Clinton,534,Barack Obama Ronald Reagan,0
Hillary Clinton,534,Bernie Sanders Donald Trump,0
Hillary Clinton,534,Bernie Sanders Elizabeth Warren,1
Hillary Clinton,534,Bernie Sanders George W. Bush,0
Hillary Clinton,534,Bernie Sanders Joe Biden,0
Hillary Clinton,534,Bernie Sanders Richard Nixon,0
Hillary Clinton,534,Bernie Sanders Ronald Reagan,0
Hillary Clinton,534,Donald Trump Elizabeth Warren,0
Hillary Clinton,534,Donald Trump George W. Bush,0
Hillary Clinton,534,Donald Trump Joe Biden,0
Hillary Clinton,534,Donald Trump Richard Nixon,0
Hillary Clinton,534,Donald Trump Ronald Reagan,0
Hillary Clinton,534,Elizabeth Warren George W. Bush,0
Hillary Clinton,534,Elizabeth Warren Joe Biden,0
Hillary Clinton,534,Elizabeth Warren Richard Nixon,0
Hillary Clinton,534,Elizabeth Warren Ronald Reagan,0
Hillary Clinton,534,George W. Bush Joe Biden,0
Hillary Clinton,534,George W. Bush Richard Nixon,0
Hillary Clinton,534,Joe Biden Richard Nixon,1
Hillary Clinton,534,Joe Biden Ronald Reagan,0
Hillary Clinton,534,Richard Nixon Ronald Reagan,1
Barack Obama,535,Abraham Lincoln Bernie Sanders,0
Barack Obama,535,Abraham Lincoln Donald Trump,0
Barack Obama,535,Abraham Lincoln Elizabeth Warren,0
Barack Obama,535,Abraham Lincoln George W. Bush,0
Barack Obama,535,Abraham Lincoln Hillary Clinton,0
Barack Obama,535,Abraham Lincoln Joe Biden,0
Barack Obama,535,Abraham Lincoln Richard Nixon,0
Barack Obama,535,Bernie Sanders Donald Trump,0
Barack Obama,535,Bernie Sanders Elizabeth Warren,0
Barack Obama,535,Bernie Sanders George W. Bush,1
Barack Obama,535,Bernie Sanders Hillary Clinton,0
Barack Obama,535,Bernie Sanders Joe Biden,0
Barack Obama,535,Bernie Sanders Richard Nixon,0
Barack Obama,535,Bernie Sanders Ronald Reagan,0
Barack Obama,535,Donald Trump George W. Bush,0
Barack Obama,535,Donald Trump Hillary Clinton,0
Barack Obama,535,Donald Trump Joe Biden,0
Barack Obama,535,Donald Trump Richard Nixon,0
Barack Obama,535,Donald Trump Ronald Reagan,0
Barack Obama,535,Elizabeth Warren Hillary Clinton,0
Barack Obama,535,Elizabeth Warren Joe Biden,0
Barack Obama,535,Elizabeth Warren Richard Nixon,0
Barack Obama,535,Elizabeth Warren Ronald Reagan,0
Barack Obama,535,George W. Bush Hillary Clinton,0
Barack Obama,535,George W. Bush Joe Biden,0
Barack Obama,535,George W. Bush Richard Nixon,0
Barack Obama,535,George W. Bush Ronald Reagan,0
Barack Obama,535,Hillary Clinton Joe Biden,0
Barack Obama,535,Hillary Clinton Richard Nixon,0
Barack Obama,535,Hillary Clinton Ronald Reagan,0
Barack Obama,535,Joe Biden Ronald Reagan,0
Barack Obama,535,Richard Nixon Ronald Reagan,0
Richard Nixon,536,Abraham Lincoln Barack Obama,0
Richard Nixon,536,Abraham Lincoln Bernie Sanders,0
Richard Nixon,536,Abraham Lincoln Donald Trump,0
Richard Nixon,536,Abraham Lincoln Elizabeth Warren,0
Richard Nixon,536,Abraham Lincoln George W. Bush,0
Richard Nixon,536,Abraham Lincoln Hillary Clinton,0
Richard Nixon,536,Abraham Lincoln Joe Biden,0
Richard Nixon,536,Abraham Lincoln Ronald Reagan,0
Richard Nixon,536,Barack Obama Bernie Sanders,0
Richard Nixon,536,Barack Obama Donald Trump,0
Richard Nixon,536,Barack Obama Elizabeth Warren,0
Richard Nixon,536,Barack Obama George W. Bush,0
Richard Nixon,536,Barack Obama Hillary Clinton,0
Richard Nixon,536,Barack Obama Joe Biden,0
Richard Nixon,536,Barack Obama Ronald Reagan,0
Richard Nixon,536,Bernie Sanders Donald Trump,0
Richard Nixon,536,Bernie Sanders Elizabeth Warren,0
Richard Nixon,536,Bernie Sanders George W. Bush,0
Richard Nixon,536,Bernie Sanders Hillary Clinton,0
Richard Nixon,536,Bernie Sanders Joe Biden,0
Richard Nixon,536,Bernie Sanders Ronald Reagan,0
Richard Nixon,536,Donald Trump Elizabeth Warren,0
Richard Nixon,536,Donald Trump George W. Bush,0
Richard Nixon,536,Donald Trump Hillary Clinton,0
Richard Nixon,536,Donald Trump Joe Biden,0
Richard Nixon,536,Donald Trump Ronald Reagan,0
Richard Nixon,536,Elizabeth Warren George W. Bush,0
Richard Nixon,536,Elizabeth Warren Hillary Clinton,0
Richard Nixon,536,Elizabeth Warren Joe Biden,0
Richard Nixon,536,Elizabeth Warren Ronald Reagan,0
Richard Nixon,536,George W. Bush Hillary Clinton,0
Richard Nixon,536,George W. Bush Joe Biden,0
Richard Nixon,536,George W. Bush Ronald Reagan,0
Richard Nixon,536,Hillary Clinton Ronald Reagan,0
Richard Nixon,536,Joe Biden Ronald Reagan,0
Ronald Reagan,537,Abraham Lincoln Barack Obama,0
Ronald Reagan,537,Abraham Lincoln Bernie Sanders,0
Ronald Reagan,537,Abraham Lincoln Elizabeth Warren,0
Ronald Reagan,537,Abraham Lincoln George W. Bush,0
Ronald Reagan,537,Abraham Lincoln Hillary Clinton,0
Ronald Reagan,537,Abraham Lincoln Joe Biden,0
Ronald Reagan,537,Abraham Lincoln Richard Nixon,0
Ronald Reagan,537,Barack Obama Bernie Sanders,0
Ronald Reagan,537,Barack Obama Donald Trump,0
Ronald Reagan,537,Barack Obama Elizabeth Warren,0
Ronald Reagan,537,Barack Obama Joe Biden,0
Ronald Reagan,537,Barack Obama Richard Nixon,0
Ronald Reagan,537,Bernie Sanders Donald Trump,0
Ronald Reagan,537,Bernie Sanders Elizabeth Warren,0
Ronald Reagan,537,Bernie Sanders George W. Bush,0
Ronald Reagan,537,Bernie Sanders Hillary Clinton,0
Ronald Reagan,537,Bernie Sanders Joe Biden,0
Ronald Reagan,537,Bernie Sanders Richard Nixon,0
Ronald Reagan,537,Donald Trump Elizabeth Warren,0
Ronald Reagan,537,Donald Trump George W. Bush,0
Ronald Reagan,537,Donald Trump Joe Biden,0
Ronald Reagan,537,Donald Trump Richard Nixon,0
Ronald Reagan,537,Elizabeth Warren George W. Bush,0
Ronald Reagan,537,Elizabeth Warren Hillary Clinton,0
Ronald Reagan,537,Elizabeth Warren Joe Biden,0
Ronald Reagan,537,Elizabeth Warren Richard Nixon,0
Ronald Reagan,537,George W. Bush Hillary Clinton,0
Ronald Reagan,537,George W. Bush Joe Biden,0
Ronald Reagan,537,George W. Bush Richard Nixon,0
Ronald Reagan,537,Hillary Clinton Joe Biden,0
Ronald Reagan,537,Hillary Clinton Richard Nixon,0
Ronald Reagan,537,Joe Biden Richard Nixon,0
Ronald Reagan,538,Abraham Lincoln Bernie Sanders,0
Ronald Reagan,538,Abraham Lincoln Donald Trump,0
Ronald Reagan,538,Abraham Lincoln Elizabeth Warren,0
Ronald Reagan,538,Abraham Lincoln George W. Bush,0
Ronald Reagan,538,Abraham Lincoln Joe Biden,0
Ronald Reagan,538,Abraham Lincoln Richard Nixon,0
Ronald Reagan,538,Barack Obama Bernie Sanders,0
Ronald Reagan,538,Barack Obama Donald Trump,0
Ronald Reagan,538,Barack Obama Elizabeth Warren,0
Ronald Reagan,538,Barack Obama George W. Bush,0
Ronald Reagan,538,Barack Obama Joe Biden,0
Ronald Reagan,538,Barack Obama Richard Nixon,0
Ronald Reagan,538,Bernie Sanders Donald Trump,0
Ronald Reagan,538,Bernie Sanders Elizabeth Warren,0
Ronald Reagan,538,Bernie Sanders George W. Bush,0
Ronald Reagan,538,Bernie Sanders Hillary Clinton,0
Ronald Reagan,538,Bernie Sanders Joe Biden,0
Ronald Reagan,538,Bernie Sanders Richard Nixon,0
Ronald Reagan,538,Donald Trump Elizabeth Warren,0
Ronald Reagan,538,Donald Trump George W. Bush,0
Ronald Reagan,538,Donald Trump Hillary Clinton,0
Ronald Reagan,538,Donald Trump Richard Nixon,0
Ronald Reagan,538,Elizabeth Warren George W. Bush,0
Ronald Reagan,538,Elizabeth Warren Hillary Clinton,0
Ronald Reagan,538,Elizabeth Warren Joe Biden,0
Ronald Reagan,538,Elizabeth Warren Richard Nixon,0
Ronald Reagan,538,George W. Bush Hillary Clinton,0
Ronald Reagan,538,George W. Bush Joe Biden,0
Ronald Reagan,538,George W. Bush Richard Nixon,0
Ronald Reagan,538,Hillary Clinton Joe Biden,1
Ronald Reagan,538,Hillary Clinton Richard Nixon,0
Ronald Reagan,538,Joe Biden Richard Nixon,0
Abraham Lincoln,539,Barack Obama Bernie Sanders,0
Abraham Lincoln,539,Barack Obama Elizabeth Warren,1
Abraham Lincoln,539,Barack Obama George W. Bush,0
Abraham Lincoln,539,Barack Obama Hillary Clinton,0
Abraham Lincoln,539,Barack Obama Joe Biden,0
Abraham Lincoln,539,Barack Obama Ronald Reagan,0
Abraham Lincoln,539,Bernie Sanders Donald Trump,0
Abraham Lincoln,539,Bernie Sanders Elizabeth Warren,0
Abraham Lincoln,539,Bernie Sanders George W. Bush,0
Abraham Lincoln,539,Bernie Sanders Hillary Clinton,0
Abraham Lincoln,539,Bernie Sanders Joe Biden,0
Abraham Lincoln,539,Bernie Sanders Richard Nixon,0
Abraham Lincoln,539,Bernie Sanders Ronald Reagan,0
Abraham Lincoln,539,Donald Trump Elizabeth Warren,0
Abraham Lincoln,539,Donald Trump Hillary Clinton,0
Abraham Lincoln,539,Donald Trump Joe Biden,0
Abraham Lincoln,539,Donald Trump Richard Nixon,0
Abraham Lincoln,539,Donald Trump Ronald Reagan,0
Abraham Lincoln,539,Elizabeth Warren George W. Bush,0
Abraham Lincoln,539,Elizabeth Warren Hillary Clinton,0
Abraham Lincoln,539,Elizabeth Warren Joe Biden,0
Abraham Lincoln,539,Elizabeth Warren Richard Nixon,0
Abraham Lincoln,539,Elizabeth Warren Ronald Reagan,0
Abraham Lincoln,539,George W. Bush Hillary Clinton,1
Abraham Lincoln,539,George W. Bush Joe Biden,0
Abraham Lincoln,539,George W. Bush Richard Nixon,0
Abraham Lincoln,539,George W. Bush Ronald Reagan,0
Abraham Lincoln,539,Hillary Clinton Joe Biden,0
Abraham Lincoln,539,Hillary Clinton Richard Nixon,0
Abraham Lincoln,539,Hillary Clinton Ronald Reagan,0
Abraham Lincoln,539,Joe Biden Richard Nixon,0
Abraham Lincoln,539,Joe Biden Ronald Reagan,0
Abraham Lincoln,539,Richard Nixon Ronald Reagan,0
George W. Bush,540,Abraham Lincoln Barack Obama,0
George W. Bush,540,Abraham Lincoln Bernie Sanders,0
George W. Bush,540,Abraham Lincoln Donald Trump,0
George W. Bush,540,Abraham Lincoln Elizabeth Warren,0
George W. Bush,540,Abraham Lincoln Hillary Clinton,0
George W. Bush,540,Abraham Lincoln Joe Biden,0
George W. Bush,540,Abraham Lincoln Ronald Reagan,0
George W. Bush,540,Barack Obama Bernie Sanders,0
George W. Bush,540,Barack Obama Elizabeth Warren,0
George W. Bush,540,Barack Obama Hillary Clinton,0
George W. Bush,540,Barack Obama Joe Biden,0
George W. Bush,540,Barack Obama Richard Nixon,0
George W. Bush,540,Barack Obama Ronald Reagan,0
George W. Bush,540,Bernie Sanders Donald Trump,0
George W. Bush,540,Bernie Sanders Elizabeth Warren,0
George W. Bush,540,Bernie Sanders Hillary Clinton,0
George W. Bush,540,Bernie Sanders Joe Biden,0
George W. Bush,540,Bernie Sanders Richard Nixon,0
George W. Bush,540,Bernie Sanders Ronald Reagan,0
George W. Bush,540,Donald Trump Elizabeth Warren,0
George W. Bush,540,Donald Trump Joe Biden,0
George W. Bush,540,Donald Trump Richard Nixon,0
George W. Bush,540,Donald Trump Ronald Reagan,0
George W. Bush,540,Elizabeth Warren Hillary Clinton,0
George W. Bush,540,Elizabeth Warren Joe Biden,0
George W. Bush,540,Elizabeth Warren Richard Nixon,0
George W. Bush,540,Elizabeth Warren Ronald Reagan,0
George W. Bush,540,Hillary Clinton Joe Biden,0
George W. Bush,540,Hillary Clinton Richard Nixon,0
George W. Bush,540,Hillary Clinton Ronald Reagan,0
George W. Bush,540,Joe Biden Richard Nixon,0
George W. Bush,540,Joe Biden Ronald Reagan,0
George W. Bush,540,Richard Nixon Ronald Reagan,0
Hillary Clinton,541,Abraham Lincoln Barack Obama,0
Hillary Clinton,541,Abraham Lincoln Bernie Sanders,0
Hillary Clinton,541,Abraham Lincoln Donald Trump,0
Hillary Clinton,541,Abraham Lincoln Elizabeth Warren,0
Hillary Clinton,541,Abraham Lincoln George W. Bush,0
Hillary Clinton,541,Abraham Lincoln Joe Biden,0
Hillary Clinton,541,Abraham Lincoln Richard Nixon,0
Hillary Clinton,541,Abraham Lincoln Ronald Reagan,0
Hillary Clinton,541,Barack Obama Bernie Sanders,0
Hillary Clinton,541,Barack Obama Donald Trump,0
Hillary Clinton,541,Barack Obama Elizabeth Warren,0
Hillary Clinton,541,Barack Obama George W. Bush,0
Hillary Clinton,541,Barack Obama Joe Biden,0
Hillary Clinton,541,Barack Obama Richard Nixon,0
Hillary Clinton,541,Barack Obama Ronald Reagan,0
Hillary Clinton,541,Bernie Sanders Donald Trump,0
Hillary Clinton,541,Bernie Sanders Elizabeth Warren,0
Hillary Clinton,541,Bernie Sanders George W. Bush,0
Hillary Clinton,541,Bernie Sanders Joe Biden,0
Hillary Clinton,541,Bernie Sanders Richard Nixon,1
Hillary Clinton,541,Bernie Sanders Ronald Reagan,0
Hillary Clinton,541,Donald Trump Elizabeth Warren,0
Hillary Clinton,541,Donald Trump George W. Bush,1
Hillary Clinton,541,Donald Trump Joe Biden,0
Hillary Clinton,541,Donald Trump Richard Nixon,0
Hillary Clinton,541,Donald Trump Ronald Reagan,0
Hillary Clinton,541,Elizabeth Warren George W. Bush,0
Hillary Clinton,541,Elizabeth Warren Richard Nixon,1
Hillary Clinton,541,Elizabeth Warren Ronald Reagan,0
Hillary Clinton,541,George W. Bush Joe Biden,0
Hillary Clinton,541,George W. Bush Richard Nixon,0
Hillary Clinton,541,George W. Bush Ronald Reagan,0
Hillary Clinton,541,Joe Biden Richard Nixon,0
Hillary Clinton,541,Joe Biden Ronald Reagan,0
Hillary Clinton,541,Richard Nixon Ronald Reagan,0
Joe Biden,542,Abraham Lincoln Bernie Sanders,0
Joe Biden,542,Abraham Lincoln Donald Trump,0
Joe Biden,542,Abraham Lincoln Elizabeth Warren,0
Joe Biden,542,Abraham Lincoln George W. Bush,0
Joe Biden,542,Abraham Lincoln Hillary Clinton,0
Joe Biden,542,Abraham Lincoln Richard Nixon,0
Joe Biden,542,Abraham Lincoln Ronald Reagan,0
Joe Biden,542,Barack Obama Bernie Sanders,0
Joe Biden,542,Barack Obama Donald Trump,0
Joe Biden,542,Barack Obama Elizabeth Warren,0
Joe Biden,542,Barack Obama George W. Bush,0
Joe Biden,542,Barack Obama Hillary Clinton,0
Joe Biden,542,Barack Obama Richard Nixon,0
Joe Biden,542,Barack Obama Ronald Reagan,0
Joe Biden,542,Bernie Sanders Donald Trump,0
Joe Biden,542,Bernie Sanders Elizabeth Warren,0
Joe Biden,542,Bernie Sanders George W. Bush,0
Joe Biden,542,Bernie Sanders Hillary Clinton,0
Joe Biden,542,Bernie Sanders Richard Nixon,0
Joe Biden,542,Bernie Sanders Ronald Reagan,0
Joe Biden,542,Donald Trump Elizabeth Warren,0
Joe Biden,542,Donald Trump George W. Bush,0
Joe Biden,542,Donald Trump Hillary Clinton,0
Joe Biden,542,Donald Trump Ronald Reagan,0
Joe Biden,542,Elizabeth Warren George W. Bush,0
Joe Biden,542,Elizabeth Warren Hillary Clinton,0
Joe Biden,542,Elizabeth Warren Richard Nixon,0
Joe Biden,542,Elizabeth Warren Ronald Reagan,0
Joe Biden,542,George W. Bush Hillary Clinton,0
Joe Biden,542,George W. Bush Richard Nixon,0
Joe Biden,542,George W. Bush Ronald Reagan,0
Joe Biden,542,Hillary Clinton Richard Nixon,0
Joe Biden,542,Hillary Clinton Ronald Reagan,0
Joe Biden,542,Richard Nixon Ronald Reagan,0
Ronald Reagan,543,Abraham Lincoln Barack Obama,0
Ronald Reagan,543,Abraham Lincoln Bernie Sanders,0
Ronald Reagan,543,Abraham Lincoln Donald Trump,0
Ronald Reagan,543,Abraham Lincoln Elizabeth Warren,0
Ronald Reagan,543,Abraham Lincoln George W. Bush,0
Ronald Reagan,543,Abraham Lincoln Hillary Clinton,0
Ronald Reagan,543,Abraham Lincoln Joe Biden,0
Ronald Reagan,543,Abraham Lincoln Richard Nixon,1
Ronald Reagan,543,Barack Obama Bernie Sanders,0
Ronald Reagan,543,Barack Obama Donald Trump,0
Ronald Reagan,543,Barack Obama Elizabeth Warren,0
Ronald Reagan,543,Barack Obama Hillary Clinton,0
Ronald Reagan,543,Barack Obama Richard Nixon,0
Ronald Reagan,543,Bernie Sanders Donald Trump,0
Ronald Reagan,543,Bernie Sanders Elizabeth Warren,0
Ronald Reagan,543,Bernie Sanders George W. Bush,0
Ronald Reagan,543,Bernie Sanders Hillary Clinton,0
Ronald Reagan,543,Bernie Sanders Joe Biden,0
Ronald Reagan,543,Bernie Sanders Richard Nixon,1
Ronald Reagan,543,Donald Trump Elizabeth Warren,0
Ronald Reagan,543,Donald Trump George W. Bush,0
Ronald Reagan,543,Donald Trump Hillary Clinton,0
Ronald Reagan,543,Donald Trump Joe Biden,0
Ronald Reagan,543,Elizabeth Warren George W. Bush,0
Ronald Reagan,543,Elizabeth Warren Hillary Clinton,0
Ronald Reagan,543,Elizabeth Warren Joe Biden,0
Ronald Reagan,543,Elizabeth Warren Richard Nixon,0
Ronald Reagan,543,George W. Bush Hillary Clinton,0
Ronald Reagan,543,George W. Bush Joe Biden,0
Ronald Reagan,543,George W. Bush Richard Nixon,1
Ronald Reagan,543,Hillary Clinton Joe Biden,1
Ronald Reagan,543,Hillary Clinton Richard Nixon,0
Richard Nixon,544,Abraham Lincoln Barack Obama,0
Richard Nixon,544,Abraham Lincoln Bernie Sanders,0
Richard Nixon,544,Abraham Lincoln Elizabeth Warren,0
Richard Nixon,544,Abraham Lincoln George W. Bush,0
Richard Nixon,544,Abraham Lincoln Hillary Clinton,0
Richard Nixon,544,Abraham Lincoln Joe Biden,0
Richard Nixon,544,Abraham Lincoln Ronald Reagan,0
Richard Nixon,544,Barack Obama Bernie Sanders,0
Richard Nixon,544,Barack Obama Donald Trump,1
Richard Nixon,544,Barack Obama Elizabeth Warren,0
Richard Nixon,544,Barack Obama George W. Bush,1
Richard Nixon,544,Barack Obama Hillary Clinton,0
Richard Nixon,544,Barack Obama Joe Biden,0
Richard Nixon,544,Bernie Sanders Donald Trump,0
Richard Nixon,544,Bernie Sanders Elizabeth Warren,0
Richard Nixon,544,Bernie Sanders George W. Bush,0
Richard Nixon,544,Bernie Sanders Hillary Clinton,0
Richard Nixon,544,Bernie Sanders Joe Biden,1
Richard Nixon,544,Bernie Sanders Ronald Reagan,0
Richard Nixon,544,Donald Trump Elizabeth Warren,0
Richard Nixon,544,Donald Trump Hillary Clinton,0
Richard Nixon,544,Donald Trump Joe Biden,0
Richard Nixon,544,Donald Trump Ronald Reagan,0
Richard Nixon,544,Elizabeth Warren Hillary Clinton,0
Richard Nixon,544,Elizabeth Warren Joe Biden,0
Richard Nixon,544,Elizabeth Warren Ronald Reagan,0
Richard Nixon,544,George W. Bush Hillary Clinton,0
Richard Nixon,544,George W. Bush Joe Biden,0
Richard Nixon,544,George W. Bush Ronald Reagan,0
Richard Nixon,544,Hillary Clinton Joe Biden,0
Richard Nixon,544,Hillary Clinton Ronald Reagan,0
Richard Nixon,544,Joe Biden Ronald Reagan,0
Barack Obama,545,Abraham Lincoln Bernie Sanders,0
Barack Obama,545,Abraham Lincoln Donald Trump,0
Barack Obama,545,Abraham Lincoln Elizabeth Warren,0
Barack Obama,545,Abraham Lincoln George W. Bush,0
Barack Obama,545,Abraham Lincoln Hillary Clinton,0
Barack Obama,545,Abraham Lincoln Richard Nixon,0
Barack Obama,545,Abraham Lincoln Ronald Reagan,0
Barack Obama,545,Bernie Sanders Donald Trump,0
Barack Obama,545,Bernie Sanders Elizabeth Warren,0
Barack Obama,545,Bernie Sanders George W. Bush,0
Barack Obama,545,Bernie Sanders Hillary Clinton,0
Barack Obama,545,Bernie Sanders Joe Biden,0
Barack Obama,545,Bernie Sanders Richard Nixon,0
Barack Obama,545,Bernie Sanders Ronald Reagan,0
Barack Obama,545,Donald Trump George W. Bush,0
Barack Obama,545,Donald Trump Joe Biden,0
Barack Obama,545,Donald Trump Richard Nixon,0
Barack Obama,545,Donald Trump Ronald Reagan,0
Barack Obama,545,Elizabeth Warren George W. Bush,0
Barack Obama,545,Elizabeth Warren Hillary Clinton,0
Barack Obama,545,Elizabeth Warren Joe Biden,1
Barack Obama,545,Elizabeth Warren Richard Nixon,0
Barack Obama,545,Elizabeth Warren Ronald Reagan,0
Barack Obama,545,George W. Bush Hillary Clinton,0
Barack Obama,545,George W. Bush Joe Biden,0
Barack Obama,545,George W. Bush Ronald Reagan,0
Barack Obama,545,Hillary Clinton Joe Biden,0
Barack Obama,545,Hillary Clinton Richard Nixon,0
Barack Obama,545,Hillary Clinton Ronald Reagan,0
Barack Obama,545,Joe Biden Richard Nixon,0
Barack Obama,545,Joe Biden Ronald Reagan,0
Barack Obama,545,Richard Nixon Ronald Reagan,0
Ronald Reagan,546,Abraham Lincoln Barack Obama,0
Ronald Reagan,546,Abraham Lincoln Bernie Sanders,0
Ronald Reagan,546,Abraham Lincoln Donald Trump,0
Ronald Reagan,546,Abraham Lincoln Elizabeth Warren,0
Ronald Reagan,546,Abraham Lincoln George W. Bush,0
Ronald Reagan,546,Abraham Lincoln Hillary Clinton,0
Ronald Reagan,546,Abraham Lincoln Joe Biden,0
Ronald Reagan,546,Abraham Lincoln Richard Nixon,0
Ronald Reagan,546,Barack Obama Bernie Sanders,0
Ronald Reagan,546,Barack Obama Donald Trump,0
Ronald Reagan,546,Barack Obama Elizabeth Warren,1
Ronald Reagan,546,Barack Obama Hillary Clinton,0
Ronald Reagan,546,Barack Obama Joe Biden,1
Ronald Reagan,546,Barack Obama Richard Nixon,0
Ronald Reagan,546,Bernie Sanders Donald Trump,0
Ronald Reagan,546,Bernie Sanders Elizabeth Warren,0
Ronald Reagan,546,Bernie Sanders Hillary Clinton,0
Ronald Reagan,546,Bernie Sanders Joe Biden,0
Ronald Reagan,546,Bernie Sanders Richard Nixon,1
Ronald Reagan,546,Donald Trump Elizabeth Warren,0
Ronald Reagan,546,Donald Trump George W. Bush,0
Ronald Reagan,546,Donald Trump Hillary Clinton,0
Ronald Reagan,546,Donald Trump Richard Nixon,0
Ronald Reagan,546,Elizabeth Warren George W. Bush,0
Ronald Reagan,546,Elizabeth Warren Hillary Clinton,0
Ronald Reagan,546,Elizabeth Warren Joe Biden,0
Ronald Reagan,546,Elizabeth Warren Richard Nixon,0
Ronald Reagan,546,George W. Bush Hillary Clinton,0
Ronald Reagan,546,George W. Bush Joe Biden,0
Ronald Reagan,546,George W. Bush Richard Nixon,0
Ronald Reagan,546,Hillary Clinton Joe Biden,0
Ronald Reagan,546,Hillary Clinton Richard Nixon,1
Ronald Reagan,546,Joe Biden Richard Nixon,0
Barack Obama,547,Abraham Lincoln Bernie Sanders,1
Barack Obama,547,Abraham Lincoln Donald Trump,0
Barack Obama,547,Abraham Lincoln Elizabeth Warren,0
Barack Obama,547,Abraham Lincoln Hillary Clinton,0
Barack Obama,547,Abraham Lincoln Joe Biden,0
Barack Obama,547,Abraham Lincoln Richard Nixon,0
Barack Obama,547,Abraham Lincoln Ronald Reagan,0
Barack Obama,547,Bernie Sanders Donald Trump,0
Barack Obama,547,Bernie Sanders Elizabeth Warren,0
Barack Obama,547,Bernie Sanders George W. Bush,0
Barack Obama,547,Bernie Sanders Hillary Clinton,0
Barack Obama,547,Bernie Sanders Joe Biden,0
Barack Obama,547,Bernie Sanders Richard Nixon,0
Barack Obama,547,Bernie Sanders Ronald Reagan,0
Barack Obama,547,Donald Trump Elizabeth Warren,0
Barack Obama,547,Donald Trump George W. Bush,0
Barack Obama,547,Donald Trump Joe Biden,0
Barack Obama,547,Donald Trump Richard Nixon,0
Barack Obama,547,Donald Trump Ronald Reagan,0
Barack Obama,547,Elizabeth Warren George W. Bush,0
Barack Obama,547,Elizabeth Warren Hillary Clinton,0
Barack Obama,547,Elizabeth Warren Joe Biden,0
Barack Obama,547,Elizabeth Warren Richard Nixon,0
Barack Obama,547,Elizabeth Warren Ronald Reagan,0
Barack Obama,547,George W. Bush Hillary Clinton,0
Barack Obama,547,George W. Bush Joe Biden,0
Barack Obama,547,George W. Bush Richard Nixon,0
Barack Obama,547,George W. Bush Ronald Reagan,0
Barack Obama,547,Hillary Clinton Joe Biden,0
Barack Obama,547,Hillary Clinton Richard Nixon,0
Barack Obama,547,Hillary Clinton Ronald Reagan,0
Barack Obama,547,Joe Biden Ronald Reagan,0
Barack Obama,547,Richard Nixon Ronald Reagan,0
Elizabeth Warren,548,Abraham Lincoln Barack Obama,0
Elizabeth Warren,548,Abraham Lincoln Bernie Sanders,0
Elizabeth Warren,548,Abraham Lincoln Donald Trump,0
Elizabeth Warren,548,Abraham Lincoln George W. Bush,0
Elizabeth Warren,548,Abraham Lincoln Hillary Clinton,0
Elizabeth Warren,548,Abraham Lincoln Joe Biden,0
Elizabeth Warren,548,Abraham Lincoln Richard Nixon,0
Elizabeth Warren,548,Abraham Lincoln Ronald Reagan,0
Elizabeth Warren,548,Barack Obama Bernie Sanders,0
Elizabeth Warren,548,Barack Obama Donald Trump,0
Elizabeth Warren,548,Barack Obama George W. Bush,0
Elizabeth Warren,548,Barack Obama Hillary Clinton,0
Elizabeth Warren,548,Barack Obama Richard Nixon,0
Elizabeth Warren,548,Barack Obama Ronald Reagan,0
Elizabeth Warren,548,Bernie Sanders Donald Trump,0
Elizabeth Warren,548,Bernie Sanders George W. Bush,0
Elizabeth Warren,548,Bernie Sanders Hillary Clinton,0
Elizabeth Warren,548,Bernie Sanders Joe Biden,0
Elizabeth Warren,548,Bernie Sanders Richard Nixon,0
Elizabeth Warren,548,Bernie Sanders Ronald Reagan,0
Elizabeth Warren,548,Donald Trump George W. Bush,0
Elizabeth Warren,548,Donald Trump Hillary Clinton,0
Elizabeth Warren,548,Donald Trump Joe Biden,0
Elizabeth Warren,548,Donald Trump Richard Nixon,0
Elizabeth Warren,548,Donald Trump Ronald Reagan,0
Elizabeth Warren,548,George W. Bush Hillary Clinton,0
Elizabeth Warren,548,George W. Bush Joe Biden,0
Elizabeth Warren,548,George W. Bush Richard Nixon,0
Elizabeth Warren,548,George W. Bush Ronald Reagan,0
Elizabeth Warren,548,Hillary Clinton Joe Biden,0
Elizabeth Warren,548,Hillary Clinton Richard Nixon,0
Elizabeth Warren,548,Hillary Clinton Ronald Reagan,0
Elizabeth Warren,548,Joe Biden Richard Nixon,0
Elizabeth Warren,548,Joe Biden Ronald Reagan,0
Elizabeth Warren,548,Richard Nixon Ronald Reagan,0
Elizabeth Warren,549,Abraham Lincoln Barack Obama,0
Elizabeth Warren,549,Abraham Lincoln Bernie Sanders,0
Elizabeth Warren,549,Abraham Lincoln Donald Trump,0
Elizabeth Warren,549,Abraham Lincoln George W. Bush,0
Elizabeth Warren,549,Abraham Lincoln Hillary Clinton,0
Elizabeth Warren,549,Abraham Lincoln Joe Biden,0
Elizabeth Warren,549,Abraham Lincoln Richard Nixon,0
Elizabeth Warren,549,Abraham Lincoln Ronald Reagan,0
Elizabeth Warren,549,Barack Obama Bernie Sanders,0
Elizabeth Warren,549,Barack Obama Donald Trump,0
Elizabeth Warren,549,Barack Obama George W. Bush,0
Elizabeth Warren,549,Barack Obama Hillary Clinton,0
Elizabeth Warren,549,Barack Obama Joe Biden,0
Elizabeth Warren,549,Barack Obama Richard Nixon,0
Elizabeth Warren,549,Barack Obama Ronald Reagan,0
Elizabeth Warren,549,Bernie Sanders Donald Trump,0
Elizabeth Warren,549,Bernie Sanders Hillary Clinton,0
Elizabeth Warren,549,Bernie Sanders Joe Biden,0
Elizabeth Warren,549,Bernie Sanders Richard Nixon,0
Elizabeth Warren,549,Donald Trump George W. Bush,0
Elizabeth Warren,549,Donald Trump Hillary Clinton,0
Elizabeth Warren,549,Donald Trump Richard Nixon,0
Elizabeth Warren,549,Donald Trump Ronald Reagan,0
Elizabeth Warren,549,George W. Bush Hillary Clinton,1
Elizabeth Warren,549,George W. Bush Joe Biden,0
Elizabeth Warren,549,George W. Bush Richard Nixon,1
Elizabeth Warren,549,George W. Bush Ronald Reagan,0
Elizabeth Warren,549,Hillary Clinton Joe Biden,0
Elizabeth Warren,549,Hillary Clinton Richard Nixon,0
Elizabeth Warren,549,Hillary Clinton Ronald Reagan,0
Elizabeth Warren,549,Joe Biden Ronald Reagan,0
Elizabeth Warren,549,Richard Nixon Ronald Reagan,0
George W. Bush,550,Abraham Lincoln Barack Obama,0
George W. Bush,550,Abraham Lincoln Bernie Sanders,0
George W. Bush,550,Abraham Lincoln Donald Trump,0
George W. Bush,550,Abraham Lincoln Elizabeth Warren,0
George W. Bush,550,Abraham Lincoln Hillary Clinton,0
George W. Bush,550,Abraham Lincoln Joe Biden,0
George W. Bush,550,Abraham Lincoln Richard Nixon,0
George W. Bush,550,Abraham Lincoln Ronald Reagan,0
George W. Bush,550,Barack Obama Bernie Sanders,0
George W. Bush,550,Barack Obama Donald Trump,1
George W. Bush,550,Barack Obama Elizabeth Warren,0
George W. Bush,550,Barack Obama Hillary Clinton,0
George W. Bush,550,Barack Obama Joe Biden,0
George W. Bush,550,Barack Obama Richard Nixon,0
George W. Bush,550,Bernie Sanders Donald Trump,0
George W. Bush,550,Bernie Sanders Elizabeth Warren,0
George W. Bush,550,Bernie Sanders Hillary Clinton,0
George W. Bush,550,Bernie Sanders Joe Biden,0
George W. Bush,550,Bernie Sanders Richard Nixon,1
George W. Bush,550,Bernie Sanders Ronald Reagan,0
George W. Bush,550,Donald Trump Hillary Clinton,0
George W. Bush,550,Donald Trump Joe Biden,1
George W. Bush,550,Donald Trump Richard Nixon,0
George W. Bush,550,Donald Trump Ronald Reagan,0
George W. Bush,550,Elizabeth Warren Hillary Clinton,0
George W. Bush,550,Elizabeth Warren Joe Biden,0
George W. Bush,550,Elizabeth Warren Richard Nixon,0
George W. Bush,550,Elizabeth Warren Ronald Reagan,0
George W. Bush,550,Hillary Clinton Joe Biden,0
George W. Bush,550,Hillary Clinton Richard Nixon,0
George W. Bush,550,Hillary Clinton Ronald Reagan,1
George W. Bush,550,Joe Biden Richard Nixon,0
George W. Bush,550,Joe Biden Ronald Reagan,0
George W. Bush,550,Richard Nixon Ronald Reagan,0
Bernie Sanders,551,Abraham Lincoln Barack Obama,0
Bernie Sanders,551,Abraham Lincoln Donald Trump,0
Bernie Sanders,551,Abraham Lincoln Elizabeth Warren,0
Bernie Sanders,551,Abraham Lincoln George W. Bush,0
Bernie Sanders,551,Abraham Lincoln Hillary Clinton,0
Bernie Sanders,551,Abraham Lincoln Joe Biden,0
Bernie Sanders,551,Abraham Lincoln Richard Nixon,0
Bernie Sanders,551,Abraham Lincoln Ronald Reagan,0
Bernie Sanders,551,Barack Obama Donald Trump,0
Bernie Sanders,551,Barack Obama Elizabeth Warren,0
Bernie Sanders,551,Barack Obama George W. Bush,0
Bernie Sanders,551,Barack Obama Hillary Clinton,0
Bernie Sanders,551,Barack Obama Joe Biden,0
Bernie Sanders,551,Barack Obama Ronald Reagan,0
Bernie Sanders,551,Donald Trump Elizabeth Warren,0
Bernie Sanders,551,Donald Trump George W. Bush,0
Bernie Sanders,551,Donald Trump Hillary Clinton,0
Bernie Sanders,551,Donald Trump Joe Biden,1
Bernie Sanders,551,Donald Trump Richard Nixon,0
Bernie Sanders,551,Donald Trump Ronald Reagan,0
Bernie Sanders,551,Elizabeth Warren George W. Bush,0
Bernie Sanders,551,Elizabeth Warren Hillary Clinton,0
Bernie Sanders,551,Elizabeth Warren Joe Biden,0
Bernie Sanders,551,Elizabeth Warren Richard Nixon,0
Bernie Sanders,551,Elizabeth Warren Ronald Reagan,0
Bernie Sanders,551,George W. Bush Hillary Clinton,0
Bernie Sanders,551,George W. Bush Joe Biden,0
Bernie Sanders,551,George W. Bush Richard Nixon,0
Bernie Sanders,551,George W. Bush Ronald Reagan,0
Bernie Sanders,551,Hillary Clinton Joe Biden,0
Bernie Sanders,551,Hillary Clinton Richard Nixon,0
Bernie Sanders,551,Hillary Clinton Ronald Reagan,0
Bernie Sanders,551,Joe Biden Richard Nixon,0
Bernie Sanders,551,Joe Biden Ronald Reagan,0
Bernie Sanders,551,Richard Nixon Ronald Reagan,0
Joe Biden,552,Abraham Lincoln Barack Obama,1
Joe Biden,552,Abraham Lincoln Bernie Sanders,0
Joe Biden,552,Abraham Lincoln Donald Trump,0
Joe Biden,552,Abraham Lincoln Elizabeth Warren,0
Joe Biden,552,Abraham Lincoln George W. Bush,0
Joe Biden,552,Abraham Lincoln Hillary Clinton,0
Joe Biden,552,Abraham Lincoln Richard Nixon,0
Joe Biden,552,Abraham Lincoln Ronald Reagan,0
Joe Biden,552,Barack Obama Bernie Sanders,0
Joe Biden,552,Barack Obama Donald Trump,0
Joe Biden,552,Barack Obama Elizabeth Warren,0
Joe Biden,552,Barack Obama Hillary Clinton,0
Joe Biden,552,Barack Obama Richard Nixon,0
Joe Biden,552,Barack Obama Ronald Reagan,0
Joe Biden,552,Bernie Sanders Donald Trump,0
Joe Biden,552,Bernie Sanders Elizabeth Warren,0
Joe Biden,552,Bernie Sanders George W. Bush,0
Joe Biden,552,Bernie Sanders Hillary Clinton,0
Joe Biden,552,Bernie Sanders Richard Nixon,0
Joe Biden,552,Bernie Sanders Ronald Reagan,0
Joe Biden,552,Donald Trump Elizabeth Warren,0
Joe Biden,552,Donald Trump George W. Bush,0
Joe Biden,552,Donald Trump Hillary Clinton,0
Joe Biden,552,Donald Trump Richard Nixon,0
Joe Biden,552,Donald Trump Ronald Reagan,1
Joe Biden,552,Elizabeth Warren George W. Bush,0
Joe Biden,552,Elizabeth Warren Hillary Clinton,0
Joe Biden,552,Elizabeth Warren Richard Nixon,0
Joe Biden,552,Elizabeth Warren Ronald Reagan,0
Joe Biden,552,George W. Bush Hillary Clinton,0
Joe Biden,552,George W. Bush Richard Nixon,0
Joe Biden,552,George W. Bush Ronald Reagan,0
Joe Biden,552,Hillary Clinton Richard Nixon,0
Joe Biden,552,Hillary Clinton Ronald Reagan,0
Joe Biden,552,Richard Nixon Ronald Reagan,0
Abraham Lincoln,553,Barack Obama Bernie Sanders,0
Abraham Lincoln,553,Barack Obama Elizabeth Warren,0
Abraham Lincoln,553,Barack Obama George W. Bush,0
Abraham Lincoln,553,Barack Obama Hillary Clinton,0
Abraham Lincoln,553,Barack Obama Joe Biden,0
Abraham Lincoln,553,Barack Obama Richard Nixon,0
Abraham Lincoln,553,Barack Obama Ronald Reagan,1
Abraham Lincoln,553,Bernie Sanders Donald Trump,0
Abraham Lincoln,553,Bernie Sanders Elizabeth Warren,0
Abraham Lincoln,553,Bernie Sanders George W. Bush,0
Abraham Lincoln,553,Bernie Sanders Hillary Clinton,0
Abraham Lincoln,553,Bernie Sanders Joe Biden,0
Abraham Lincoln,553,Bernie Sanders Richard Nixon,0
Abraham Lincoln,553,Bernie Sanders Ronald Reagan,0
Abraham Lincoln,553,Donald Trump Elizabeth Warren,0
Abraham Lincoln,553,Donald Trump George W. Bush,0
Abraham Lincoln,553,Donald Trump Hillary Clinton,0
Abraham Lincoln,553,Donald Trump Joe Biden,0
Abraham Lincoln,553,Donald Trump Richard Nixon,0
Abraham Lincoln,553,Donald Trump Ronald Reagan,0
Abraham Lincoln,553,Elizabeth Warren George W. Bush,0
Abraham Lincoln,553,Elizabeth Warren Hillary Clinton,0
Abraham Lincoln,553,Elizabeth Warren Joe Biden,0
Abraham Lincoln,553,Elizabeth Warren Richard Nixon,0
Abraham Lincoln,553,Elizabeth Warren Ronald Reagan,0
Abraham Lincoln,553,George W. Bush Hillary Clinton,0
Abraham Lincoln,553,George W. Bush Richard Nixon,0
Abraham Lincoln,553,George W. Bush Ronald Reagan,0
Abraham Lincoln,553,Hillary Clinton Joe Biden,1
Abraham Lincoln,553,Hillary Clinton Ronald Reagan,0
Abraham Lincoln,553,Joe Biden Richard Nixon,0
Abraham Lincoln,553,Joe Biden Ronald Reagan,1
Abraham Lincoln,553,Richard Nixon Ronald Reagan,0
George W. Bush,554,Abraham Lincoln Barack Obama,0
George W. Bush,554,Abraham Lincoln Bernie Sanders,0
George W. Bush,554,Abraham Lincoln Donald Trump,0
George W. Bush,554,Abraham Lincoln Elizabeth Warren,0
George W. Bush,554,Abraham Lincoln Hillary Clinton,0
George W. Bush,554,Abraham Lincoln Richard Nixon,0
George W. Bush,554,Abraham Lincoln Ronald Reagan,0
George W. Bush,554,Barack Obama Bernie Sanders,0
George W. Bush,554,Barack Obama Donald Trump,0
George W. Bush,554,Barack Obama Elizabeth Warren,0
George W. Bush,554,Barack Obama Hillary Clinton,0
George W. Bush,554,Barack Obama Richard Nixon,0
George W. Bush,554,Bernie Sanders Donald Trump,0
George W. Bush,554,Bernie Sanders Elizabeth Warren,0
George W. Bush,554,Bernie Sanders Hillary Clinton,0
George W. Bush,554,Bernie Sanders Joe Biden,1
George W. Bush,554,Bernie Sanders Richard Nixon,0
George W. Bush,554,Bernie Sanders Ronald Reagan,0
George W. Bush,554,Donald Trump Elizabeth Warren,1
George W. Bush,554,Donald Trump Hillary Clinton,0
George W. Bush,554,Donald Trump Joe Biden,0
George W. Bush,554,Donald Trump Richard Nixon,0
George W. Bush,554,Elizabeth Warren Hillary Clinton,0
George W. Bush,554,Elizabeth Warren Richard Nixon,0
George W. Bush,554,Elizabeth Warren Ronald Reagan,0
George W. Bush,554,Hillary Clinton Joe Biden,0
George W. Bush,554,Hillary Clinton Richard Nixon,0
George W. Bush,554,Hillary Clinton Ronald Reagan,0
George W. Bush,554,Joe Biden Richard Nixon,0
George W. Bush,554,Joe Biden Ronald Reagan,1
George W. Bush,554,Richard Nixon Ronald Reagan,0
Donald Trump,555,Abraham Lincoln Barack Obama,0
Donald Trump,555,Abraham Lincoln Bernie Sanders,0
Donald Trump,555,Abraham Lincoln Elizabeth Warren,0
Donald Trump,555,Abraham Lincoln George W. Bush,0
Donald Trump,555,Abraham Lincoln Hillary Clinton,0
Donald Trump,555,Abraham Lincoln Joe Biden,0
Donald Trump,555,Abraham Lincoln Richard Nixon,0
Donald Trump,555,Abraham Lincoln Ronald Reagan,0
Donald Trump,555,Barack Obama Bernie Sanders,0
Donald Trump,555,Barack Obama Elizabeth Warren,0
Donald Trump,555,Barack Obama George W. Bush,0
Donald Trump,555,Barack Obama Hillary Clinton,0
Donald Trump,555,Barack Obama Joe Biden,0
Donald Trump,555,Barack Obama Richard Nixon,0
Donald Trump,555,Barack Obama Ronald Reagan,0
Donald Trump,555,Bernie Sanders Elizabeth Warren,0
Donald Trump,555,Bernie Sanders George W. Bush,0
Donald Trump,555,Bernie Sanders Hillary Clinton,0
Donald Trump,555,Bernie Sanders Joe Biden,1
Donald Trump,555,Bernie Sanders Richard Nixon,1
Donald Trump,555,Bernie Sanders Ronald Reagan,0
Donald Trump,555,Elizabeth Warren George W. Bush,0
Donald Trump,555,Elizabeth Warren Hillary Clinton,0
Donald Trump,555,Elizabeth Warren Joe Biden,0
Donald Trump,555,Elizabeth Warren Ronald Reagan,0
Donald Trump,555,George W. Bush Hillary Clinton,0
Donald Trump,555,George W. Bush Richard Nixon,1
Donald Trump,555,George W. Bush Ronald Reagan,1
Donald Trump,555,Hillary Clinton Joe Biden,0
Donald Trump,555,Hillary Clinton Richard Nixon,0
Donald Trump,555,Hillary Clinton Ronald Reagan,1
Donald Trump,555,Joe Biden Richard Nixon,0
Donald Trump,555,Joe Biden Ronald Reagan,0
Donald Trump,555,Richard Nixon Ronald Reagan,0
Abraham Lincoln,556,Barack Obama Bernie Sanders,0
Abraham Lincoln,556,Barack Obama Donald Trump,0
Abraham Lincoln,556,Barack Obama Elizabeth Warren,1
Abraham Lincoln,556,Barack Obama George W. Bush,0
Abraham Lincoln,556,Barack Obama Hillary Clinton,0
Abraham Lincoln,556,Barack Obama Joe Biden,0
Abraham Lincoln,556,Barack Obama Richard Nixon,0
Abraham Lincoln,556,Barack Obama Ronald Reagan,0
Abraham Lincoln,556,Bernie Sanders Elizabeth Warren,0
Abraham Lincoln,556,Bernie Sanders George W. Bush,0
Abraham Lincoln,556,Bernie Sanders Hillary Clinton,0
Abraham Lincoln,556,Bernie Sanders Joe Biden,0
Abraham Lincoln,556,Bernie Sanders Richard Nixon,0
Abraham Lincoln,556,Bernie Sanders Ronald Reagan,0
Abraham Lincoln,556,Donald Trump Elizabeth Warren,0
Abraham Lincoln,556,Donald Trump Hillary Clinton,0
Abraham Lincoln,556,Donald Trump Joe Biden,0
Abraham Lincoln,556,Donald Trump Richard Nixon,0
Abraham Lincoln,556,Donald Trump Ronald Reagan,0
Abraham Lincoln,556,Elizabeth Warren George W. Bush,0
Abraham Lincoln,556,Elizabeth Warren Hillary Clinton,0
Abraham Lincoln,556,Elizabeth Warren Joe Biden,0
Abraham Lincoln,556,Elizabeth Warren Richard Nixon,0
Abraham Lincoln,556,Elizabeth Warren Ronald Reagan,0
Abraham Lincoln,556,George W. Bush Hillary Clinton,0
Abraham Lincoln,556,George W. Bush Joe Biden,0
Abraham Lincoln,556,George W. Bush Richard Nixon,0
Abraham Lincoln,556,George W. Bush Ronald Reagan,0
Abraham Lincoln,556,Hillary Clinton Joe Biden,0
Abraham Lincoln,556,Hillary Clinton Richard Nixon,0
Abraham Lincoln,556,Hillary Clinton Ronald Reagan,0
Abraham Lincoln,556,Joe Biden Richard Nixon,0
Abraham Lincoln,556,Joe Biden Ronald Reagan,0
Abraham Lincoln,556,Richard Nixon Ronald Reagan,0
Hillary Clinton,557,Abraham Lincoln Barack Obama,0
Hillary Clinton,557,Abraham Lincoln Bernie Sanders,0
Hillary Clinton,557,Abraham Lincoln Donald Trump,0
Hillary Clinton,557,Abraham Lincoln Elizabeth Warren,0
Hillary Clinton,557,Abraham Lincoln George W. Bush,0
Hillary Clinton,557,Abraham Lincoln Joe Biden,0
Hillary Clinton,557,Abraham Lincoln Richard Nixon,0
Hillary Clinton,557,Abraham Lincoln Ronald Reagan,0
Hillary Clinton,557,Barack Obama Bernie Sanders,0
Hillary Clinton,557,Barack Obama Donald Trump,0
Hillary Clinton,557,Barack Obama Elizabeth Warren,0
Hillary Clinton,557,Barack Obama George W. Bush,0
Hillary Clinton,557,Barack Obama Richard Nixon,1
Hillary Clinton,557,Barack Obama Ronald Reagan,0
Hillary Clinton,557,Bernie Sanders Donald Trump,0
Hillary Clinton,557,Bernie Sanders Elizabeth Warren,0
Hillary Clinton,557,Bernie Sanders George W. Bush,0
Hillary Clinton,557,Bernie Sanders Joe Biden,0
Hillary Clinton,557,Bernie Sanders Richard Nixon,0
Hillary Clinton,557,Bernie Sanders Ronald Reagan,0
Hillary Clinton,557,Donald Trump Elizabeth Warren,0
Hillary Clinton,557,Donald Trump George W. Bush,0
Hillary Clinton,557,Donald Trump Joe Biden,0
Hillary Clinton,557,Donald Trump Richard Nixon,0
Hillary Clinton,557,Donald Trump Ronald Reagan,0
Hillary Clinton,557,Elizabeth Warren George W. Bush,0
Hillary Clinton,557,Elizabeth Warren Joe Biden,0
Hillary Clinton,557,Elizabeth Warren Richard Nixon,0
Hillary Clinton,557,Elizabeth Warren Ronald Reagan,0
Hillary Clinton,557,George W. Bush Joe Biden,0
Hillary Clinton,557,George W. Bush Richard Nixon,0
Hillary Clinton,557,George W. Bush Ronald Reagan,0
Hillary Clinton,557,Joe Biden Ronald Reagan,0
Hillary Clinton,557,Richard Nixon Ronald Reagan,0
Richard Nixon,558,Abraham Lincoln Barack Obama,0
Richard Nixon,558,Abraham Lincoln Bernie Sanders,0
Richard Nixon,558,Abraham Lincoln Elizabeth Warren,0
Richard Nixon,558,Abraham Lincoln George W. Bush,0
Richard Nixon,558,Abraham Lincoln Hillary Clinton,0
Richard Nixon,558,Abraham Lincoln Joe Biden,0
Richard Nixon,558,Abraham Lincoln Ronald Reagan,0
Richard Nixon,558,Barack Obama Bernie Sanders,0
Richard Nixon,558,Barack Obama Donald Trump,1
Richard Nixon,558,Barack Obama Elizabeth Warren,0
Richard Nixon,558,Barack Obama George W. Bush,0
Richard Nixon,558,Barack Obama Hillary Clinton,1
Richard Nixon,558,Barack Obama Joe Biden,0
Richard Nixon,558,Barack Obama Ronald Reagan,0
Richard Nixon,558,Bernie Sanders Donald Trump,0
Richard Nixon,558,Bernie Sanders Elizabeth Warren,0
Richard Nixon,558,Bernie Sanders George W. Bush,0
Richard Nixon,558,Bernie Sanders Hillary Clinton,0
Richard Nixon,558,Bernie Sanders Joe Biden,0
Richard Nixon,558,Bernie Sanders Ronald Reagan,0
Richard Nixon,558,Donald Trump Elizabeth Warren,0
Richard Nixon,558,Donald Trump George W. Bush,0
Richard Nixon,558,Donald Trump Joe Biden,0
Richard Nixon,558,Donald Trump Ronald Reagan,0
Richard Nixon,558,Elizabeth Warren George W. Bush,0
Richard Nixon,558,Elizabeth Warren Hillary Clinton,0
Richard Nixon,558,Elizabeth Warren Joe Biden,0
Richard Nixon,558,Elizabeth Warren Ronald Reagan,0
Richard Nixon,558,George W. Bush Hillary Clinton,0
Richard Nixon,558,George W. Bush Joe Biden,0
Richard Nixon,558,George W. Bush Ronald Reagan,0
Richard Nixon,558,Hillary Clinton Joe Biden,0
Richard Nixon,558,Hillary Clinton Ronald Reagan,0
Richard Nixon,558,Joe Biden Ronald Reagan,0
Donald Trump,559,Abraham Lincoln Barack Obama,0
Donald Trump,559,Abraham Lincoln Bernie Sanders,0
Donald Trump,559,Abraham Lincoln Elizabeth Warren,0
Donald Trump,559,Abraham Lincoln George W. Bush,0
Donald Trump,559,Abraham Lincoln Hillary Clinton,0
Donald Trump,559,Abraham Lincoln Joe Biden,0
Donald Trump,559,Abraham Lincoln Richard Nixon,0
Donald Trump,559,Abraham Lincoln Ronald Reagan,0
Donald Trump,559,Barack Obama Bernie Sanders,0
Donald Trump,559,Barack Obama Elizabeth Warren,0
Donald Trump,559,Barack Obama George W. Bush,0
Donald Trump,559,Barack Obama Hillary Clinton,0
Donald Trump,559,Barack Obama Joe Biden,0
Donald Trump,559,Barack Obama Richard Nixon,0
Donald Trump,559,Bernie Sanders Elizabeth Warren,0
Donald Trump,559,Bernie Sanders Hillary Clinton,0
Donald Trump,559,Bernie Sanders Joe Biden,0
Donald Trump,559,Bernie Sanders Richard Nixon,0
Donald Trump,559,Bernie Sanders Ronald Reagan,0
Donald Trump,559,Elizabeth Warren George W. Bush,0
Donald Trump,559,Elizabeth Warren Hillary Clinton,0
Donald Trump,559,Elizabeth Warren Joe Biden,1
Donald Trump,559,Elizabeth Warren Richard Nixon,0
Donald Trump,559,Elizabeth Warren Ronald Reagan,0
Donald Trump,559,George W. Bush Hillary Clinton,0
Donald Trump,559,George W. Bush Joe Biden,0
Donald Trump,559,George W. Bush Richard Nixon,0
Donald Trump,559,George W. Bush Ronald Reagan,1
Donald Trump,559,Hillary Clinton Joe Biden,0
Donald Trump,559,Hillary Clinton Richard Nixon,1
Donald Trump,559,Hillary Clinton Ronald Reagan,0
Donald Trump,559,Joe Biden Richard Nixon,0
Donald Trump,559,Joe Biden Ronald Reagan,0
Donald Trump,559,Richard Nixon Ronald Reagan,1
Donald Trump,560,Abraham Lincoln Barack Obama,0
Donald Trump,560,Abraham Lincoln Bernie Sanders,0
Donald Trump,560,Abraham Lincoln Elizabeth Warren,0
Donald Trump,560,Abraham Lincoln George W. Bush,0
Donald Trump,560,Abraham Lincoln Hillary Clinton,0
Donald Trump,560,Abraham Lincoln Joe Biden,0
Donald Trump,560,Abraham Lincoln Richard Nixon,0
Donald Trump,560,Abraham Lincoln Ronald Reagan,0
Donald Trump,560,Barack Obama Bernie Sanders,0
Donald Trump,560,Barack Obama Elizabeth Warren,0
Donald Trump,560,Barack Obama George W. Bush,1
Donald Trump,560,Barack Obama Hillary Clinton,0
Donald Trump,560,Barack Obama Joe Biden,0
Donald Trump,560,Barack Obama Richard Nixon,0
Donald Trump,560,Barack Obama Ronald Reagan,1
Donald Trump,560,Bernie Sanders Elizabeth Warren,0
Donald Trump,560,Bernie Sanders George W. Bush,0
Donald Trump,560,Bernie Sanders Hillary Clinton,0
Donald Trump,560,Bernie Sanders Joe Biden,0
Donald Trump,560,Bernie Sanders Richard Nixon,0
Donald Trump,560,Elizabeth Warren George W. Bush,0
Donald Trump,560,Elizabeth Warren Hillary Clinton,0
Donald Trump,560,Elizabeth Warren Joe Biden,1
Donald Trump,560,Elizabeth Warren Richard Nixon,0
Donald Trump,560,Elizabeth Warren Ronald Reagan,1
Donald Trump,560,George W. Bush Hillary Clinton,0
Donald Trump,560,George W. Bush Joe Biden,0
Donald Trump,560,George W. Bush Richard Nixon,0
Donald Trump,560,George W. Bush Ronald Reagan,0
Donald Trump,560,Hillary Clinton Joe Biden,0
Donald Trump,560,Hillary Clinton Richard Nixon,0
Donald Trump,560,Hillary Clinton Ronald Reagan,1
Donald Trump,560,Joe Biden Richard Nixon,0
Donald Trump,560,Joe Biden Ronald Reagan,1
Donald Trump,560,Richard Nixon Ronald Reagan,0
George W. Bush,561,Abraham Lincoln Barack Obama,0
George W. Bush,561,Abraham Lincoln Bernie Sanders,0
George W. Bush,561,Abraham Lincoln Donald Trump,0
George W. Bush,561,Abraham Lincoln Elizabeth Warren,0
George W. Bush,561,Abraham Lincoln Hillary Clinton,0
George W. Bush,561,Abraham Lincoln Joe Biden,0
George W. Bush,561,Abraham Lincoln Richard Nixon,0
George W. Bush,561,Abraham Lincoln Ronald Reagan,0
George W. Bush,561,Barack Obama Bernie Sanders,0
George W. Bush,561,Barack Obama Donald Trump,0
George W. Bush,561,Barack Obama Elizabeth Warren,0
George W. Bush,561,Barack Obama Hillary Clinton,0
George W. Bush,561,Barack Obama Joe Biden,0
George W. Bush,561,Barack Obama Richard Nixon,0
George W. Bush,561,Barack Obama Ronald Reagan,0
George W. Bush,561,Bernie Sanders Donald Trump,0
George W. Bush,561,Bernie Sanders Elizabeth Warren,0
George W. Bush,561,Bernie Sanders Hillary Clinton,0
George W. Bush,561,Bernie Sanders Joe Biden,0
George W. Bush,561,Bernie Sanders Richard Nixon,1
George W. Bush,561,Bernie Sanders Ronald Reagan,1
George W. Bush,561,Donald Trump Elizabeth Warren,0
George W. Bush,561,Donald Trump Joe Biden,0
George W. Bush,561,Donald Trump Richard Nixon,0
George W. Bush,561,Donald Trump Ronald Reagan,0
George W. Bush,561,Elizabeth Warren Ronald Reagan,0
George W. Bush,561,Hillary Clinton Joe Biden,0
George W. Bush,561,Hillary Clinton Richard Nixon,0
George W. Bush,561,Hillary Clinton Ronald Reagan,0
George W. Bush,561,Joe Biden Richard Nixon,0
George W. Bush,561,Richard Nixon Ronald Reagan,0
Bernie Sanders,562,Abraham Lincoln Barack Obama,0
Bernie Sanders,562,Abraham Lincoln Donald Trump,0
Bernie Sanders,562,Abraham Lincoln Elizabeth Warren,0
Bernie Sanders,562,Abraham Lincoln George W. Bush,0
Bernie Sanders,562,Abraham Lincoln Joe Biden,0
Bernie Sanders,562,Abraham Lincoln Richard Nixon,0
Bernie Sanders,562,Barack Obama Donald Trump,0
Bernie Sanders,562,Barack Obama Elizabeth Warren,0
Bernie Sanders,562,Barack Obama George W. Bush,0
Bernie Sanders,562,Barack Obama Hillary Clinton,1
Bernie Sanders,562,Barack Obama Joe Biden,0
Bernie Sanders,562,Barack Obama Richard Nixon,0
Bernie Sanders,562,Barack Obama Ronald Reagan,0
Bernie Sanders,562,Donald Trump Elizabeth Warren,0
Bernie Sanders,562,Donald Trump George W. Bush,0
Bernie Sanders,562,Donald Trump Joe Biden,0
Bernie Sanders,562,Donald Trump Richard Nixon,0
Bernie Sanders,562,Donald Trump Ronald Reagan,0
Bernie Sanders,562,Elizabeth Warren George W. Bush,0
Bernie Sanders,562,Elizabeth Warren Hillary Clinton,0
Bernie Sanders,562,Elizabeth Warren Joe Biden,0
Bernie Sanders,562,Elizabeth Warren Richard Nixon,0
Bernie Sanders,562,Elizabeth Warren Ronald Reagan,0
Bernie Sanders,562,George W. Bush Hillary Clinton,0
Bernie Sanders,562,George W. Bush Joe Biden,0
Bernie Sanders,562,George W. Bush Richard Nixon,0
Bernie Sanders,562,George W. Bush Ronald Reagan,0
Bernie Sanders,562,Hillary Clinton Richard Nixon,0
Bernie Sanders,562,Hillary Clinton Ronald Reagan,0
Bernie Sanders,562,Joe Biden Richard Nixon,0
Bernie Sanders,562,Joe Biden Ronald Reagan,0
Bernie Sanders,562,Richard Nixon Ronald Reagan,0
George W. Bush,563,Abraham Lincoln Barack Obama,0
George W. Bush,563,Abraham Lincoln Bernie Sanders,0
George W. Bush,563,Abraham Lincoln Donald Trump,0
George W. Bush,563,Abraham Lincoln Elizabeth Warren,0
George W. Bush,563,Abraham Lincoln Hillary Clinton,0
George W. Bush,563,Abraham Lincoln Joe Biden,0
George W. Bush,563,Abraham Lincoln Ronald Reagan,0
George W. Bush,563,Barack Obama Bernie Sanders,0
George W. Bush,563,Barack Obama Donald Trump,1
George W. Bush,563,Barack Obama Elizabeth Warren,1
George W. Bush,563,Barack Obama Hillary Clinton,0
George W. Bush,563,Barack Obama Joe Biden,0
George W. Bush,563,Barack Obama Richard Nixon,0
George W. Bush,563,Bernie Sanders Donald Trump,0
George W. Bush,563,Bernie Sanders Elizabeth Warren,0
George W. Bush,563,Bernie Sanders Hillary Clinton,0
George W. Bush,563,Bernie Sanders Joe Biden,0
George W. Bush,563,Bernie Sanders Richard Nixon,0
George W. Bush,563,Bernie Sanders Ronald Reagan,0
George W. Bush,563,Donald Trump Elizabeth Warren,0
George W. Bush,563,Donald Trump Joe Biden,0
George W. Bush,563,Donald Trump Richard Nixon,0
George W. Bush,563,Donald Trump Ronald Reagan,0
George W. Bush,563,Elizabeth Warren Joe Biden,1
George W. Bush,563,Elizabeth Warren Richard Nixon,1
George W. Bush,563,Elizabeth Warren Ronald Reagan,0
George W. Bush,563,Hillary Clinton Joe Biden,0
George W. Bush,563,Hillary Clinton Richard Nixon,0
George W. Bush,563,Hillary Clinton Ronald Reagan,0
George W. Bush,563,Joe Biden Richard Nixon,0
George W. Bush,563,Joe Biden Ronald Reagan,0
George W. Bush,563,Richard Nixon Ronald Reagan,0
Hillary Clinton,564,Abraham Lincoln Barack Obama,0
Hillary Clinton,564,Abraham Lincoln Bernie Sanders,0
Hillary Clinton,564,Abraham Lincoln Donald Trump,0
Hillary Clinton,564,Abraham Lincoln Elizabeth Warren,1
Hillary Clinton,564,Abraham Lincoln George W. Bush,0
Hillary Clinton,564,Abraham Lincoln Joe Biden,0
Hillary Clinton,564,Abraham Lincoln Ronald Reagan,1
Hillary Clinton,564,Barack Obama Bernie Sanders,0
Hillary Clinton,564,Barack Obama Donald Trump,0
Hillary Clinton,564,Barack Obama Elizabeth Warren,1
Hillary Clinton,564,Barack Obama George W. Bush,0
Hillary Clinton,564,Barack Obama Joe Biden,0
Hillary Clinton,564,Barack Obama Richard Nixon,1
Hillary Clinton,564,Barack Obama Ronald Reagan,0
Hillary Clinton,564,Bernie Sanders Donald Trump,0
Hillary Clinton,564,Bernie Sanders Elizabeth Warren,0
Hillary Clinton,564,Bernie Sanders George W. Bush,0
Hillary Clinton,564,Bernie Sanders Joe Biden,0
Hillary Clinton,564,Bernie Sanders Richard Nixon,0
Hillary Clinton,564,Bernie Sanders Ronald Reagan,0
Hillary Clinton,564,Donald Trump Elizabeth Warren,0
Hillary Clinton,564,Donald Trump George W. Bush,0
Hillary Clinton,564,Donald Trump Joe Biden,1
Hillary Clinton,564,Donald Trump Richard Nixon,0
Hillary Clinton,564,Donald Trump Ronald Reagan,0
Hillary Clinton,564,Elizabeth Warren George W. Bush,0
Hillary Clinton,564,Elizabeth Warren Joe Biden,0
Hillary Clinton,564,Elizabeth Warren Richard Nixon,0
Hillary Clinton,564,Elizabeth Warren Ronald Reagan,0
Hillary Clinton,564,George W. Bush Joe Biden,0
Hillary Clinton,564,George W. Bush Richard Nixon,0
Hillary Clinton,564,George W. Bush Ronald Reagan,0
Hillary Clinton,564,Joe Biden Richard Nixon,1
Hillary Clinton,564,Joe Biden Ronald Reagan,0
Ronald Reagan,565,Abraham Lincoln Barack Obama,0
Ronald Reagan,565,Abraham Lincoln Bernie Sanders,0
Ronald Reagan,565,Abraham Lincoln Donald Trump,0
Ronald Reagan,565,Abraham Lincoln Elizabeth Warren,0
Ronald Reagan,565,Abraham Lincoln George W. Bush,0
Ronald Reagan,565,Abraham Lincoln Hillary Clinton,0
Ronald Reagan,565,Abraham Lincoln Joe Biden,0
Ronald Reagan,565,Abraham Lincoln Richard Nixon,0
Ronald Reagan,565,Barack Obama Bernie Sanders,0
Ronald Reagan,565,Barack Obama Donald Trump,0
Ronald Reagan,565,Barack Obama Elizabeth Warren,0
Ronald Reagan,565,Barack Obama George W. Bush,0
Ronald Reagan,565,Barack Obama Hillary Clinton,0
Ronald Reagan,565,Barack Obama Richard Nixon,0
Ronald Reagan,565,Bernie Sanders Donald Trump,0
Ronald Reagan,565,Bernie Sanders Elizabeth Warren,0
Ronald Reagan,565,Bernie Sanders George W. Bush,0
Ronald Reagan,565,Bernie Sanders Hillary Clinton,0
Ronald Reagan,565,Bernie Sanders Joe Biden,0
Ronald Reagan,565,Bernie Sanders Richard Nixon,0
Ronald Reagan,565,Donald Trump Elizabeth Warren,0
Ronald Reagan,565,Donald Trump George W. Bush,0
Ronald Reagan,565,Donald Trump Hillary Clinton,0
Ronald Reagan,565,Donald Trump Joe Biden,0
Ronald Reagan,565,Donald Trump Richard Nixon,0
Ronald Reagan,565,Elizabeth Warren George W. Bush,0
Ronald Reagan,565,Elizabeth Warren Hillary Clinton,0
Ronald Reagan,565,Elizabeth Warren Joe Biden,0
Ronald Reagan,565,Elizabeth Warren Richard Nixon,0
Ronald Reagan,565,George W. Bush Joe Biden,1
Ronald Reagan,565,George W. Bush Richard Nixon,0
Ronald Reagan,565,Hillary Clinton Joe Biden,1
Ronald Reagan,565,Hillary Clinton Richard Nixon,0
Ronald Reagan,565,Joe Biden Richard Nixon,1
Ronald Reagan,566,Abraham Lincoln Barack Obama,0
Ronald Reagan,566,Abraham Lincoln Bernie Sanders,0
Ronald Reagan,566,Abraham Lincoln Elizabeth Warren,0
Ronald Reagan,566,Abraham Lincoln George W. Bush,0
Ronald Reagan,566,Abraham Lincoln Hillary Clinton,0
Ronald Reagan,566,Abraham Lincoln Joe Biden,0
Ronald Reagan,566,Abraham Lincoln Richard Nixon,0
Ronald Reagan,566,Barack Obama Bernie Sanders,0
Ronald Reagan,566,Barack Obama Donald Trump,0
Ronald Reagan,566,Barack Obama Elizabeth Warren,0
Ronald Reagan,566,Barack Obama George W. Bush,0
Ronald Reagan,566,Barack Obama Hillary Clinton,0
Ronald Reagan,566,Barack Obama Joe Biden,0
Ronald Reagan,566,Barack Obama Richard Nixon,0
Ronald Reagan,566,Bernie Sanders Donald Trump,0
Ronald Reagan,566,Bernie Sanders Elizabeth Warren,0
Ronald Reagan,566,Bernie Sanders George W. Bush,0
Ronald Reagan,566,Bernie Sanders Hillary Clinton,0
Ronald Reagan,566,Bernie Sanders Joe Biden,0
Ronald Reagan,566,Bernie Sanders Richard Nixon,0
Ronald Reagan,566,Donald Trump Elizabeth Warren,0
Ronald Reagan,566,Donald Trump George W. Bush,0
Ronald Reagan,566,Donald Trump Hillary Clinton,0
Ronald Reagan,566,Donald Trump Joe Biden,0
Ronald Reagan,566,Donald Trump Richard Nixon,0
Ronald Reagan,566,Elizabeth Warren George W. Bush,0
Ronald Reagan,566,Elizabeth Warren Hillary Clinton,0
Ronald Reagan,566,Elizabeth Warren Joe Biden,0
Ronald Reagan,566,Elizabeth Warren Richard Nixon,0
Ronald Reagan,566,George W. Bush Hillary Clinton,0
Ronald Reagan,566,George W. Bush Joe Biden,0
Ronald Reagan,566,George W. Bush Richard Nixon,0
Ronald Reagan,566,Hillary Clinton Richard Nixon,0
Ronald Reagan,566,Joe Biden Richard Nixon,0
Bernie Sanders,567,Abraham Lincoln Barack Obama,0
Bernie Sanders,567,Abraham Lincoln Donald Trump,0
Bernie Sanders,567,Abraham Lincoln Elizabeth Warren,0
Bernie Sanders,567,Abraham Lincoln Hillary Clinton,0
Bernie Sanders,567,Abraham Lincoln Joe Biden,0
Bernie Sanders,567,Abraham Lincoln Ronald Reagan,0
Bernie Sanders,567,Barack Obama Donald Trump,0
Bernie Sanders,567,Barack Obama Elizabeth Warren,0
Bernie Sanders,567,Barack Obama George W. Bush,0
Bernie Sanders,567,Barack Obama Hillary Clinton,1
Bernie Sanders,567,Barack Obama Joe Biden,0
Bernie Sanders,567,Barack Obama Richard Nixon,0
Bernie Sanders,567,Barack Obama Ronald Reagan,0
Bernie Sanders,567,Donald Trump Elizabeth Warren,1
Bernie Sanders,567,Donald Trump George W. Bush,0
Bernie Sanders,567,Donald Trump Hillary Clinton,0
Bernie Sanders,567,Donald Trump Joe Biden,0
Bernie Sanders,567,Donald Trump Richard Nixon,0
Bernie Sanders,567,Donald Trump Ronald Reagan,0
Bernie Sanders,567,Elizabeth Warren George W. Bush,0
Bernie Sanders,567,Elizabeth Warren Hillary Clinton,0
Bernie Sanders,567,Elizabeth Warren Joe Biden,0
Bernie Sanders,567,Elizabeth Warren Richard Nixon,0
Bernie Sanders,567,Elizabeth Warren Ronald Reagan,0
Bernie Sanders,567,George W. Bush Hillary Clinton,0
Bernie Sanders,567,George W. Bush Joe Biden,0
Bernie Sanders,567,George W. Bush Richard Nixon,0
Bernie Sanders,567,George W. Bush Ronald Reagan,0
Bernie Sanders,567,Hillary Clinton Joe Biden,0
Bernie Sanders,567,Hillary Clinton Richard Nixon,0
Bernie Sanders,567,Hillary Clinton Ronald Reagan,0
Bernie Sanders,567,Joe Biden Richard Nixon,0
Bernie Sanders,567,Joe Biden Ronald Reagan,0
Bernie Sanders,567,Richard Nixon Ronald Reagan,1
Hillary Clinton,568,Abraham Lincoln Barack Obama,0
Hillary Clinton,568,Abraham Lincoln Bernie Sanders,0
Hillary Clinton,568,Abraham Lincoln Donald Trump,0
Hillary Clinton,568,Abraham Lincoln Elizabeth Warren,0
Hillary Clinton,568,Abraham Lincoln George W. Bush,0
Hillary Clinton,568,Abraham Lincoln Joe Biden,0
Hillary Clinton,568,Abraham Lincoln Richard Nixon,0
Hillary Clinton,568,Abraham Lincoln Ronald Reagan,1
Hillary Clinton,568,Barack Obama Bernie Sanders,0
Hillary Clinton,568,Barack Obama Donald Trump,0
Hillary Clinton,568,Barack Obama Elizabeth Warren,0
Hillary Clinton,568,Barack Obama George W. Bush,0
Hillary Clinton,568,Barack Obama Richard Nixon,0
Hillary Clinton,568,Barack Obama Ronald Reagan,0
Hillary Clinton,568,Bernie Sanders Donald Trump,0
Hillary Clinton,568,Bernie Sanders Elizabeth Warren,0
Hillary Clinton,568,Bernie Sanders George W. Bush,0
Hillary Clinton,568,Bernie Sanders Joe Biden,0
Hillary Clinton,568,Bernie Sanders Richard Nixon,0
Hillary Clinton,568,Bernie Sanders Ronald Reagan,0
Hillary Clinton,568,Donald Trump Elizabeth Warren,0
Hillary Clinton,568,Donald Trump George W. Bush,0
Hillary Clinton,568,Donald Trump Joe Biden,0
Hillary Clinton,568,Donald Trump Richard Nixon,0
Hillary Clinton,568,Donald Trump Ronald Reagan,0
Hillary Clinton,568,Elizabeth Warren Richard Nixon,0
Hillary Clinton,568,Elizabeth Warren Ronald Reagan,0
Hillary Clinton,568,George W. Bush Joe Biden,0
Hillary Clinton,568,George W. Bush Richard Nixon,0
Hillary Clinton,568,George W. Bush Ronald Reagan,0
Hillary Clinton,568,Joe Biden Richard Nixon,0
Hillary Clinton,568,Joe Biden Ronald Reagan,0
Hillary Clinton,568,Richard Nixon Ronald Reagan,1
Bernie Sanders,569,Abraham Lincoln Barack Obama,0
Bernie Sanders,569,Abraham Lincoln Donald Trump,0
Bernie Sanders,569,Abraham Lincoln Elizabeth Warren,0
Bernie Sanders,569,Abraham Lincoln George W. Bush,0
Bernie Sanders,569,Abraham Lincoln Hillary Clinton,0
Bernie Sanders,569,Abraham Lincoln Joe Biden,0
Bernie Sanders,569,Abraham Lincoln Richard Nixon,1
Bernie Sanders,569,Abraham Lincoln Ronald Reagan,0
Bernie Sanders,569,Barack Obama Donald Trump,0
Bernie Sanders,569,Barack Obama Elizabeth Warren,0
Bernie Sanders,569,Barack Obama George W. Bush,0
Bernie Sanders,569,Barack Obama Hillary Clinton,0
Bernie Sanders,569,Barack Obama Richard Nixon,0
Bernie Sanders,569,Barack Obama Ronald Reagan,0
Bernie Sanders,569,Donald Trump Elizabeth Warren,0
Bernie Sanders,569,Donald Trump George W. Bush,0
Bernie Sanders,569,Donald Trump Hillary Clinton,0
Bernie Sanders,569,Donald Trump Joe Biden,0
Bernie Sanders,569,Donald Trump Richard Nixon,0
Bernie Sanders,569,Donald Trump Ronald Reagan,0
Bernie Sanders,569,Elizabeth Warren George W. Bush,0
Bernie Sanders,569,Elizabeth Warren Hillary Clinton,0
Bernie Sanders,569,Elizabeth Warren Joe Biden,0
Bernie Sanders,569,Elizabeth Warren Richard Nixon,0
Bernie Sanders,569,George W. Bush Hillary Clinton,0
Bernie Sanders,569,George W. Bush Joe Biden,0
Bernie Sanders,569,George W. Bush Richard Nixon,0
Bernie Sanders,569,George W. Bush Ronald Reagan,0
Bernie Sanders,569,Hillary Clinton Joe Biden,0
Bernie Sanders,569,Hillary Clinton Richard Nixon,0
Bernie Sanders,569,Hillary Clinton Ronald Reagan,0
Bernie Sanders,569,Joe Biden Richard Nixon,0
Bernie Sanders,569,Richard Nixon Ronald Reagan,0
Barack Obama,570,Abraham Lincoln Bernie Sanders,0
Barack Obama,570,Abraham Lincoln Donald Trump,0
Barack Obama,570,Abraham Lincoln Elizabeth Warren,0
Barack Obama,570,Abraham Lincoln George W. Bush,0
Barack Obama,570,Abraham Lincoln Hillary Clinton,0
Barack Obama,570,Abraham Lincoln Joe Biden,0
Barack Obama,570,Abraham Lincoln Ronald Reagan,0
Barack Obama,570,Bernie Sanders Donald Trump,0
Barack Obama,570,Bernie Sanders Elizabeth Warren,0
Barack Obama,570,Bernie Sanders George W. Bush,0
Barack Obama,570,Bernie Sanders Hillary Clinton,0
Barack Obama,570,Bernie Sanders Joe Biden,0
Barack Obama,570,Bernie Sanders Richard Nixon,0
Barack Obama,570,Bernie Sanders Ronald Reagan,0
Barack Obama,570,Donald Trump Elizabeth Warren,0
Barack Obama,570,Donald Trump George W. Bush,0
Barack Obama,570,Donald Trump Hillary Clinton,0
Barack Obama,570,Donald Trump Joe Biden,0
Barack Obama,570,Donald Trump Richard Nixon,1
Barack Obama,570,Donald Trump Ronald Reagan,0
Barack Obama,570,Elizabeth Warren George W. Bush,0
Barack Obama,570,Elizabeth Warren Hillary Clinton,0
Barack Obama,570,Elizabeth Warren Joe Biden,0
Barack Obama,570,Elizabeth Warren Richard Nixon,0
Barack Obama,570,Elizabeth Warren Ronald Reagan,0
Barack Obama,570,George W. Bush Hillary Clinton,0
Barack Obama,570,George W. Bush Joe Biden,1
Barack Obama,570,George W. Bush Richard Nixon,1
Barack Obama,570,George W. Bush Ronald Reagan,0
Barack Obama,570,Hillary Clinton Joe Biden,0
Barack Obama,570,Hillary Clinton Richard Nixon,0
Barack Obama,570,Hillary Clinton Ronald Reagan,1
Barack Obama,570,Joe Biden Ronald Reagan,0
Barack Obama,570,Richard Nixon Ronald Reagan,1
Ronald Reagan,571,Abraham Lincoln Barack Obama,0
Ronald Reagan,571,Abraham Lincoln Bernie Sanders,0
Ronald Reagan,571,Abraham Lincoln Donald Trump,0
Ronald Reagan,571,Abraham Lincoln Elizabeth Warren,1
Ronald Reagan,571,Abraham Lincoln George W. Bush,0
Ronald Reagan,571,Abraham Lincoln Hillary Clinton,0
Ronald Reagan,571,Abraham Lincoln Joe Biden,0
Ronald Reagan,571,Abraham Lincoln Richard Nixon,0
Ronald Reagan,571,Barack Obama Bernie Sanders,0
Ronald Reagan,571,Barack Obama Donald Trump,1
Ronald Reagan,571,Barack Obama Elizabeth Warren,0
Ronald Reagan,571,Barack Obama George W. Bush,0
Ronald Reagan,571,Barack Obama Hillary Clinton,0
Ronald Reagan,571,Barack Obama Joe Biden,0
Ronald Reagan,571,Barack Obama Richard Nixon,1
Ronald Reagan,571,Bernie Sanders Donald Trump,0
Ronald Reagan,571,Bernie Sanders Elizabeth Warren,0
Ronald Reagan,571,Bernie Sanders George W. Bush,0
Ronald Reagan,571,Bernie Sanders Joe Biden,1
Ronald Reagan,571,Bernie Sanders Richard Nixon,0
Ronald Reagan,571,Donald Trump Elizabeth Warren,1
Ronald Reagan,571,Donald Trump Hillary Clinton,0
Ronald Reagan,571,Donald Trump Joe Biden,0
Ronald Reagan,571,Donald Trump Richard Nixon,0
Ronald Reagan,571,Elizabeth Warren George W. Bush,0
Ronald Reagan,571,Elizabeth Warren Hillary Clinton,0
Ronald Reagan,571,Elizabeth Warren Richard Nixon,0
Ronald Reagan,571,George W. Bush Hillary Clinton,0
Ronald Reagan,571,George W. Bush Joe Biden,0
Ronald Reagan,571,George W. Bush Richard Nixon,1
Ronald Reagan,571,Hillary Clinton Joe Biden,0
Ronald Reagan,571,Hillary Clinton Richard Nixon,0
Ronald Reagan,571,Joe Biden Richard Nixon,0
Donald Trump,572,Abraham Lincoln Barack Obama,0
Donald Trump,572,Abraham Lincoln Bernie Sanders,0
Donald Trump,572,Abraham Lincoln Elizabeth Warren,0
Donald Trump,572,Abraham Lincoln George W. Bush,0
Donald Trump,572,Abraham Lincoln Hillary Clinton,0
Donald Trump,572,Abraham Lincoln Joe Biden,0
Donald Trump,572,Abraham Lincoln Richard Nixon,0
Donald Trump,572,Abraham Lincoln Ronald Reagan,0
Donald Trump,572,Barack Obama Bernie Sanders,0
Donald Trump,572,Barack Obama Elizabeth Warren,0
Donald Trump,572,Barack Obama George W. Bush,0
Donald Trump,572,Barack Obama Joe Biden,0
Donald Trump,572,Barack Obama Richard Nixon,1
Donald Trump,572,Barack Obama Ronald Reagan,0
Donald Trump,572,Bernie Sanders Elizabeth Warren,0
Donald Trump,572,Bernie Sanders George W. Bush,1
Donald Trump,572,Bernie Sanders Hillary Clinton,0
Donald Trump,572,Bernie Sanders Joe Biden,1
Donald Trump,572,Bernie Sanders Richard Nixon,0
Donald Trump,572,Bernie Sanders Ronald Reagan,0
Donald Trump,572,Elizabeth Warren George W. Bush,0
Donald Trump,572,Elizabeth Warren Joe Biden,0
Donald Trump,572,Elizabeth Warren Richard Nixon,1
Donald Trump,572,Elizabeth Warren Ronald Reagan,0
Donald Trump,572,George W. Bush Hillary Clinton,0
Donald Trump,572,George W. Bush Joe Biden,0
Donald Trump,572,George W. Bush Richard Nixon,0
Donald Trump,572,George W. Bush Ronald Reagan,0
Donald Trump,572,Hillary Clinton Joe Biden,0
Donald Trump,572,Hillary Clinton Richard Nixon,0
Donald Trump,572,Hillary Clinton Ronald Reagan,0
Donald Trump,572,Joe Biden Richard Nixon,0
Donald Trump,572,Joe Biden Ronald Reagan,0
Donald Trump,572,Richard Nixon Ronald Reagan,0
Joe Biden,573,Abraham Lincoln Barack Obama,0
Joe Biden,573,Abraham Lincoln Bernie Sanders,0
Joe Biden,573,Abraham Lincoln Donald Trump,0
Joe Biden,573,Abraham Lincoln Elizabeth Warren,0
Joe Biden,573,Abraham Lincoln George W. Bush,1
Joe Biden,573,Abraham Lincoln Hillary Clinton,0
Joe Biden,573,Abraham Lincoln Richard Nixon,1
Joe Biden,573,Abraham Lincoln Ronald Reagan,0
Joe Biden,573,Barack Obama Bernie Sanders,0
Joe Biden,573,Barack Obama Donald Trump,0
Joe Biden,573,Barack Obama Elizabeth Warren,0
Joe Biden,573,Barack Obama George W. Bush,1
Joe Biden,573,Barack Obama Hillary Clinton,0
Joe Biden,573,Barack Obama Richard Nixon,0
Joe Biden,573,Bernie Sanders Donald Trump,0
Joe Biden,573,Bernie Sanders Elizabeth Warren,1
Joe Biden,573,Bernie Sanders George W. Bush,1
Joe Biden,573,Bernie Sanders Hillary Clinton,0
Joe Biden,573,Bernie Sanders Richard Nixon,0
Joe Biden,573,Bernie Sanders Ronald Reagan,0
Joe Biden,573,Donald Trump Elizabeth Warren,0
Joe Biden,573,Donald Trump Hillary Clinton,0
Joe Biden,573,Donald Trump Richard Nixon,0
Joe Biden,573,Donald Trump Ronald Reagan,1
Joe Biden,573,Elizabeth Warren George W. Bush,0
Joe Biden,573,Elizabeth Warren Hillary Clinton,0
Joe Biden,573,Elizabeth Warren Richard Nixon,0
Joe Biden,573,Elizabeth Warren Ronald Reagan,0
Joe Biden,573,George W. Bush Hillary Clinton,0
Joe Biden,573,George W. Bush Richard Nixon,0
Joe Biden,573,George W. Bush Ronald Reagan,0
Joe Biden,573,Hillary Clinton Ronald Reagan,0
Joe Biden,573,Richard Nixon Ronald Reagan,0
Richard Nixon,574,Abraham Lincoln Barack Obama,0
Richard Nixon,574,Abraham Lincoln Bernie Sanders,0
Richard Nixon,574,Abraham Lincoln Donald Trump,0
Richard Nixon,574,Abraham Lincoln Elizabeth Warren,0
Richard Nixon,574,Abraham Lincoln George W. Bush,0
Richard Nixon,574,Abraham Lincoln Hillary Clinton,1
Richard Nixon,574,Abraham Lincoln Joe Biden,0
Richard Nixon,574,Abraham Lincoln Ronald Reagan,0
Richard Nixon,574,Barack Obama Bernie Sanders,0
Richard Nixon,574,Barack Obama Elizabeth Warren,0
Richard Nixon,574,Barack Obama George W. Bush,1
Richard Nixon,574,Barack Obama Joe Biden,0
Richard Nixon,574,Bernie Sanders Donald Trump,0
Richard Nixon,574,Bernie Sanders Elizabeth Warren,0
Richard Nixon,574,Bernie Sanders George W. Bush,0
Richard Nixon,574,Bernie Sanders Hillary Clinton,1
Richard Nixon,574,Bernie Sanders Joe Biden,0
Richard Nixon,574,Bernie Sanders Ronald Reagan,0
Richard Nixon,574,Donald Trump Elizabeth Warren,0
Richard Nixon,574,Donald Trump George W. Bush,0
Richard Nixon,574,Donald Trump Joe Biden,0
Richard Nixon,574,Donald Trump Ronald Reagan,0
Richard Nixon,574,Elizabeth Warren George W. Bush,1
Richard Nixon,574,Elizabeth Warren Hillary Clinton,0
Richard Nixon,574,Elizabeth Warren Ronald Reagan,0
Richard Nixon,574,George W. Bush Hillary Clinton,0
Richard Nixon,574,George W. Bush Joe Biden,1
Richard Nixon,574,George W. Bush Ronald Reagan,0
Richard Nixon,574,Hillary Clinton Joe Biden,0
Richard Nixon,574,Hillary Clinton Ronald Reagan,0
Richard Nixon,574,Joe Biden Ronald Reagan,0
Hillary Clinton,575,Abraham Lincoln Barack Obama,0
Hillary Clinton,575,Abraham Lincoln Bernie Sanders,0
Hillary Clinton,575,Abraham Lincoln Donald Trump,0
Hillary Clinton,575,Abraham Lincoln Elizabeth Warren,0
Hillary Clinton,575,Abraham Lincoln George W. Bush,1
Hillary Clinton,575,Abraham Lincoln Joe Biden,0
Hillary Clinton,575,Abraham Lincoln Richard Nixon,0
Hillary Clinton,575,Abraham Lincoln Ronald Reagan,0
Hillary Clinton,575,Barack Obama Bernie Sanders,0
Hillary Clinton,575,Barack Obama Donald Trump,0
Hillary Clinton,575,Barack Obama Elizabeth Warren,0
Hillary Clinton,575,Barack Obama George W. Bush,0
Hillary Clinton,575,Barack Obama Joe Biden,0
Hillary Clinton,575,Barack Obama Richard Nixon,1
Hillary Clinton,575,Barack Obama Ronald Reagan,0
Hillary Clinton,575,Bernie Sanders Donald Trump,0
Hillary Clinton,575,Bernie Sanders Elizabeth Warren,1
Hillary Clinton,575,Bernie Sanders George W. Bush,0
Hillary Clinton,575,Bernie Sanders Joe Biden,0
Hillary Clinton,575,Bernie Sanders Richard Nixon,0
Hillary Clinton,575,Bernie Sanders Ronald Reagan,0
Hillary Clinton,575,Donald Trump Elizabeth Warren,0
Hillary Clinton,575,Donald Trump George W. Bush,0
Hillary Clinton,575,Donald Trump Joe Biden,0
Hillary Clinton,575,Donald Trump Richard Nixon,0
Hillary Clinton,575,Donald Trump Ronald Reagan,0
Hillary Clinton,575,Elizabeth Warren George W. Bush,0
Hillary Clinton,575,Elizabeth Warren Joe Biden,0
Hillary Clinton,575,Elizabeth Warren Richard Nixon,0
Hillary Clinton,575,Elizabeth Warren Ronald Reagan,0
Hillary Clinton,575,George W. Bush Joe Biden,0
Hillary Clinton,575,George W. Bush Richard Nixon,0
Hillary Clinton,575,George W. Bush Ronald Reagan,0
Hillary Clinton,575,Joe Biden Richard Nixon,0
Hillary Clinton,575,Joe Biden Ronald Reagan,0
Hillary Clinton,575,Richard Nixon Ronald Reagan,0
Abraham Lincoln,576,Barack Obama Bernie Sanders,0
Abraham Lincoln,576,Barack Obama Elizabeth Warren,1
Abraham Lincoln,576,Barack Obama George W. Bush,0
Abraham Lincoln,576,Barack Obama Hillary Clinton,0
Abraham Lincoln,576,Barack Obama Joe Biden,0
Abraham Lincoln,576,Barack Obama Richard Nixon,0
Abraham Lincoln,576,Barack Obama Ronald Reagan,0
Abraham Lincoln,576,Bernie Sanders Donald Trump,0
Abraham Lincoln,576,Bernie Sanders Elizabeth Warren,0
Abraham Lincoln,576,Bernie Sanders George W. Bush,0
Abraham Lincoln,576,Bernie Sanders Hillary Clinton,0
Abraham Lincoln,576,Bernie Sanders Richard Nixon,0
Abraham Lincoln,576,Bernie Sanders Ronald Reagan,0
Abraham Lincoln,576,Donald Trump Hillary Clinton,0
Abraham Lincoln,576,Donald Trump Joe Biden,0
Abraham Lincoln,576,Donald Trump Richard Nixon,0
Abraham Lincoln,576,Donald Trump Ronald Reagan,0
Abraham Lincoln,576,Elizabeth Warren George W. Bush,0
Abraham Lincoln,576,Elizabeth Warren Hillary Clinton,0
Abraham Lincoln,576,Elizabeth Warren Joe Biden,0
Abraham Lincoln,576,Elizabeth Warren Richard Nixon,0
Abraham Lincoln,576,Elizabeth Warren Ronald Reagan,0
Abraham Lincoln,576,George W. Bush Hillary Clinton,0
Abraham Lincoln,576,George W. Bush Ronald Reagan,1
Abraham Lincoln,576,Hillary Clinton Joe Biden,0
Abraham Lincoln,576,Hillary Clinton Richard Nixon,0
Abraham Lincoln,576,Hillary Clinton Ronald Reagan,0
Abraham Lincoln,576,Joe Biden Richard Nixon,0
Abraham Lincoln,576,Joe Biden Ronald Reagan,0
Bernie Sanders,577,Abraham Lincoln Barack Obama,0
Bernie Sanders,577,Abraham Lincoln Donald Trump,0
Bernie Sanders,577,Abraham Lincoln Elizabeth Warren,0
Bernie Sanders,577,Abraham Lincoln George W. Bush,0
Bernie Sanders,577,Abraham Lincoln Joe Biden,0
Bernie Sanders,577,Abraham Lincoln Richard Nixon,0
Bernie Sanders,577,Abraham Lincoln Ronald Reagan,0
Bernie Sanders,577,Barack Obama Donald Trump,0
Bernie Sanders,577,Barack Obama Elizabeth Warren,0
Bernie Sanders,577,Barack Obama George W. Bush,0
Bernie Sanders,577,Barack Obama Hillary Clinton,0
Bernie Sanders,577,Barack Obama Joe Biden,0
Bernie Sanders,577,Barack Obama Richard Nixon,1
Bernie Sanders,577,Barack Obama Ronald Reagan,0
Bernie Sanders,577,Donald Trump Elizabeth Warren,0
Bernie Sanders,577,Donald Trump George W. Bush,0
Bernie Sanders,577,Donald Trump Hillary Clinton,0
Bernie Sanders,577,Donald Trump Joe Biden,0
Bernie Sanders,577,Donald Trump Richard Nixon,0
Bernie Sanders,577,Donald Trump Ronald Reagan,0
Bernie Sanders,577,Elizabeth Warren George W. Bush,0
Bernie Sanders,577,Elizabeth Warren Hillary Clinton,0
Bernie Sanders,577,Elizabeth Warren Joe Biden,0
Bernie Sanders,577,Elizabeth Warren Ronald Reagan,0
Bernie Sanders,577,George W. Bush Hillary Clinton,0
Bernie Sanders,577,George W. Bush Joe Biden,0
Bernie Sanders,577,George W. Bush Richard Nixon,0
Bernie Sanders,577,George W. Bush Ronald Reagan,0
Bernie Sanders,577,Hillary Clinton Joe Biden,0
Bernie Sanders,577,Hillary Clinton Richard Nixon,0
Bernie Sanders,577,Hillary Clinton Ronald Reagan,0
Bernie Sanders,577,Joe Biden Richard Nixon,0
Bernie Sanders,577,Joe Biden Ronald Reagan,0
Bernie Sanders,577,Richard Nixon Ronald Reagan,0
Richard Nixon,578,Abraham Lincoln Barack Obama,0
Richard Nixon,578,Abraham Lincoln Bernie Sanders,0
Richard Nixon,578,Abraham Lincoln Donald Trump,0
Richard Nixon,578,Abraham Lincoln Elizabeth Warren,0
Richard Nixon,578,Abraham Lincoln George W. Bush,0
Richard Nixon,578,Abraham Lincoln Hillary Clinton,0
Richard Nixon,578,Abraham Lincoln Joe Biden,0
Richard Nixon,578,Abraham Lincoln Ronald Reagan,0
Richard Nixon,578,Barack Obama Bernie Sanders,0
Richard Nixon,578,Barack Obama Donald Trump,0
Richard Nixon,578,Barack Obama Elizabeth Warren,0
Richard Nixon,578,Barack Obama George W. Bush,0
Richard Nixon,578,Barack Obama Hillary Clinton,0
Richard Nixon,578,Barack Obama Joe Biden,0
Richard Nixon,578,Barack Obama Ronald Reagan,0
Richard Nixon,578,Bernie Sanders Donald Trump,0
Richard Nixon,578,Bernie Sanders Elizabeth Warren,0
Richard Nixon,578,Bernie Sanders George W. Bush,0
Richard Nixon,578,Bernie Sanders Hillary Clinton,0
Richard Nixon,578,Bernie Sanders Joe Biden,0
Richard Nixon,578,Bernie Sanders Ronald Reagan,0
Richard Nixon,578,Donald Trump Joe Biden,0
Richard Nixon,578,Donald Trump Ronald Reagan,0
Richard Nixon,578,Elizabeth Warren George W. Bush,0
Richard Nixon,578,Elizabeth Warren Hillary Clinton,0
Richard Nixon,578,Elizabeth Warren Joe Biden,0
Richard Nixon,578,Elizabeth Warren Ronald Reagan,0
Richard Nixon,578,George W. Bush Hillary Clinton,1
Richard Nixon,578,George W. Bush Joe Biden,0
Richard Nixon,578,George W. Bush Ronald Reagan,0
Richard Nixon,578,Hillary Clinton Ronald Reagan,0
Richard Nixon,578,Joe Biden Ronald Reagan,0
Abraham Lincoln,579,Barack Obama Bernie Sanders,0
Abraham Lincoln,579,Barack Obama Elizabeth Warren,0
Abraham Lincoln,579,Barack Obama George W. Bush,0
Abraham Lincoln,579,Barack Obama Hillary Clinton,0
Abraham Lincoln,579,Barack Obama Joe Biden,0
Abraham Lincoln,579,Barack Obama Richard Nixon,0
Abraham Lincoln,579,Barack Obama Ronald Reagan,0
Abraham Lincoln,579,Bernie Sanders Donald Trump,0
Abraham Lincoln,579,Bernie Sanders Elizabeth Warren,0
Abraham Lincoln,579,Bernie Sanders George W. Bush,0
Abraham Lincoln,579,Bernie Sanders Hillary Clinton,0
Abraham Lincoln,579,Bernie Sanders Richard Nixon,0
Abraham Lincoln,579,Bernie Sanders Ronald Reagan,0
Abraham Lincoln,579,Donald Trump Elizabeth Warren,0
Abraham Lincoln,579,Donald Trump George W. Bush,0
Abraham Lincoln,579,Donald Trump Hillary Clinton,0
Abraham Lincoln,579,Donald Trump Joe Biden,0
Abraham Lincoln,579,Donald Trump Ronald Reagan,0
Abraham Lincoln,579,Elizabeth Warren George W. Bush,0
Abraham Lincoln,579,Elizabeth Warren Joe Biden,0
Abraham Lincoln,579,Elizabeth Warren Richard Nixon,0
Abraham Lincoln,579,Elizabeth Warren Ronald Reagan,0
Abraham Lincoln,579,George W. Bush Hillary Clinton,0
Abraham Lincoln,579,George W. Bush Joe Biden,0
Abraham Lincoln,579,George W. Bush Ronald Reagan,0
Abraham Lincoln,579,Hillary Clinton Joe Biden,0
Abraham Lincoln,579,Hillary Clinton Richard Nixon,0
Abraham Lincoln,579,Hillary Clinton Ronald Reagan,0
Abraham Lincoln,579,Joe Biden Richard Nixon,0
Abraham Lincoln,579,Joe Biden Ronald Reagan,0
Abraham Lincoln,579,Richard Nixon Ronald Reagan,0
Richard Nixon,580,Abraham Lincoln Barack Obama,0
Richard Nixon,580,Abraham Lincoln Bernie Sanders,0
Richard Nixon,580,Abraham Lincoln Donald Trump,0
Richard Nixon,580,Abraham Lincoln Elizabeth Warren,0
Richard Nixon,580,Abraham Lincoln George W. Bush,0
Richard Nixon,580,Abraham Lincoln Hillary Clinton,0
Richard Nixon,580,Abraham Lincoln Joe Biden,0
Richard Nixon,580,Abraham Lincoln Ronald Reagan,0
Richard Nixon,580,Barack Obama Bernie Sanders,0
Richard Nixon,580,Barack Obama Donald Trump,0
Richard Nixon,580,Barack Obama Elizabeth Warren,1
Richard Nixon,580,Barack Obama George W. Bush,1
Richard Nixon,580,Barack Obama Hillary Clinton,0
Richard Nixon,580,Barack Obama Joe Biden,0
Richard Nixon,580,Barack Obama Ronald Reagan,0
Richard Nixon,580,Bernie Sanders Donald Trump,0
Richard Nixon,580,Bernie Sanders Elizabeth Warren,0
Richard Nixon,580,Bernie Sanders George W. Bush,0
Richard Nixon,580,Bernie Sanders Hillary Clinton,0
Richard Nixon,580,Bernie Sanders Joe Biden,0
Richard Nixon,580,Bernie Sanders Ronald Reagan,0
Richard Nixon,580,Donald Trump Elizabeth Warren,0
Richard Nixon,580,Donald Trump George W. Bush,0
Richard Nixon,580,Donald Trump Hillary Clinton,0
Richard Nixon,580,Donald Trump Joe Biden,0
Richard Nixon,580,Elizabeth Warren George W. Bush,0
Richard Nixon,580,Elizabeth Warren Hillary Clinton,0
Richard Nixon,580,Elizabeth Warren Joe Biden,0
Richard Nixon,580,Elizabeth Warren Ronald Reagan,0
Richard Nixon,580,George W. Bush Hillary Clinton,0
Richard Nixon,580,George W. Bush Joe Biden,0
Richard Nixon,580,George W. Bush Ronald Reagan,0
Richard Nixon,580,Hillary Clinton Joe Biden,0
Richard Nixon,580,Hillary Clinton Ronald Reagan,0
Richard Nixon,580,Joe Biden Ronald Reagan,0
Joe Biden,581,Abraham Lincoln Barack Obama,0
Joe Biden,581,Abraham Lincoln Bernie Sanders,0
Joe Biden,581,Abraham Lincoln Donald Trump,0
Joe Biden,581,Abraham Lincoln Elizabeth Warren,0
Joe Biden,581,Abraham Lincoln George W. Bush,0
Joe Biden,581,Abraham Lincoln Hillary Clinton,0
Joe Biden,581,Abraham Lincoln Ronald Reagan,0
Joe Biden,581,Barack Obama Bernie Sanders,0
Joe Biden,581,Barack Obama Elizabeth Warren,0
Joe Biden,581,Barack Obama George W. Bush,0
Joe Biden,581,Barack Obama Hillary Clinton,0
Joe Biden,581,Barack Obama Ronald Reagan,0
Joe Biden,581,Bernie Sanders Donald Trump,0
Joe Biden,581,Bernie Sanders Elizabeth Warren,0
Joe Biden,581,Bernie Sanders George W. Bush,0
Joe Biden,581,Bernie Sanders Hillary Clinton,0
Joe Biden,581,Bernie Sanders Richard Nixon,0
Joe Biden,581,Bernie Sanders Ronald Reagan,0
Joe Biden,581,Donald Trump Elizabeth Warren,0
Joe Biden,581,Donald Trump Hillary Clinton,0
Joe Biden,581,Donald Trump Richard Nixon,0
Joe Biden,581,Donald Trump Ronald Reagan,0
Joe Biden,581,Elizabeth Warren Hillary Clinton,0
Joe Biden,581,Elizabeth Warren Richard Nixon,0
Joe Biden,581,Elizabeth Warren Ronald Reagan,0
Joe Biden,581,George W. Bush Hillary Clinton,0
Joe Biden,581,George W. Bush Richard Nixon,0
Joe Biden,581,George W. Bush Ronald Reagan,0
Joe Biden,581,Hillary Clinton Richard Nixon,0
Joe Biden,581,Hillary Clinton Ronald Reagan,0
Joe Biden,581,Richard Nixon Ronald Reagan,0
Abraham Lincoln,582,Barack Obama Bernie Sanders,0
Abraham Lincoln,582,Barack Obama Donald Trump,0
Abraham Lincoln,582,Barack Obama Elizabeth Warren,0
Abraham Lincoln,582,Barack Obama George W. Bush,0
Abraham Lincoln,582,Barack Obama Hillary Clinton,0
Abraham Lincoln,582,Barack Obama Richard Nixon,0
Abraham Lincoln,582,Barack Obama Ronald Reagan,0
Abraham Lincoln,582,Bernie Sanders Donald Trump,0
Abraham Lincoln,582,Bernie Sanders Elizabeth Warren,0
Abraham Lincoln,582,Bernie Sanders George W. Bush,0
Abraham Lincoln,582,Bernie Sanders Hillary Clinton,0
Abraham Lincoln,582,Bernie Sanders Joe Biden,0
Abraham Lincoln,582,Bernie Sanders Ronald Reagan,0
Abraham Lincoln,582,Donald Trump Elizabeth Warren,0
Abraham Lincoln,582,Donald Trump Hillary Clinton,0
Abraham Lincoln,582,Donald Trump Joe Biden,0
Abraham Lincoln,582,Donald Trump Richard Nixon,0
Abraham Lincoln,582,Donald Trump Ronald Reagan,0
Abraham Lincoln,582,Elizabeth Warren Hillary Clinton,0
Abraham Lincoln,582,Elizabeth Warren Joe Biden,0
Abraham Lincoln,582,Elizabeth Warren Richard Nixon,0
Abraham Lincoln,582,Elizabeth Warren Ronald Reagan,0
Abraham Lincoln,582,George W. Bush Hillary Clinton,0
Abraham Lincoln,582,George W. Bush Joe Biden,0
Abraham Lincoln,582,George W. Bush Richard Nixon,0
Abraham Lincoln,582,George W. Bush Ronald Reagan,0
Abraham Lincoln,582,Hillary Clinton Joe Biden,0
Abraham Lincoln,582,Hillary Clinton Richard Nixon,0
Abraham Lincoln,582,Hillary Clinton Ronald Reagan,0
Abraham Lincoln,582,Joe Biden Ronald Reagan,0
Abraham Lincoln,582,Richard Nixon Ronald Reagan,0
George W. Bush,583,Abraham Lincoln Barack Obama,0
George W. Bush,583,Abraham Lincoln Bernie Sanders,0
George W. Bush,583,Abraham Lincoln Donald Trump,0
George W. Bush,583,Abraham Lincoln Elizabeth Warren,0
George W. Bush,583,Abraham Lincoln Hillary Clinton,0
George W. Bush,583,Abraham Lincoln Joe Biden,0
George W. Bush,583,Abraham Lincoln Richard Nixon,0
George W. Bush,583,Abraham Lincoln Ronald Reagan,0
George W. Bush,583,Barack Obama Bernie Sanders,0
George W. Bush,583,Barack Obama Donald Trump,0
George W. Bush,583,Barack Obama Elizabeth Warren,0
George W. Bush,583,Barack Obama Hillary Clinton,0
George W. Bush,583,Barack Obama Joe Biden,0
George W. Bush,583,Barack Obama Richard Nixon,0
George W. Bush,583,Barack Obama Ronald Reagan,0
George W. Bush,583,Bernie Sanders Donald Trump,1
George W. Bush,583,Bernie Sanders Elizabeth Warren,0
George W. Bush,583,Bernie Sanders Hillary Clinton,0
George W. Bush,583,Bernie Sanders Joe Biden,0
George W. Bush,583,Bernie Sanders Richard Nixon,0
George W. Bush,583,Bernie Sanders Ronald Reagan,0
George W. Bush,583,Donald Trump Elizabeth Warren,0
George W. Bush,583,Donald Trump Hillary Clinton,0
George W. Bush,583,Donald Trump Joe Biden,0
George W. Bush,583,Donald Trump Richard Nixon,0
George W. Bush,583,Donald Trump Ronald Reagan,0
George W. Bush,583,Elizabeth Warren Hillary Clinton,0
George W. Bush,583,Elizabeth Warren Joe Biden,0
George W. Bush,583,Elizabeth Warren Richard Nixon,0
George W. Bush,583,Elizabeth Warren Ronald Reagan,0
George W. Bush,583,Hillary Clinton Joe Biden,0
George W. Bush,583,Hillary Clinton Richard Nixon,0
George W. Bush,583,Hillary Clinton Ronald Reagan,0
George W. Bush,583,Joe Biden Richard Nixon,1
George W. Bush,583,Joe Biden Ronald Reagan,0
George W. Bush,583,Richard Nixon Ronald Reagan,0
Elizabeth Warren,584,Abraham Lincoln Barack Obama,0
Elizabeth Warren,584,Abraham Lincoln Bernie Sanders,0
Elizabeth Warren,584,Abraham Lincoln Donald Trump,0
Elizabeth Warren,584,Abraham Lincoln George W. Bush,0
Elizabeth Warren,584,Abraham Lincoln Hillary Clinton,0
Elizabeth Warren,584,Abraham Lincoln Joe Biden,0
Elizabeth Warren,584,Abraham Lincoln Richard Nixon,0
Elizabeth Warren,584,Abraham Lincoln Ronald Reagan,0
Elizabeth Warren,584,Barack Obama Bernie Sanders,0
Elizabeth Warren,584,Barack Obama Donald Trump,0
Elizabeth Warren,584,Barack Obama George W. Bush,0
Elizabeth Warren,584,Barack Obama Hillary Clinton,0
Elizabeth Warren,584,Barack Obama Joe Biden,0
Elizabeth Warren,584,Barack Obama Richard Nixon,0
Elizabeth Warren,584,Barack Obama Ronald Reagan,0
Elizabeth Warren,584,Bernie Sanders Donald Trump,0
Elizabeth Warren,584,Bernie Sanders George W. Bush,0
Elizabeth Warren,584,Bernie Sanders Hillary Clinton,0
Elizabeth Warren,584,Bernie Sanders Joe Biden,0
Elizabeth Warren,584,Bernie Sanders Richard Nixon,0
Elizabeth Warren,584,Bernie Sanders Ronald Reagan,0
Elizabeth Warren,584,Donald Trump George W. Bush,0
Elizabeth Warren,584,Donald Trump Hillary Clinton,0
Elizabeth Warren,584,Donald Trump Joe Biden,0
Elizabeth Warren,584,Donald Trump Richard Nixon,0
Elizabeth Warren,584,Donald Trump Ronald Reagan,0
Elizabeth Warren,584,George W. Bush Joe Biden,0
Elizabeth Warren,584,George W. Bush Richard Nixon,0
Elizabeth Warren,584,George W. Bush Ronald Reagan,0
Elizabeth Warren,584,Hillary Clinton Joe Biden,0
Elizabeth Warren,584,Hillary Clinton Richard Nixon,0
Elizabeth Warren,584,Hillary Clinton Ronald Reagan,0
Elizabeth Warren,584,Joe Biden Ronald Reagan,0
Elizabeth Warren,584,Richard Nixon Ronald Reagan,0
George W. Bush,585,Abraham Lincoln Barack Obama,0
George W. Bush,585,Abraham Lincoln Bernie Sanders,0
George W. Bush,585,Abraham Lincoln Donald Trump,0
George W. Bush,585,Abraham Lincoln Elizabeth Warren,0
George W. Bush,585,Abraham Lincoln Hillary Clinton,0
George W. Bush,585,Abraham Lincoln Joe Biden,0
George W. Bush,585,Abraham Lincoln Richard Nixon,0
George W. Bush,585,Abraham Lincoln Ronald Reagan,0
George W. Bush,585,Barack Obama Bernie Sanders,0
George W. Bush,585,Barack Obama Donald Trump,1
George W. Bush,585,Barack Obama Elizabeth Warren,0
George W. Bush,585,Barack Obama Hillary Clinton,0
George W. Bush,585,Barack Obama Joe Biden,1
George W. Bush,585,Barack Obama Richard Nixon,1
George W. Bush,585,Bernie Sanders Donald Trump,0
George W. Bush,585,Bernie Sanders Elizabeth Warren,0
George W. Bush,585,Bernie Sanders Hillary Clinton,0
George W. Bush,585,Bernie Sanders Richard Nixon,1
George W. Bush,585,Bernie Sanders Ronald Reagan,0
George W. Bush,585,Donald Trump Elizabeth Warren,0
George W. Bush,585,Donald Trump Hillary Clinton,0
George W. Bush,585,Donald Trump Joe Biden,0
George W. Bush,585,Donald Trump Ronald Reagan,0
George W. Bush,585,Elizabeth Warren Hillary Clinton,1
George W. Bush,585,Elizabeth Warren Joe Biden,1
George W. Bush,585,Elizabeth Warren Richard Nixon,0
George W. Bush,585,Elizabeth Warren Ronald Reagan,0
George W. Bush,585,Hillary Clinton Joe Biden,1
George W. Bush,585,Hillary Clinton Richard Nixon,0
George W. Bush,585,Hillary Clinton Ronald Reagan,0
George W. Bush,585,Joe Biden Richard Nixon,0
George W. Bush,585,Joe Biden Ronald Reagan,1
George W. Bush,585,Richard Nixon Ronald Reagan,0
Ronald Reagan,586,Abraham Lincoln Barack Obama,0
Ronald Reagan,586,Abraham Lincoln Bernie Sanders,0
Ronald Reagan,586,Abraham Lincoln Donald Trump,0
Ronald Reagan,586,Abraham Lincoln Elizabeth Warren,0
Ronald Reagan,586,Abraham Lincoln George W. Bush,0
Ronald Reagan,586,Abraham Lincoln Hillary Clinton,0
Ronald Reagan,586,Abraham Lincoln Richard Nixon,1
Ronald Reagan,586,Barack Obama Bernie Sanders,0
Ronald Reagan,586,Barack Obama Donald Trump,0
Ronald Reagan,586,Barack Obama Elizabeth Warren,0
Ronald Reagan,586,Barack Obama George W. Bush,0
Ronald Reagan,586,Barack Obama Hillary Clinton,0
Ronald Reagan,586,Barack Obama Joe Biden,1
Ronald Reagan,586,Barack Obama Richard Nixon,0
Ronald Reagan,586,Bernie Sanders Elizabeth Warren,0
Ronald Reagan,586,Bernie Sanders George W. Bush,0
Ronald Reagan,586,Bernie Sanders Hillary Clinton,0
Ronald Reagan,586,Bernie Sanders Joe Biden,0
Ronald Reagan,586,Bernie Sanders Richard Nixon,0
Ronald Reagan,586,Donald Trump Elizabeth Warren,0
Ronald Reagan,586,Donald Trump George W. Bush,0
Ronald Reagan,586,Donald Trump Joe Biden,0
Ronald Reagan,586,Donald Trump Richard Nixon,0
Ronald Reagan,586,Elizabeth Warren George W. Bush,0
Ronald Reagan,586,Elizabeth Warren Hillary Clinton,0
Ronald Reagan,586,Elizabeth Warren Joe Biden,0
Ronald Reagan,586,Elizabeth Warren Richard Nixon,0
Ronald Reagan,586,George W. Bush Hillary Clinton,0
Ronald Reagan,586,George W. Bush Joe Biden,0
Ronald Reagan,586,George W. Bush Richard Nixon,0
Ronald Reagan,586,Hillary Clinton Joe Biden,0
Ronald Reagan,586,Hillary Clinton Richard Nixon,0
Ronald Reagan,586,Joe Biden Richard Nixon,1
Elizabeth Warren,587,Abraham Lincoln Barack Obama,0
Elizabeth Warren,587,Abraham Lincoln Bernie Sanders,0
Elizabeth Warren,587,Abraham Lincoln Donald Trump,0
Elizabeth Warren,587,Abraham Lincoln George W. Bush,0
Elizabeth Warren,587,Abraham Lincoln Hillary Clinton,0
Elizabeth Warren,587,Abraham Lincoln Joe Biden,0
Elizabeth Warren,587,Abraham Lincoln Richard Nixon,1
Elizabeth Warren,587,Abraham Lincoln Ronald Reagan,0
Elizabeth Warren,587,Barack Obama Bernie Sanders,0
Elizabeth Warren,587,Barack Obama Donald Trump,0
Elizabeth Warren,587,Barack Obama George W. Bush,0
Elizabeth Warren,587,Barack Obama Hillary Clinton,0
Elizabeth Warren,587,Barack Obama Joe Biden,0
Elizabeth Warren,587,Barack Obama Richard Nixon,0
Elizabeth Warren,587,Bernie Sanders Donald Trump,0
Elizabeth Warren,587,Bernie Sanders George W. Bush,0
Elizabeth Warren,587,Bernie Sanders Hillary Clinton,0
Elizabeth Warren,587,Bernie Sanders Joe Biden,0
Elizabeth Warren,587,Bernie Sanders Richard Nixon,0
Elizabeth Warren,587,Bernie Sanders Ronald Reagan,0
Elizabeth Warren,587,Donald Trump George W. Bush,0
Elizabeth Warren,587,Donald Trump Hillary Clinton,0
Elizabeth Warren,587,Donald Trump Joe Biden,0
Elizabeth Warren,587,Donald Trump Richard Nixon,0
Elizabeth Warren,587,Donald Trump Ronald Reagan,1
Elizabeth Warren,587,George W. Bush Hillary Clinton,1
Elizabeth Warren,587,George W. Bush Joe Biden,0
Elizabeth Warren,587,George W. Bush Richard Nixon,1
Elizabeth Warren,587,George W. Bush Ronald Reagan,0
Elizabeth Warren,587,Hillary Clinton Joe Biden,0
Elizabeth Warren,587,Hillary Clinton Richard Nixon,0
Elizabeth Warren,587,Hillary Clinton Ronald Reagan,0
Elizabeth Warren,587,Joe Biden Richard Nixon,1
Elizabeth Warren,587,Joe Biden Ronald Reagan,0
Elizabeth Warren,587,Richard Nixon Ronald Reagan,0
George W. Bush,588,Abraham Lincoln Barack Obama,0
George W. Bush,588,Abraham Lincoln Bernie Sanders,0
George W. Bush,588,Abraham Lincoln Donald Trump,0
George W. Bush,588,Abraham Lincoln Elizabeth Warren,0
George W. Bush,588,Abraham Lincoln Hillary Clinton,0
George W. Bush,588,Abraham Lincoln Joe Biden,0
George W. Bush,588,Abraham Lincoln Richard Nixon,0
George W. Bush,588,Abraham Lincoln Ronald Reagan,0
George W. Bush,588,Barack Obama Bernie Sanders,0
George W. Bush,588,Barack Obama Elizabeth Warren,1
George W. Bush,588,Barack Obama Hillary Clinton,0
George W. Bush,588,Barack Obama Joe Biden,0
George W. Bush,588,Barack Obama Richard Nixon,0
George W. Bush,588,Barack Obama Ronald Reagan,0
George W. Bush,588,Bernie Sanders Donald Trump,0
George W. Bush,588,Bernie Sanders Elizabeth Warren,0
George W. Bush,588,Bernie Sanders Hillary Clinton,0
George W. Bush,588,Bernie Sanders Joe Biden,0
George W. Bush,588,Bernie Sanders Richard Nixon,0
George W. Bush,588,Bernie Sanders Ronald Reagan,1
George W. Bush,588,Donald Trump Elizabeth Warren,0
George W. Bush,588,Donald Trump Joe Biden,0
George W. Bush,588,Donald Trump Richard Nixon,1
George W. Bush,588,Elizabeth Warren Hillary Clinton,0
George W. Bush,588,Elizabeth Warren Joe Biden,0
George W. Bush,588,Elizabeth Warren Richard Nixon,0
George W. Bush,588,Elizabeth Warren Ronald Reagan,0
George W. Bush,588,Hillary Clinton Joe Biden,0
George W. Bush,588,Hillary Clinton Richard Nixon,0
George W. Bush,588,Hillary Clinton Ronald Reagan,0
George W. Bush,588,Joe Biden Richard Nixon,0
George W. Bush,588,Joe Biden Ronald Reagan,0
Elizabeth Warren,589,Abraham Lincoln Barack Obama,0
Elizabeth Warren,589,Abraham Lincoln Bernie Sanders,0
Elizabeth Warren,589,Abraham Lincoln Donald Trump,0
Elizabeth Warren,589,Abraham Lincoln George W. Bush,0
Elizabeth Warren,589,Abraham Lincoln Hillary Clinton,0
Elizabeth Warren,589,Abraham Lincoln Joe Biden,0
Elizabeth Warren,589,Abraham Lincoln Richard Nixon,0
Elizabeth Warren,589,Abraham Lincoln Ronald Reagan,0
Elizabeth Warren,589,Barack Obama Bernie Sanders,0
Elizabeth Warren,589,Barack Obama Donald Trump,0
Elizabeth Warren,589,Barack Obama George W. Bush,0
Elizabeth Warren,589,Barack Obama Hillary Clinton,0
Elizabeth Warren,589,Barack Obama Joe Biden,0
Elizabeth Warren,589,Barack Obama Richard Nixon,0
Elizabeth Warren,589,Barack Obama Ronald Reagan,0
Elizabeth Warren,589,Bernie Sanders Donald Trump,0
Elizabeth Warren,589,Bernie Sanders George W. Bush,0
Elizabeth Warren,589,Bernie Sanders Hillary Clinton,0
Elizabeth Warren,589,Bernie Sanders Joe Biden,0
Elizabeth Warren,589,Bernie Sanders Richard Nixon,0
Elizabeth Warren,589,Bernie Sanders Ronald Reagan,0
Elizabeth Warren,589,Donald Trump George W. Bush,1
Elizabeth Warren,589,Donald Trump Hillary Clinton,1
Elizabeth Warren,589,Donald Trump Joe Biden,0
Elizabeth Warren,589,Donald Trump Richard Nixon,0
Elizabeth Warren,589,Donald Trump Ronald Reagan,0
Elizabeth Warren,589,George W. Bush Hillary Clinton,1
Elizabeth Warren,589,George W. Bush Joe Biden,0
Elizabeth Warren,589,George W. Bush Richard Nixon,0
Elizabeth Warren,589,George W. Bush Ronald Reagan,0
Elizabeth Warren,589,Hillary Clinton Joe Biden,0
Elizabeth Warren,589,Hillary Clinton Richard Nixon,0
Elizabeth Warren,589,Hillary Clinton Ronald Reagan,0
Elizabeth Warren,589,Joe Biden Richard Nixon,0
Elizabeth Warren,589,Joe Biden Ronald Reagan,0
Elizabeth Warren,589,Richard Nixon Ronald Reagan,0
Elizabeth Warren,590,Abraham Lincoln Barack Obama,0
Elizabeth Warren,590,Abraham Lincoln Bernie Sanders,0
Elizabeth Warren,590,Abraham Lincoln Donald Trump,0
Elizabeth Warren,590,Abraham Lincoln George W. Bush,0
Elizabeth Warren,590,Abraham Lincoln Hillary Clinton,0
Elizabeth Warren,590,Abraham Lincoln Richard Nixon,0
Elizabeth Warren,590,Abraham Lincoln Ronald Reagan,0
Elizabeth Warren,590,Barack Obama Bernie Sanders,0
Elizabeth Warren,590,Barack Obama Donald Trump,0
Elizabeth Warren,590,Barack Obama George W. Bush,0
Elizabeth Warren,590,Barack Obama Hillary Clinton,0
Elizabeth Warren,590,Barack Obama Joe Biden,0
Elizabeth Warren,590,Barack Obama Richard Nixon,1
Elizabeth Warren,590,Barack Obama Ronald Reagan,1
Elizabeth Warren,590,Bernie Sanders Donald Trump,0
Elizabeth Warren,590,Bernie Sanders George W. Bush,0
Elizabeth Warren,590,Bernie Sanders Hillary Clinton,0
Elizabeth Warren,590,Bernie Sanders Joe Biden,0
Elizabeth Warren,590,Bernie Sanders Richard Nixon,0
Elizabeth Warren,590,Bernie Sanders Ronald Reagan,0
Elizabeth Warren,590,Donald Trump George W. Bush,0
Elizabeth Warren,590,Donald Trump Hillary Clinton,0
Elizabeth Warren,590,Donald Trump Joe Biden,0
Elizabeth Warren,590,Donald Trump Ronald Reagan,0
Elizabeth Warren,590,George W. Bush Joe Biden,1
Elizabeth Warren,590,George W. Bush Richard Nixon,0
Elizabeth Warren,590,George W. Bush Ronald Reagan,0
Elizabeth Warren,590,Hillary Clinton Joe Biden,0
Elizabeth Warren,590,Hillary Clinton Richard Nixon,0
Elizabeth Warren,590,Hillary Clinton Ronald Reagan,0
Elizabeth Warren,590,Joe Biden Richard Nixon,0
Elizabeth Warren,590,Joe Biden Ronald Reagan,0
Elizabeth Warren,590,Richard Nixon Ronald Reagan,0
Donald Trump,591,Abraham Lincoln Barack Obama,0
Donald Trump,591,Abraham Lincoln Bernie Sanders,0
Donald Trump,591,Abraham Lincoln George W. Bush,0
Donald Trump,591,Abraham Lincoln Hillary Clinton,0
Donald Trump,591,Abraham Lincoln Joe Biden,0
Donald Trump,591,Abraham Lincoln Richard Nixon,0
Donald Trump,591,Abraham Lincoln Ronald Reagan,0
Donald Trump,591,Barack Obama Bernie Sanders,0
Donald Trump,591,Barack Obama Elizabeth Warren,0
Donald Trump,591,Barack Obama George W. Bush,0
Donald Trump,591,Barack Obama Hillary Clinton,0
Donald Trump,591,Barack Obama Joe Biden,0
Donald Trump,591,Barack Obama Richard Nixon,0
Donald Trump,591,Barack Obama Ronald Reagan,0
Donald Trump,591,Bernie Sanders Elizabeth Warren,1
Donald Trump,591,Bernie Sanders George W. Bush,0
Donald Trump,591,Bernie Sanders Joe Biden,0
Donald Trump,591,Bernie Sanders Richard Nixon,0
Donald Trump,591,Bernie Sanders Ronald Reagan,0
Donald Trump,591,Elizabeth Warren George W. Bush,0
Donald Trump,591,Elizabeth Warren Hillary Clinton,0
Donald Trump,591,Elizabeth Warren Joe Biden,0
Donald Trump,591,Elizabeth Warren Richard Nixon,0
Donald Trump,591,George W. Bush Hillary Clinton,0
Donald Trump,591,George W. Bush Joe Biden,0
Donald Trump,591,George W. Bush Ronald Reagan,0
Donald Trump,591,Hillary Clinton Joe Biden,0
Donald Trump,591,Hillary Clinton Richard Nixon,1
Donald Trump,591,Hillary Clinton Ronald Reagan,1
Donald Trump,591,Joe Biden Richard Nixon,0
Donald Trump,591,Joe Biden Ronald Reagan,0
Donald Trump,591,Richard Nixon Ronald Reagan,0
Bernie Sanders,592,Abraham Lincoln Barack Obama,0
Bernie Sanders,592,Abraham Lincoln Donald Trump,0
Bernie Sanders,592,Abraham Lincoln Elizabeth Warren,0
Bernie Sanders,592,Abraham Lincoln George W. Bush,0
Bernie Sanders,592,Abraham Lincoln Hillary Clinton,0
Bernie Sanders,592,Abraham Lincoln Joe Biden,0
Bernie Sanders,592,Abraham Lincoln Richard Nixon,0
Bernie Sanders,592,Abraham Lincoln Ronald Reagan,0
Bernie Sanders,592,Barack Obama Donald Trump,0
Bernie Sanders,592,Barack Obama Elizabeth Warren,0
Bernie Sanders,592,Barack Obama Hillary Clinton,0
Bernie Sanders,592,Barack Obama Joe Biden,0
Bernie Sanders,592,Barack Obama Richard Nixon,0
Bernie Sanders,592,Barack Obama Ronald Reagan,0
Bernie Sanders,592,Donald Trump Elizabeth Warren,0
Bernie Sanders,592,Donald Trump George W. Bush,0
Bernie Sanders,592,Donald Trump Hillary Clinton,0
Bernie Sanders,592,Donald Trump Joe Biden,0
Bernie Sanders,592,Donald Trump Richard Nixon,0
Bernie Sanders,592,Elizabeth Warren George W. Bush,0
Bernie Sanders,592,Elizabeth Warren Hillary Clinton,0
Bernie Sanders,592,Elizabeth Warren Joe Biden,0
Bernie Sanders,592,Elizabeth Warren Richard Nixon,0
Bernie Sanders,592,Elizabeth Warren Ronald Reagan,0
Bernie Sanders,592,George W. Bush Hillary Clinton,0
Bernie Sanders,592,George W. Bush Joe Biden,1
Bernie Sanders,592,George W. Bush Richard Nixon,0
Bernie Sanders,592,George W. Bush Ronald Reagan,1
Bernie Sanders,592,Hillary Clinton Richard Nixon,0
Bernie Sanders,592,Hillary Clinton Ronald Reagan,0
Bernie Sanders,592,Joe Biden Richard Nixon,0
Bernie Sanders,592,Joe Biden Ronald Reagan,0
Bernie Sanders,592,Richard Nixon Ronald Reagan,0
Bernie Sanders,593,Abraham Lincoln Barack Obama,0
Bernie Sanders,593,Abraham Lincoln Donald Trump,0
Bernie Sanders,593,Abraham Lincoln Elizabeth Warren,0
Bernie Sanders,593,Abraham Lincoln George W. Bush,0
Bernie Sanders,593,Abraham Lincoln Hillary Clinton,0
Bernie Sanders,593,Abraham Lincoln Joe Biden,0
Bernie Sanders,593,Abraham Lincoln Richard Nixon,0
Bernie Sanders,593,Abraham Lincoln Ronald Reagan,0
Bernie Sanders,593,Barack Obama Donald Trump,0
Bernie Sanders,593,Barack Obama Elizabeth Warren,0
Bernie Sanders,593,Barack Obama George W. Bush,0
Bernie Sanders,593,Barack Obama Hillary Clinton,0
Bernie Sanders,593,Barack Obama Joe Biden,0
Bernie Sanders,593,Barack Obama Richard Nixon,0
Bernie Sanders,593,Barack Obama Ronald Reagan,0
Bernie Sanders,593,Donald Trump Elizabeth Warren,0
Bernie Sanders,593,Donald Trump George W. Bush,0
Bernie Sanders,593,Donald Trump Hillary Clinton,0
Bernie Sanders,593,Donald Trump Joe Biden,0
Bernie Sanders,593,Donald Trump Richard Nixon,0
Bernie Sanders,593,Donald Trump Ronald Reagan,0
Bernie Sanders,593,Elizabeth Warren George W. Bush,0
Bernie Sanders,593,Elizabeth Warren Hillary Clinton,0
Bernie Sanders,593,Elizabeth Warren Joe Biden,0
Bernie Sanders,593,Elizabeth Warren Richard Nixon,0
Bernie Sanders,593,Elizabeth Warren Ronald Reagan,0
Bernie Sanders,593,George W. Bush Hillary Clinton,0
Bernie Sanders,593,George W. Bush Joe Biden,0
Bernie Sanders,593,George W. Bush Richard Nixon,0
Bernie Sanders,593,George W. Bush Ronald Reagan,0
Bernie Sanders,593,Hillary Clinton Joe Biden,0
Bernie Sanders,593,Hillary Clinton Richard Nixon,1
Bernie Sanders,593,Hillary Clinton Ronald Reagan,0
Bernie Sanders,593,Joe Biden Richard Nixon,0
Bernie Sanders,593,Joe Biden Ronald Reagan,0
Bernie Sanders,593,Richard Nixon Ronald Reagan,0
Donald Trump,594,Abraham Lincoln Barack Obama,0
Donald Trump,594,Abraham Lincoln Bernie Sanders,0
Donald Trump,594,Abraham Lincoln George W. Bush,0
Donald Trump,594,Abraham Lincoln Hillary Clinton,0
Donald Trump,594,Abraham Lincoln Joe Biden,0
Donald Trump,594,Abraham Lincoln Richard Nixon,0
Donald Trump,594,Abraham Lincoln Ronald Reagan,1
Donald Trump,594,Barack Obama Bernie Sanders,0
Donald Trump,594,Barack Obama Elizabeth Warren,1
Donald Trump,594,Barack Obama George W. Bush,0
Donald Trump,594,Barack Obama Hillary Clinton,0
Donald Trump,594,Barack Obama Joe Biden,0
Donald Trump,594,Barack Obama Richard Nixon,1
Donald Trump,594,Barack Obama Ronald Reagan,0
Donald Trump,594,Bernie Sanders Elizabeth Warren,0
Donald Trump,594,Bernie Sanders George W. Bush,0
Donald Trump,594,Bernie Sanders Hillary Clinton,0
Donald Trump,594,Bernie Sanders Joe Biden,0
Donald Trump,594,Bernie Sanders Richard Nixon,0
Donald Trump,594,Bernie Sanders Ronald Reagan,0
Donald Trump,594,Elizabeth Warren George W. Bush,0
Donald Trump,594,Elizabeth Warren Hillary Clinton,0
Donald Trump,594,Elizabeth Warren Joe Biden,0
Donald Trump,594,Elizabeth Warren Richard Nixon,0
Donald Trump,594,Elizabeth Warren Ronald Reagan,0
Donald Trump,594,George W. Bush Joe Biden,0
Donald Trump,594,George W. Bush Richard Nixon,1
Donald Trump,594,George W. Bush Ronald Reagan,0
Donald Trump,594,Hillary Clinton Joe Biden,0
Donald Trump,594,Hillary Clinton Richard Nixon,0
Donald Trump,594,Hillary Clinton Ronald Reagan,1
Donald Trump,594,Joe Biden Richard Nixon,0
Donald Trump,594,Richard Nixon Ronald Reagan,0
Richard Nixon,595,Abraham Lincoln Barack Obama,0
Richard Nixon,595,Abraham Lincoln Bernie Sanders,0
Richard Nixon,595,Abraham Lincoln Donald Trump,0
Richard Nixon,595,Abraham Lincoln Elizabeth Warren,0
Richard Nixon,595,Abraham Lincoln George W. Bush,0
Richard Nixon,595,Abraham Lincoln Hillary Clinton,0
Richard Nixon,595,Abraham Lincoln Joe Biden,0
Richard Nixon,595,Abraham Lincoln Ronald Reagan,0
Richard Nixon,595,Barack Obama Bernie Sanders,0
Richard Nixon,595,Barack Obama Donald Trump,0
Richard Nixon,595,Barack Obama Elizabeth Warren,0
Richard Nixon,595,Barack Obama George W. Bush,0
Richard Nixon,595,Barack Obama Hillary Clinton,0
Richard Nixon,595,Barack Obama Joe Biden,0
Richard Nixon,595,Barack Obama Ronald Reagan,0
Richard Nixon,595,Bernie Sanders Donald Trump,0
Richard Nixon,595,Bernie Sanders Elizabeth Warren,0
Richard Nixon,595,Bernie Sanders George W. Bush,0
Richard Nixon,595,Bernie Sanders Joe Biden,1
Richard Nixon,595,Bernie Sanders Ronald Reagan,0
Richard Nixon,595,Donald Trump Elizabeth Warren,0
Richard Nixon,595,Donald Trump Hillary Clinton,0
Richard Nixon,595,Donald Trump Joe Biden,0
Richard Nixon,595,Donald Trump Ronald Reagan,0
Richard Nixon,595,Elizabeth Warren George W. Bush,0
Richard Nixon,595,Elizabeth Warren Hillary Clinton,0
Richard Nixon,595,Elizabeth Warren Joe Biden,0
Richard Nixon,595,Elizabeth Warren Ronald Reagan,0
Richard Nixon,595,George W. Bush Joe Biden,0
Richard Nixon,595,George W. Bush Ronald Reagan,0
Richard Nixon,595,Hillary Clinton Joe Biden,0
Richard Nixon,595,Hillary Clinton Ronald Reagan,0
Richard Nixon,595,Joe Biden Ronald Reagan,0
Barack Obama,596,Abraham Lincoln Bernie Sanders,0
Barack Obama,596,Abraham Lincoln Elizabeth Warren,0
Barack Obama,596,Abraham Lincoln George W. Bush,0
Barack Obama,596,Abraham Lincoln Hillary Clinton,0
Barack Obama,596,Abraham Lincoln Joe Biden,0
Barack Obama,596,Abraham Lincoln Richard Nixon,0
Barack Obama,596,Abraham Lincoln Ronald Reagan,0
Barack Obama,596,Bernie Sanders Donald Trump,0
Barack Obama,596,Bernie Sanders Elizabeth Warren,0
Barack Obama,596,Bernie Sanders George W. Bush,0
Barack Obama,596,Bernie Sanders Hillary Clinton,0
Barack Obama,596,Bernie Sanders Joe Biden,1
Barack Obama,596,Bernie Sanders Richard Nixon,0
Barack Obama,596,Bernie Sanders Ronald Reagan,0
Barack Obama,596,Donald Trump Elizabeth Warren,0
Barack Obama,596,Donald Trump George W. Bush,0
Barack Obama,596,Donald Trump Hillary Clinton,0
Barack Obama,596,Donald Trump Joe Biden,0
Barack Obama,596,Donald Trump Ronald Reagan,0
Barack Obama,596,Elizabeth Warren George W. Bush,0
Barack Obama,596,Elizabeth Warren Hillary Clinton,0
Barack Obama,596,Elizabeth Warren Joe Biden,0
Barack Obama,596,Elizabeth Warren Richard Nixon,0
Barack Obama,596,Elizabeth Warren Ronald Reagan,0
Barack Obama,596,George W. Bush Hillary Clinton,0
Barack Obama,596,George W. Bush Joe Biden,0
Barack Obama,596,George W. Bush Richard Nixon,1
Barack Obama,596,George W. Bush Ronald Reagan,0
Barack Obama,596,Hillary Clinton Joe Biden,0
Barack Obama,596,Hillary Clinton Richard Nixon,0
Barack Obama,596,Hillary Clinton Ronald Reagan,0
Barack Obama,596,Joe Biden Richard Nixon,0
Barack Obama,596,Joe Biden Ronald Reagan,0
Barack Obama,596,Richard Nixon Ronald Reagan,0
Richard Nixon,597,Abraham Lincoln Barack Obama,0
Richard Nixon,597,Abraham Lincoln Bernie Sanders,0
Richard Nixon,597,Abraham Lincoln Donald Trump,0
Richard Nixon,597,Abraham Lincoln Elizabeth Warren,0
Richard Nixon,597,Abraham Lincoln George W. Bush,1
Richard Nixon,597,Abraham Lincoln Hillary Clinton,0
Richard Nixon,597,Abraham Lincoln Joe Biden,0
Richard Nixon,597,Abraham Lincoln Ronald Reagan,0
Richard Nixon,597,Barack Obama Bernie Sanders,0
Richard Nixon,597,Barack Obama Donald Trump,0
Richard Nixon,597,Barack Obama Elizabeth Warren,0
Richard Nixon,597,Barack Obama George W. Bush,0
Richard Nixon,597,Barack Obama Hillary Clinton,0
Richard Nixon,597,Barack Obama Joe Biden,0
Richard Nixon,597,Barack Obama Ronald Reagan,0
Richard Nixon,597,Bernie Sanders Donald Trump,0
Richard Nixon,597,Bernie Sanders Elizabeth Warren,0
Richard Nixon,597,Bernie Sanders George W. Bush,0
Richard Nixon,597,Bernie Sanders Hillary Clinton,1
Richard Nixon,597,Bernie Sanders Joe Biden,0
Richard Nixon,597,Bernie Sanders Ronald Reagan,0
Richard Nixon,597,Donald Trump Elizabeth Warren,0
Richard Nixon,597,Donald Trump Hillary Clinton,0
Richard Nixon,597,Donald Trump Joe Biden,0
Richard Nixon,597,Donald Trump Ronald Reagan,0
Richard Nixon,597,Elizabeth Warren George W. Bush,0
Richard Nixon,597,Elizabeth Warren Hillary Clinton,0
Richard Nixon,597,Elizabeth Warren Joe Biden,0
Richard Nixon,597,Elizabeth Warren Ronald Reagan,0
Richard Nixon,597,George W. Bush Hillary Clinton,0
Richard Nixon,597,George W. Bush Joe Biden,0
Richard Nixon,597,George W. Bush Ronald Reagan,0
Richard Nixon,597,Hillary Clinton Joe Biden,0
Richard Nixon,597,Hillary Clinton Ronald Reagan,0
Richard Nixon,597,Joe Biden Ronald Reagan,0
Abraham Lincoln,598,Barack Obama Donald Trump,0
Abraham Lincoln,598,Barack Obama Elizabeth Warren,0
Abraham Lincoln,598,Barack Obama George W. Bush,0
Abraham Lincoln,598,Barack Obama Joe Biden,0
Abraham Lincoln,598,Barack Obama Richard Nixon,1
Abraham Lincoln,598,Barack Obama Ronald Reagan,0
Abraham Lincoln,598,Bernie Sanders Donald Trump,0
Abraham Lincoln,598,Bernie Sanders Elizabeth Warren,0
Abraham Lincoln,598,Bernie Sanders George W. Bush,0
Abraham Lincoln,598,Bernie Sanders Hillary Clinton,0
Abraham Lincoln,598,Bernie Sanders Joe Biden,0
Abraham Lincoln,598,Bernie Sanders Richard Nixon,0
Abraham Lincoln,598,Bernie Sanders Ronald Reagan,0
Abraham Lincoln,598,Donald Trump Elizabeth Warren,0
Abraham Lincoln,598,Donald Trump George W. Bush,0
Abraham Lincoln,598,Donald Trump Hillary Clinton,0
Abraham Lincoln,598,Donald Trump Joe Biden,1
Abraham Lincoln,598,Donald Trump Richard Nixon,0
Abraham Lincoln,598,Elizabeth Warren George W. Bush,0
Abraham Lincoln,598,Elizabeth Warren Hillary Clinton,0
Abraham Lincoln,598,Elizabeth Warren Richard Nixon,0
Abraham Lincoln,598,Elizabeth Warren Ronald Reagan,0
Abraham Lincoln,598,George W. Bush Hillary Clinton,0
Abraham Lincoln,598,George W. Bush Joe Biden,0
Abraham Lincoln,598,George W. Bush Richard Nixon,0
Abraham Lincoln,598,George W. Bush Ronald Reagan,0
Abraham Lincoln,598,Hillary Clinton Richard Nixon,0
Abraham Lincoln,598,Joe Biden Ronald Reagan,0
Abraham Lincoln,598,Richard Nixon Ronald Reagan,0
Abraham Lincoln,599,Barack Obama Bernie Sanders,0
Abraham Lincoln,599,Barack Obama Donald Trump,0
Abraham Lincoln,599,Barack Obama George W. Bush,0
Abraham Lincoln,599,Barack Obama Hillary Clinton,0
Abraham Lincoln,599,Barack Obama Joe Biden,0
Abraham Lincoln,599,Barack Obama Ronald Reagan,1
Abraham Lincoln,599,Bernie Sanders Donald Trump,0
Abraham Lincoln,599,Bernie Sanders Elizabeth Warren,1
Abraham Lincoln,599,Bernie Sanders George W. Bush,0
Abraham Lincoln,599,Bernie Sanders Hillary Clinton,0
Abraham Lincoln,599,Bernie Sanders Joe Biden,0
Abraham Lincoln,599,Bernie Sanders Richard Nixon,0
Abraham Lincoln,599,Bernie Sanders Ronald Reagan,0
Abraham Lincoln,599,Donald Trump Elizabeth Warren,0
Abraham Lincoln,599,Donald Trump Hillary Clinton,0
Abraham Lincoln,599,Donald Trump Joe Biden,0
Abraham Lincoln,599,Donald Trump Richard Nixon,0
Abraham Lincoln,599,Donald Trump Ronald Reagan,0
Abraham Lincoln,599,Elizabeth Warren George W. Bush,0
Abraham Lincoln,599,Elizabeth Warren Hillary Clinton,0
Abraham Lincoln,599,Elizabeth Warren Joe Biden,0
Abraham Lincoln,599,Elizabeth Warren Richard Nixon,0
Abraham Lincoln,599,Elizabeth Warren Ronald Reagan,0
Abraham Lincoln,599,George W. Bush Hillary Clinton,0
Abraham Lincoln,599,George W. Bush Richard Nixon,0
Abraham Lincoln,599,George W. Bush Ronald Reagan,0
Abraham Lincoln,599,Hillary Clinton Joe Biden,0
Abraham Lincoln,599,Hillary Clinton Richard Nixon,0
Abraham Lincoln,599,Hillary Clinton Ronald Reagan,0
Abraham Lincoln,599,Joe Biden Richard Nixon,0
Abraham Lincoln,599,Joe Biden Ronald Reagan,1
Abraham Lincoln,599,Richard Nixon Ronald Reagan,0
Elizabeth Warren,600,Abraham Lincoln Barack Obama,0
Elizabeth Warren,600,Abraham Lincoln Bernie Sanders,0
Elizabeth Warren,600,Abraham Lincoln Donald Trump,0
Elizabeth Warren,600,Abraham Lincoln George W. Bush,0
Elizabeth Warren,600,Abraham Lincoln Hillary Clinton,0
Elizabeth Warren,600,Abraham Lincoln Richard Nixon,0
Elizabeth Warren,600,Abraham Lincoln Ronald Reagan,0
Elizabeth Warren,600,Barack Obama Bernie Sanders,1
Elizabeth Warren,600,Barack Obama Donald Trump,0
Elizabeth Warren,600,Barack Obama George W. Bush,0
Elizabeth Warren,600,Barack Obama Hillary Clinton,1
Elizabeth Warren,600,Barack Obama Joe Biden,0
Elizabeth Warren,600,Barack Obama Richard Nixon,0
Elizabeth Warren,600,Barack Obama Ronald Reagan,0
Elizabeth Warren,600,Bernie Sanders Donald Trump,0
Elizabeth Warren,600,Bernie Sanders George W. Bush,0
Elizabeth Warren,600,Bernie Sanders Hillary Clinton,0
Elizabeth Warren,600,Bernie Sanders Joe Biden,0
Elizabeth Warren,600,Bernie Sanders Richard Nixon,0
Elizabeth Warren,600,Bernie Sanders Ronald Reagan,0
Elizabeth Warren,600,Donald Trump George W. Bush,0
Elizabeth Warren,600,Donald Trump Hillary Clinton,0
Elizabeth Warren,600,Donald Trump Joe Biden,0
Elizabeth Warren,600,Donald Trump Ronald Reagan,0
Elizabeth Warren,600,George W. Bush Hillary Clinton,1
Elizabeth Warren,600,George W. Bush Joe Biden,0
Elizabeth Warren,600,George W. Bush Richard Nixon,0
Elizabeth Warren,600,George W. Bush Ronald Reagan,0
Elizabeth Warren,600,Hillary Clinton Joe Biden,1
Elizabeth Warren,600,Hillary Clinton Richard Nixon,0
Elizabeth Warren,600,Hillary Clinton Ronald Reagan,0
Elizabeth Warren,600,Joe Biden Richard Nixon,0
Elizabeth Warren,600,Joe Biden Ronald Reagan,0
Elizabeth Warren,600,Richard Nixon Ronald Reagan,0
George W. Bush,601,Abraham Lincoln Barack Obama,0
George W. Bush,601,Abraham Lincoln Bernie Sanders,0
George W. Bush,601,Abraham Lincoln Donald Trump,0
George W. Bush,601,Abraham Lincoln Hillary Clinton,0
George W. Bush,601,Abraham Lincoln Joe Biden,0
George W. Bush,601,Abraham Lincoln Richard Nixon,0
George W. Bush,601,Abraham Lincoln Ronald Reagan,0
George W. Bush,601,Barack Obama Donald Trump,0
George W. Bush,601,Barack Obama Elizabeth Warren,0
George W. Bush,601,Barack Obama Hillary Clinton,0
George W. Bush,601,Barack Obama Joe Biden,0
George W. Bush,601,Barack Obama Richard Nixon,0
George W. Bush,601,Barack Obama Ronald Reagan,0
George W. Bush,601,Bernie Sanders Donald Trump,0
George W. Bush,601,Bernie Sanders Elizabeth Warren,0
George W. Bush,601,Bernie Sanders Hillary Clinton,0
George W. Bush,601,Bernie Sanders Joe Biden,1
George W. Bush,601,Bernie Sanders Richard Nixon,0
George W. Bush,601,Bernie Sanders Ronald Reagan,0
George W. Bush,601,Donald Trump Elizabeth Warren,0
George W. Bush,601,Donald Trump Hillary Clinton,0
George W. Bush,601,Donald Trump Joe Biden,0
George W. Bush,601,Donald Trump Richard Nixon,0
George W. Bush,601,Donald Trump Ronald Reagan,0
George W. Bush,601,Elizabeth Warren Hillary Clinton,0
George W. Bush,601,Elizabeth Warren Joe Biden,0
George W. Bush,601,Elizabeth Warren Richard Nixon,0
George W. Bush,601,Elizabeth Warren Ronald Reagan,0
George W. Bush,601,Hillary Clinton Joe Biden,0
George W. Bush,601,Hillary Clinton Richard Nixon,0
George W. Bush,601,Hillary Clinton Ronald Reagan,0
George W. Bush,601,Joe Biden Richard Nixon,0
George W. Bush,601,Joe Biden Ronald Reagan,0
George W. Bush,601,Richard Nixon Ronald Reagan,1
George W. Bush,602,Abraham Lincoln Barack Obama,0
George W. Bush,602,Abraham Lincoln Bernie Sanders,0
George W. Bush,602,Abraham Lincoln Donald Trump,0
George W. Bush,602,Abraham Lincoln Elizabeth Warren,0
George W. Bush,602,Abraham Lincoln Hillary Clinton,0
George W. Bush,602,Abraham Lincoln Joe Biden,0
George W. Bush,602,Abraham Lincoln Richard Nixon,0
George W. Bush,602,Abraham Lincoln Ronald Reagan,0
George W. Bush,602,Barack Obama Bernie Sanders,0
George W. Bush,602,Barack Obama Donald Trump,0
George W. Bush,602,Barack Obama Elizabeth Warren,0
George W. Bush,602,Barack Obama Hillary Clinton,0
George W. Bush,602,Barack Obama Richard Nixon,0
George W. Bush,602,Barack Obama Ronald Reagan,1
George W. Bush,602,Bernie Sanders Donald Trump,0
George W. Bush,602,Bernie Sanders Elizabeth Warren,0
George W. Bush,602,Bernie Sanders Hillary Clinton,0
George W. Bush,602,Bernie Sanders Joe Biden,0
George W. Bush,602,Bernie Sanders Richard Nixon,0
George W. Bush,602,Bernie Sanders Ronald Reagan,0
George W. Bush,602,Donald Trump Elizabeth Warren,0
George W. Bush,602,Donald Trump Hillary Clinton,0
George W. Bush,602,Donald Trump Joe Biden,0
George W. Bush,602,Donald Trump Richard Nixon,0
George W. Bush,602,Donald Trump Ronald Reagan,0
George W. Bush,602,Elizabeth Warren Hillary Clinton,0
George W. Bush,602,Elizabeth Warren Joe Biden,0
George W. Bush,602,Elizabeth Warren Richard Nixon,0
George W. Bush,602,Elizabeth Warren Ronald Reagan,0
George W. Bush,602,Hillary Clinton Joe Biden,0
George W. Bush,602,Hillary Clinton Richard Nixon,0
George W. Bush,602,Hillary Clinton Ronald Reagan,0
George W. Bush,602,Joe Biden Ronald Reagan,0
George W. Bush,602,Richard Nixon Ronald Reagan,0
Bernie Sanders,603,Abraham Lincoln Barack Obama,0
Bernie Sanders,603,Abraham Lincoln Donald Trump,0
Bernie Sanders,603,Abraham Lincoln Elizabeth Warren,0
Bernie Sanders,603,Abraham Lincoln George W. Bush,0
Bernie Sanders,603,Abraham Lincoln Hillary Clinton,0
Bernie Sanders,603,Abraham Lincoln Joe Biden,0
Bernie Sanders,603,Abraham Lincoln Richard Nixon,0
Bernie Sanders,603,Abraham Lincoln Ronald Reagan,0
Bernie Sanders,603,Barack Obama Donald Trump,0
Bernie Sanders,603,Barack Obama Elizabeth Warren,0
Bernie Sanders,603,Barack Obama George W. Bush,0
Bernie Sanders,603,Barack Obama Hillary Clinton,0
Bernie Sanders,603,Barack Obama Joe Biden,0
Bernie Sanders,603,Barack Obama Richard Nixon,0
Bernie Sanders,603,Barack Obama Ronald Reagan,0
Bernie Sanders,603,Donald Trump Elizabeth Warren,0
Bernie Sanders,603,Donald Trump Hillary Clinton,0
Bernie Sanders,603,Donald Trump Joe Biden,0
Bernie Sanders,603,Donald Trump Richard Nixon,1
Bernie Sanders,603,Donald Trump Ronald Reagan,0
Bernie Sanders,603,Elizabeth Warren George W. Bush,0
Bernie Sanders,603,Elizabeth Warren Hillary Clinton,0
Bernie Sanders,603,Elizabeth Warren Richard Nixon,0
Bernie Sanders,603,Elizabeth Warren Ronald Reagan,0
Bernie Sanders,603,George W. Bush Hillary Clinton,0
Bernie Sanders,603,George W. Bush Joe Biden,0
Bernie Sanders,603,George W. Bush Richard Nixon,0
Bernie Sanders,603,George W. Bush Ronald Reagan,1
Bernie Sanders,603,Hillary Clinton Richard Nixon,0
Bernie Sanders,603,Hillary Clinton Ronald Reagan,0
Bernie Sanders,603,Joe Biden Richard Nixon,0
Bernie Sanders,603,Joe Biden Ronald Reagan,0
Bernie Sanders,603,Richard Nixon Ronald Reagan,0
Hillary Clinton,604,Abraham Lincoln Barack Obama,0
Hillary Clinton,604,Abraham Lincoln Bernie Sanders,0
Hillary Clinton,604,Abraham Lincoln Donald Trump,0
Hillary Clinton,604,Abraham Lincoln Elizabeth Warren,0
Hillary Clinton,604,Abraham Lincoln George W. Bush,0
Hillary Clinton,604,Abraham Lincoln Joe Biden,0
Hillary Clinton,604,Abraham Lincoln Richard Nixon,0
Hillary Clinton,604,Abraham Lincoln Ronald Reagan,0
Hillary Clinton,604,Barack Obama Bernie Sanders,0
Hillary Clinton,604,Barack Obama Donald Trump,0
Hillary Clinton,604,Barack Obama Elizabeth Warren,0
Hillary Clinton,604,Barack Obama George W. Bush,0
Hillary Clinton,604,Barack Obama Joe Biden,0
Hillary Clinton,604,Barack Obama Richard Nixon,0
Hillary Clinton,604,Barack Obama Ronald Reagan,0
Hillary Clinton,604,Bernie Sanders Donald Trump,0
Hillary Clinton,604,Bernie Sanders Elizabeth Warren,0
Hillary Clinton,604,Bernie Sanders George W. Bush,0
Hillary Clinton,604,Bernie Sanders Joe Biden,0
Hillary Clinton,604,Bernie Sanders Richard Nixon,0
Hillary Clinton,604,Bernie Sanders Ronald Reagan,0
Hillary Clinton,604,Donald Trump Elizabeth Warren,0
Hillary Clinton,604,Donald Trump George W. Bush,1
Hillary Clinton,604,Donald Trump Joe Biden,0
Hillary Clinton,604,Donald Trump Richard Nixon,0
Hillary Clinton,604,Donald Trump Ronald Reagan,0
Hillary Clinton,604,Elizabeth Warren George W. Bush,1
Hillary Clinton,604,Elizabeth Warren Joe Biden,0
Hillary Clinton,604,Elizabeth Warren Richard Nixon,0
Hillary Clinton,604,Elizabeth Warren Ronald Reagan,0
Hillary Clinton,604,George W. Bush Joe Biden,0
Hillary Clinton,604,George W. Bush Richard Nixon,0
Hillary Clinton,604,George W. Bush Ronald Reagan,0
Hillary Clinton,604,Joe Biden Richard Nixon,0
Hillary Clinton,604,Joe Biden Ronald Reagan,0
Hillary Clinton,604,Richard Nixon Ronald Reagan,0
Richard Nixon,605,Abraham Lincoln Barack Obama,0
Richard Nixon,605,Abraham Lincoln Bernie Sanders,0
Richard Nixon,605,Abraham Lincoln Donald Trump,0
Richard Nixon,605,Abraham Lincoln Elizabeth Warren,0
Richard Nixon,605,Abraham Lincoln George W. Bush,0
Richard Nixon,605,Abraham Lincoln Hillary Clinton,0
Richard Nixon,605,Abraham Lincoln Joe Biden,0
Richard Nixon,605,Abraham Lincoln Ronald Reagan,0
Richard Nixon,605,Barack Obama Bernie Sanders,0
Richard Nixon,605,Barack Obama Donald Trump,0
Richard Nixon,605,Barack Obama Elizabeth Warren,0
Richard Nixon,605,Barack Obama George W. Bush,0
Richard Nixon,605,Barack Obama Hillary Clinton,0
Richard Nixon,605,Barack Obama Joe Biden,0
Richard Nixon,605,Barack Obama Ronald Reagan,0
Richard Nixon,605,Bernie Sanders Donald Trump,0
Richard Nixon,605,Bernie Sanders George W. Bush,0
Richard Nixon,605,Bernie Sanders Hillary Clinton,0
Richard Nixon,605,Bernie Sanders Ronald Reagan,0
Richard Nixon,605,Donald Trump Elizabeth Warren,0
Richard Nixon,605,Donald Trump George W. Bush,0
Richard Nixon,605,Donald Trump Hillary Clinton,0
Richard Nixon,605,Donald Trump Joe Biden,0
Richard Nixon,605,Donald Trump Ronald Reagan,0
Richard Nixon,605,Elizabeth Warren George W. Bush,0
Richard Nixon,605,Elizabeth Warren Hillary Clinton,0
Richard Nixon,605,Elizabeth Warren Joe Biden,0
Richard Nixon,605,Elizabeth Warren Ronald Reagan,0
Richard Nixon,605,George W. Bush Hillary Clinton,0
Richard Nixon,605,George W. Bush Joe Biden,0
Richard Nixon,605,George W. Bush Ronald Reagan,0
Richard Nixon,605,Hillary Clinton Joe Biden,0
Richard Nixon,605,Hillary Clinton Ronald Reagan,0
Richard Nixon,605,Joe Biden Ronald Reagan,0
Ronald Reagan,606,Abraham Lincoln Barack Obama,0
Ronald Reagan,606,Abraham Lincoln Bernie Sanders,0
Ronald Reagan,606,Abraham Lincoln Donald Trump,0
Ronald Reagan,606,Abraham Lincoln Elizabeth Warren,0
Ronald Reagan,606,Abraham Lincoln George W. Bush,0
Ronald Reagan,606,Abraham Lincoln Hillary Clinton,0
Ronald Reagan,606,Abraham Lincoln Joe Biden,0
Ronald Reagan,606,Abraham Lincoln Richard Nixon,0
Ronald Reagan,606,Barack Obama Bernie Sanders,0
Ronald Reagan,606,Barack Obama Donald Trump,0
Ronald Reagan,606,Barack Obama Elizabeth Warren,0
Ronald Reagan,606,Barack Obama George W. Bush,0
Ronald Reagan,606,Barack Obama Hillary Clinton,0
Ronald Reagan,606,Barack Obama Joe Biden,0
Ronald Reagan,606,Barack Obama Richard Nixon,0
Ronald Reagan,606,Bernie Sanders Donald Trump,0
Ronald Reagan,606,Bernie Sanders Elizabeth Warren,0
Ronald Reagan,606,Bernie Sanders George W. Bush,0
Ronald Reagan,606,Bernie Sanders Hillary Clinton,0
Ronald Reagan,606,Bernie Sanders Joe Biden,0
Ronald Reagan,606,Bernie Sanders Richard Nixon,0
Ronald Reagan,606,Donald Trump Elizabeth Warren,0
Ronald Reagan,606,Donald Trump George W. Bush,0
Ronald Reagan,606,Donald Trump Hillary Clinton,0
Ronald Reagan,606,Donald Trump Joe Biden,0
Ronald Reagan,606,Donald Trump Richard Nixon,0
Ronald Reagan,606,Elizabeth Warren George W. Bush,0
Ronald Reagan,606,Elizabeth Warren Hillary Clinton,0
Ronald Reagan,606,Elizabeth Warren Joe Biden,0
Ronald Reagan,606,Elizabeth Warren Richard Nixon,0
Ronald Reagan,606,George W. Bush Hillary Clinton,0
Ronald Reagan,606,George W. Bush Joe Biden,0
Ronald Reagan,606,George W. Bush Richard Nixon,0
Ronald Reagan,606,Hillary Clinton Joe Biden,0
Ronald Reagan,606,Hillary Clinton Richard Nixon,0
Ronald Reagan,606,Joe Biden Richard Nixon,0
Joe Biden,607,Abraham Lincoln Barack Obama,0
Joe Biden,607,Abraham Lincoln Bernie Sanders,0
Joe Biden,607,Abraham Lincoln Donald Trump,0
Joe Biden,607,Abraham Lincoln Elizabeth Warren,0
Joe Biden,607,Abraham Lincoln George W. Bush,0
Joe Biden,607,Abraham Lincoln Hillary Clinton,1
Joe Biden,607,Abraham Lincoln Richard Nixon,0
Joe Biden,607,Abraham Lincoln Ronald Reagan,0
Joe Biden,607,Barack Obama Bernie Sanders,0
Joe Biden,607,Barack Obama Donald Trump,0
Joe Biden,607,Barack Obama Elizabeth Warren,0
Joe Biden,607,Barack Obama Hillary Clinton,0
Joe Biden,607,Barack Obama Richard Nixon,0
Joe Biden,607,Barack Obama Ronald Reagan,0
Joe Biden,607,Bernie Sanders Donald Trump,0
Joe Biden,607,Bernie Sanders Elizabeth Warren,0
Joe Biden,607,Bernie Sanders George W. Bush,0
Joe Biden,607,Bernie Sanders Hillary Clinton,0
Joe Biden,607,Bernie Sanders Richard Nixon,0
Joe Biden,607,Bernie Sanders Ronald Reagan,0
Joe Biden,607,Donald Trump Elizabeth Warren,0
Joe Biden,607,Donald Trump Hillary Clinton,0
Joe Biden,607,Donald Trump Richard Nixon,0
Joe Biden,607,Donald Trump Ronald Reagan,0
Joe Biden,607,Elizabeth Warren George W. Bush,0
Joe Biden,607,Elizabeth Warren Hillary Clinton,0
Joe Biden,607,Elizabeth Warren Richard Nixon,0
Joe Biden,607,Elizabeth Warren Ronald Reagan,0
Joe Biden,607,George W. Bush Hillary Clinton,0
Joe Biden,607,George W. Bush Richard Nixon,0
Joe Biden,607,George W. Bush Ronald Reagan,0
Joe Biden,607,Hillary Clinton Richard Nixon,0
Joe Biden,607,Hillary Clinton Ronald Reagan,0
Joe Biden,607,Richard Nixon Ronald Reagan,0
George W. Bush,608,Abraham Lincoln Barack Obama,0
George W. Bush,608,Abraham Lincoln Bernie Sanders,0
George W. Bush,608,Abraham Lincoln Donald Trump,0
George W. Bush,608,Abraham Lincoln Elizabeth Warren,0
George W. Bush,608,Abraham Lincoln Hillary Clinton,0
George W. Bush,608,Abraham Lincoln Joe Biden,0
George W. Bush,608,Abraham Lincoln Richard Nixon,0
George W. Bush,608,Abraham Lincoln Ronald Reagan,0
George W. Bush,608,Barack Obama Donald Trump,0
George W. Bush,608,Barack Obama Elizabeth Warren,0
George W. Bush,608,Barack Obama Hillary Clinton,0
George W. Bush,608,Barack Obama Joe Biden,0
George W. Bush,608,Barack Obama Richard Nixon,0
George W. Bush,608,Barack Obama Ronald Reagan,0
George W. Bush,608,Bernie Sanders Donald Trump,0
George W. Bush,608,Bernie Sanders Elizabeth Warren,0
George W. Bush,608,Bernie Sanders Hillary Clinton,0
George W. Bush,608,Bernie Sanders Joe Biden,0
George W. Bush,608,Bernie Sanders Richard Nixon,0
George W. Bush,608,Bernie Sanders Ronald Reagan,0
George W. Bush,608,Donald Trump Elizabeth Warren,0
George W. Bush,608,Donald Trump Joe Biden,1
George W. Bush,608,Donald Trump Richard Nixon,0
George W. Bush,608,Donald Trump Ronald Reagan,0
George W. Bush,608,Elizabeth Warren Hillary Clinton,0
George W. Bush,608,Elizabeth Warren Joe Biden,1
George W. Bush,608,Elizabeth Warren Richard Nixon,0
George W. Bush,608,Elizabeth Warren Ronald Reagan,0
George W. Bush,608,Hillary Clinton Joe Biden,0
George W. Bush,608,Hillary Clinton Richard Nixon,0
George W. Bush,608,Hillary Clinton Ronald Reagan,0
George W. Bush,608,Joe Biden Richard Nixon,0
George W. Bush,608,Joe Biden Ronald Reagan,0
Joe Biden,609,Abraham Lincoln Bernie Sanders,0
Joe Biden,609,Abraham Lincoln Donald Trump,0
Joe Biden,609,Abraham Lincoln Elizabeth Warren,0
Joe Biden,609,Abraham Lincoln George W. Bush,0
Joe Biden,609,Abraham Lincoln Hillary Clinton,0
Joe Biden,609,Abraham Lincoln Ronald Reagan,0
Joe Biden,609,Barack Obama Bernie Sanders,0
Joe Biden,609,Barack Obama Elizabeth Warren,0
Joe Biden,609,Barack Obama George W. Bush,0
Joe Biden,609,Barack Obama Hillary Clinton,0
Joe Biden,609,Barack Obama Richard Nixon,0
Joe Biden,609,Barack Obama Ronald Reagan,1
Joe Biden,609,Bernie Sanders Donald Trump,0
Joe Biden,609,Bernie Sanders Elizabeth Warren,0
Joe Biden,609,Bernie Sanders George W. Bush,0
Joe Biden,609,Bernie Sanders Hillary Clinton,0
Joe Biden,609,Bernie Sanders Ronald Reagan,0
Joe Biden,609,Donald Trump Elizabeth Warren,0
Joe Biden,609,Donald Trump George W. Bush,0
Joe Biden,609,Donald Trump Richard Nixon,0
Joe Biden,609,Donald Trump Ronald Reagan,0
Joe Biden,609,Elizabeth Warren George W. Bush,0
Joe Biden,609,Elizabeth Warren Hillary Clinton,0
Joe Biden,609,Elizabeth Warren Richard Nixon,0
Joe Biden,609,Elizabeth Warren Ronald Reagan,0
Joe Biden,609,George W. Bush Hillary Clinton,0
Joe Biden,609,George W. Bush Richard Nixon,0
Joe Biden,609,George W. Bush Ronald Reagan,0
Joe Biden,609,Hillary Clinton Richard Nixon,1
Joe Biden,609,Hillary Clinton Ronald Reagan,0
Joe Biden,609,Richard Nixon Ronald Reagan,1
Elizabeth Warren,610,Abraham Lincoln Barack Obama,0
Elizabeth Warren,610,Abraham Lincoln Bernie Sanders,0
Elizabeth Warren,610,Abraham Lincoln Donald Trump,0
Elizabeth Warren,610,Abraham Lincoln George W. Bush,0
Elizabeth Warren,610,Abraham Lincoln Hillary Clinton,0
Elizabeth Warren,610,Abraham Lincoln Joe Biden,0
Elizabeth Warren,610,Abraham Lincoln Richard Nixon,0
Elizabeth Warren,610,Abraham Lincoln Ronald Reagan,0
Elizabeth Warren,610,Barack Obama Bernie Sanders,0
Elizabeth Warren,610,Barack Obama Donald Trump,0
Elizabeth Warren,610,Barack Obama George W. Bush,0
Elizabeth Warren,610,Barack Obama Hillary Clinton,0
Elizabeth Warren,610,Barack Obama Joe Biden,0
Elizabeth Warren,610,Barack Obama Richard Nixon,1
Elizabeth Warren,610,Barack Obama Ronald Reagan,0
Elizabeth Warren,610,Bernie Sanders Donald Trump,0
Elizabeth Warren,610,Bernie Sanders George W. Bush,0
Elizabeth Warren,610,Bernie Sanders Hillary Clinton,0
Elizabeth Warren,610,Bernie Sanders Richard Nixon,0
Elizabeth Warren,610,Bernie Sanders Ronald Reagan,0
Elizabeth Warren,610,Donald Trump George W. Bush,0
Elizabeth Warren,610,Donald Trump Hillary Clinton,0
Elizabeth Warren,610,Donald Trump Joe Biden,0
Elizabeth Warren,610,Donald Trump Richard Nixon,0
Elizabeth Warren,610,Donald Trump Ronald Reagan,0
Elizabeth Warren,610,George W. Bush Hillary Clinton,0
Elizabeth Warren,610,George W. Bush Joe Biden,0
Elizabeth Warren,610,George W. Bush Richard Nixon,0
Elizabeth Warren,610,George W. Bush Ronald Reagan,0
Elizabeth Warren,610,Hillary Clinton Joe Biden,0
Elizabeth Warren,610,Hillary Clinton Richard Nixon,0
Elizabeth Warren,610,Hillary Clinton Ronald Reagan,0
Elizabeth Warren,610,Joe Biden Richard Nixon,0
Elizabeth Warren,610,Joe Biden Ronald Reagan,0
Elizabeth Warren,610,Richard Nixon Ronald Reagan,0
Joe Biden,611,Abraham Lincoln Bernie Sanders,0
Joe Biden,611,Abraham Lincoln Elizabeth Warren,0
Joe Biden,611,Abraham Lincoln George W. Bush,0
Joe Biden,611,Abraham Lincoln Hillary Clinton,0
Joe Biden,611,Abraham Lincoln Richard Nixon,0
Joe Biden,611,Abraham Lincoln Ronald Reagan,0
Joe Biden,611,Barack Obama Bernie Sanders,0
Joe Biden,611,Barack Obama Donald Trump,0
Joe Biden,611,Barack Obama Elizabeth Warren,0
Joe Biden,611,Barack Obama George W. Bush,0
Joe Biden,611,Barack Obama Richard Nixon,0
Joe Biden,611,Barack Obama Ronald Reagan,0
Joe Biden,611,Bernie Sanders Donald Trump,0
Joe Biden,611,Bernie Sanders Elizabeth Warren,0
Joe Biden,611,Bernie Sanders George W. Bush,0
Joe Biden,611,Bernie Sanders Hillary Clinton,0
Joe Biden,611,Bernie Sanders Richard Nixon,0
Joe Biden,611,Bernie Sanders Ronald Reagan,1
Joe Biden,611,Donald Trump Elizabeth Warren,0
Joe Biden,611,Donald Trump George W. Bush,0
Joe Biden,611,Donald Trump Hillary Clinton,1
Joe Biden,611,Donald Trump Richard Nixon,0
Joe Biden,611,Donald Trump Ronald Reagan,0
Joe Biden,611,Elizabeth Warren George W. Bush,0
Joe Biden,611,Elizabeth Warren Hillary Clinton,0
Joe Biden,611,Elizabeth Warren Richard Nixon,0
Joe Biden,611,Elizabeth Warren Ronald Reagan,0
Joe Biden,611,George W. Bush Hillary Clinton,0
Joe Biden,611,George W. Bush Richard Nixon,0
Joe Biden,611,George W. Bush Ronald Reagan,0
Joe Biden,611,Hillary Clinton Richard Nixon,0
Joe Biden,611,Hillary Clinton Ronald Reagan,0
Joe Biden,611,Richard Nixon Ronald Reagan,1
Ronald Reagan,612,Abraham Lincoln Barack Obama,0
Ronald Reagan,612,Abraham Lincoln Bernie Sanders,1
Ronald Reagan,612,Abraham Lincoln Donald Trump,0
Ronald Reagan,612,Abraham Lincoln Elizabeth Warren,0
Ronald Reagan,612,Abraham Lincoln George W. Bush,0
Ronald Reagan,612,Abraham Lincoln Hillary Clinton,0
Ronald Reagan,612,Abraham Lincoln Joe Biden,0
Ronald Reagan,612,Abraham Lincoln Richard Nixon,0
Ronald Reagan,612,Barack Obama Bernie Sanders,0
Ronald Reagan,612,Barack Obama Elizabeth Warren,0
Ronald Reagan,612,Barack Obama George W. Bush,0
Ronald Reagan,612,Barack Obama Hillary Clinton,0
Ronald Reagan,612,Barack Obama Joe Biden,0
Ronald Reagan,612,Barack Obama Richard Nixon,0
Ronald Reagan,612,Bernie Sanders Donald Trump,0
Ronald Reagan,612,Bernie Sanders Elizabeth Warren,0
Ronald Reagan,612,Bernie Sanders George W. Bush,0
Ronald Reagan,612,Bernie Sanders Hillary Clinton,0
Ronald Reagan,612,Bernie Sanders Joe Biden,0
Ronald Reagan,612,Bernie Sanders Richard Nixon,0
Ronald Reagan,612,Donald Trump Elizabeth Warren,0
Ronald Reagan,612,Donald Trump George W. Bush,1
Ronald Reagan,612,Donald Trump Hillary Clinton,0
Ronald Reagan,612,Donald Trump Joe Biden,0
Ronald Reagan,612,Donald Trump Richard Nixon,0
Ronald Reagan,612,Elizabeth Warren George W. Bush,0
Ronald Reagan,612,Elizabeth Warren Hillary Clinton,0
Ronald Reagan,612,Elizabeth Warren Joe Biden,0
Ronald Reagan,612,Elizabeth Warren Richard Nixon,0
Ronald Reagan,612,George W. Bush Hillary Clinton,0
Ronald Reagan,612,George W. Bush Joe Biden,0
Ronald Reagan,612,George W. Bush Richard Nixon,0
Ronald Reagan,612,Hillary Clinton Joe Biden,0
Ronald Reagan,612,Hillary Clinton Richard Nixon,0
Ronald Reagan,612,Joe Biden Richard Nixon,1
Donald Trump,613,Abraham Lincoln Barack Obama,0
Donald Trump,613,Abraham Lincoln Bernie Sanders,0
Donald Trump,613,Abraham Lincoln Elizabeth Warren,0
Donald Trump,613,Abraham Lincoln George W. Bush,0
Donald Trump,613,Abraham Lincoln Joe Biden,0
Donald Trump,613,Abraham Lincoln Richard Nixon,0
Donald Trump,613,Abraham Lincoln Ronald Reagan,1
Donald Trump,613,Barack Obama Bernie Sanders,0
Donald Trump,613,Barack Obama Elizabeth Warren,0
Donald Trump,613,Barack Obama George W. Bush,0
Donald Trump,613,Barack Obama Hillary Clinton,0
Donald Trump,613,Barack Obama Joe Biden,0
Donald Trump,613,Barack Obama Richard Nixon,0
Donald Trump,613,Barack Obama Ronald Reagan,1
Donald Trump,613,Bernie Sanders Elizabeth Warren,0
Donald Trump,613,Bernie Sanders George W. Bush,0
Donald Trump,613,Bernie Sanders Joe Biden,0
Donald Trump,613,Bernie Sanders Richard Nixon,0
Donald Trump,613,Bernie Sanders Ronald Reagan,0
Donald Trump,613,Elizabeth Warren George W. Bush,1
Donald Trump,613,Elizabeth Warren Hillary Clinton,0
Donald Trump,613,Elizabeth Warren Joe Biden,0
Donald Trump,613,Elizabeth Warren Richard Nixon,0
Donald Trump,613,Elizabeth Warren Ronald Reagan,0
Donald Trump,613,George W. Bush Joe Biden,0
Donald Trump,613,George W. Bush Richard Nixon,0
Donald Trump,613,George W. Bush Ronald Reagan,0
Donald Trump,613,Hillary Clinton Joe Biden,0
Donald Trump,613,Hillary Clinton Richard Nixon,0
Donald Trump,613,Hillary Clinton Ronald Reagan,1
Donald Trump,613,Joe Biden Richard Nixon,0
Donald Trump,613,Joe Biden Ronald Reagan,0
Donald Trump,613,Richard Nixon Ronald Reagan,0
Ronald Reagan,614,Abraham Lincoln Barack Obama,0
Ronald Reagan,614,Abraham Lincoln Bernie Sanders,0
Ronald Reagan,614,Abraham Lincoln Donald Trump,0
Ronald Reagan,614,Abraham Lincoln Elizabeth Warren,0
Ronald Reagan,614,Abraham Lincoln George W. Bush,1
Ronald Reagan,614,Abraham Lincoln Joe Biden,0
Ronald Reagan,614,Abraham Lincoln Richard Nixon,0
Ronald Reagan,614,Barack Obama Bernie Sanders,1
Ronald Reagan,614,Barack Obama Donald Trump,0
Ronald Reagan,614,Barack Obama Elizabeth Warren,0
Ronald Reagan,614,Barack Obama George W. Bush,0
Ronald Reagan,614,Barack Obama Hillary Clinton,0
Ronald Reagan,614,Barack Obama Joe Biden,0
Ronald Reagan,614,Barack Obama Richard Nixon,1
Ronald Reagan,614,Bernie Sanders Donald Trump,0
Ronald Reagan,614,Bernie Sanders Elizabeth Warren,0
Ronald Reagan,614,Bernie Sanders George W. Bush,0
Ronald Reagan,614,Bernie Sanders Joe Biden,0
Ronald Reagan,614,Bernie Sanders Richard Nixon,0
Ronald Reagan,614,Donald Trump Elizabeth Warren,0
Ronald Reagan,614,Donald Trump George W. Bush,0
Ronald Reagan,614,Donald Trump Hillary Clinton,0
Ronald Reagan,614,Donald Trump Joe Biden,1
Ronald Reagan,614,Elizabeth Warren George W. Bush,0
Ronald Reagan,614,Elizabeth Warren Hillary Clinton,0
Ronald Reagan,614,Elizabeth Warren Joe Biden,0
Ronald Reagan,614,Elizabeth Warren Richard Nixon,0
Ronald Reagan,614,George W. Bush Hillary Clinton,0
Ronald Reagan,614,George W. Bush Joe Biden,0
Ronald Reagan,614,George W. Bush Richard Nixon,0
Ronald Reagan,614,Hillary Clinton Joe Biden,0
Ronald Reagan,614,Hillary Clinton Richard Nixon,0
Ronald Reagan,614,Joe Biden Richard Nixon,0
Joe Biden,615,Abraham Lincoln Barack Obama,0
Joe Biden,615,Abraham Lincoln Bernie Sanders,0
Joe Biden,615,Abraham Lincoln Donald Trump,0
Joe Biden,615,Abraham Lincoln Elizabeth Warren,1
Joe Biden,615,Abraham Lincoln George W. Bush,1
Joe Biden,615,Abraham Lincoln Hillary Clinton,0
Joe Biden,615,Abraham Lincoln Richard Nixon,0
Joe Biden,615,Abraham Lincoln Ronald Reagan,0
Joe Biden,615,Barack Obama Bernie Sanders,0
Joe Biden,615,Barack Obama Donald Trump,0
Joe Biden,615,Barack Obama Elizabeth Warren,0
Joe Biden,615,Barack Obama George W. Bush,0
Joe Biden,615,Barack Obama Hillary Clinton,1
Joe Biden,615,Barack Obama Richard Nixon,0
Joe Biden,615,Barack Obama Ronald Reagan,0
Joe Biden,615,Bernie Sanders Donald Trump,0
Joe Biden,615,Bernie Sanders Elizabeth Warren,0
Joe Biden,615,Bernie Sanders George W. Bush,0
Joe Biden,615,Bernie Sanders Hillary Clinton,1
Joe Biden,615,Bernie Sanders Richard Nixon,0
Joe Biden,615,Bernie Sanders Ronald Reagan,0
Joe Biden,615,Donald Trump Elizabeth Warren,0
Joe Biden,615,Donald Trump George W. Bush,0
Joe Biden,615,Donald Trump Hillary Clinton,0
Joe Biden,615,Donald Trump Richard Nixon,1
Joe Biden,615,Donald Trump Ronald Reagan,0
Joe Biden,615,Elizabeth Warren George W. Bush,0
Joe Biden,615,Elizabeth Warren Richard Nixon,0
Joe Biden,615,Elizabeth Warren Ronald Reagan,0
Joe Biden,615,George W. Bush Hillary Clinton,0
Joe Biden,615,George W. Bush Richard Nixon,0
Joe Biden,615,George W. Bush Ronald Reagan,0
Joe Biden,615,Hillary Clinton Richard Nixon,0
Joe Biden,615,Hillary Clinton Ronald Reagan,1
Joe Biden,615,Richard Nixon Ronald Reagan,0
Ronald Reagan,616,Abraham Lincoln Barack Obama,0
Ronald Reagan,616,Abraham Lincoln Bernie Sanders,0
Ronald Reagan,616,Abraham Lincoln Donald Trump,0
Ronald Reagan,616,Abraham Lincoln Elizabeth Warren,0
Ronald Reagan,616,Abraham Lincoln George W. Bush,0
Ronald Reagan,616,Abraham Lincoln Hillary Clinton,0
Ronald Reagan,616,Abraham Lincoln Joe Biden,0
Ronald Reagan,616,Abraham Lincoln Richard Nixon,0
Ronald Reagan,616,Barack Obama Bernie Sanders,0
Ronald Reagan,616,Barack Obama Donald Trump,0
Ronald Reagan,616,Barack Obama Elizabeth Warren,0
Ronald Reagan,616,Barack Obama George W. Bush,0
Ronald Reagan,616,Barack Obama Hillary Clinton,0
Ronald Reagan,616,Barack Obama Joe Biden,0
Ronald Reagan,616,Barack Obama Richard Nixon,0
Ronald Reagan,616,Bernie Sanders Donald Trump,0
Ronald Reagan,616,Bernie Sanders Elizabeth Warren,0
Ronald Reagan,616,Bernie Sanders George W. Bush,0
Ronald Reagan,616,Bernie Sanders Hillary Clinton,0
Ronald Reagan,616,Bernie Sanders Joe Biden,0
Ronald Reagan,616,Bernie Sanders Richard Nixon,0
Ronald Reagan,616,Donald Trump Elizabeth Warren,0
Ronald Reagan,616,Donald Trump George W. Bush,0
Ronald Reagan,616,Donald Trump Hillary Clinton,0
Ronald Reagan,616,Donald Trump Joe Biden,0
Ronald Reagan,616,Donald Trump Richard Nixon,0
Ronald Reagan,616,Elizabeth Warren George W. Bush,0
Ronald Reagan,616,Elizabeth Warren Hillary Clinton,0
Ronald Reagan,616,Elizabeth Warren Joe Biden,0
Ronald Reagan,616,Elizabeth Warren Richard Nixon,0
Ronald Reagan,616,George W. Bush Hillary Clinton,0
Ronald Reagan,616,George W. Bush Joe Biden,0
Ronald Reagan,616,George W. Bush Richard Nixon,0
Ronald Reagan,616,Hillary Clinton Joe Biden,0
Ronald Reagan,616,Hillary Clinton Richard Nixon,1
Ronald Reagan,616,Joe Biden Richard Nixon,0
Barack Obama,617,Abraham Lincoln Bernie Sanders,0
Barack Obama,617,Abraham Lincoln Donald Trump,0
Barack Obama,617,Abraham Lincoln Elizabeth Warren,0
Barack Obama,617,Abraham Lincoln George W. Bush,0
Barack Obama,617,Abraham Lincoln Joe Biden,0
Barack Obama,617,Abraham Lincoln Richard Nixon,0
Barack Obama,617,Abraham Lincoln Ronald Reagan,0
Barack Obama,617,Bernie Sanders Donald Trump,0
Barack Obama,617,Bernie Sanders Elizabeth Warren,0
Barack Obama,617,Bernie Sanders George W. Bush,0
Barack Obama,617,Bernie Sanders Hillary Clinton,0
Barack Obama,617,Bernie Sanders Joe Biden,0
Barack Obama,617,Bernie Sanders Richard Nixon,0
Barack Obama,617,Bernie Sanders Ronald Reagan,0
Barack Obama,617,Donald Trump Elizabeth Warren,0
Barack Obama,617,Donald Trump George W. Bush,0
Barack Obama,617,Donald Trump Hillary Clinton,0
Barack Obama,617,Donald Trump Joe Biden,0
Barack Obama,617,Donald Trump Richard Nixon,0
Barack Obama,617,Donald Trump Ronald Reagan,0
Barack Obama,617,Elizabeth Warren George W. Bush,0
Barack Obama,617,Elizabeth Warren Joe Biden,0
Barack Obama,617,Elizabeth Warren Ronald Reagan,0
Barack Obama,617,George W. Bush Hillary Clinton,0
Barack Obama,617,George W. Bush Joe Biden,0
Barack Obama,617,George W. Bush Richard Nixon,0
Barack Obama,617,George W. Bush Ronald Reagan,0
Barack Obama,617,Hillary Clinton Joe Biden,0
Barack Obama,617,Hillary Clinton Richard Nixon,1
Barack Obama,617,Hillary Clinton Ronald Reagan,0
Barack Obama,617,Joe Biden Richard Nixon,0
Barack Obama,617,Joe Biden Ronald Reagan,0
Barack Obama,617,Richard Nixon Ronald Reagan,0
Elizabeth Warren,618,Abraham Lincoln Barack Obama,0
Elizabeth Warren,618,Abraham Lincoln Bernie Sanders,0
Elizabeth Warren,618,Abraham Lincoln Donald Trump,0
Elizabeth Warren,618,Abraham Lincoln George W. Bush,0
Elizabeth Warren,618,Abraham Lincoln Hillary Clinton,0
Elizabeth Warren,618,Abraham Lincoln Joe Biden,0
Elizabeth Warren,618,Abraham Lincoln Richard Nixon,0
Elizabeth Warren,618,Abraham Lincoln Ronald Reagan,0
Elizabeth Warren,618,Barack Obama Bernie Sanders,0
Elizabeth Warren,618,Barack Obama Donald Trump,0
Elizabeth Warren,618,Barack Obama George W. Bush,0
Elizabeth Warren,618,Barack Obama Hillary Clinton,0
Elizabeth Warren,618,Barack Obama Joe Biden,1
Elizabeth Warren,618,Barack Obama Richard Nixon,0
Elizabeth Warren,618,Barack Obama Ronald Reagan,0
Elizabeth Warren,618,Bernie Sanders Donald Trump,0
Elizabeth Warren,618,Bernie Sanders George W. Bush,1
Elizabeth Warren,618,Bernie Sanders Hillary Clinton,0
Elizabeth Warren,618,Bernie Sanders Joe Biden,0
Elizabeth Warren,618,Bernie Sanders Richard Nixon,0
Elizabeth Warren,618,Bernie Sanders Ronald Reagan,0
Elizabeth Warren,618,Donald Trump George W. Bush,0
Elizabeth Warren,618,Donald Trump Hillary Clinton,0
Elizabeth Warren,618,Donald Trump Richard Nixon,0
Elizabeth Warren,618,Donald Trump Ronald Reagan,0
Elizabeth Warren,618,George W. Bush Hillary Clinton,0
Elizabeth Warren,618,George W. Bush Joe Biden,0
Elizabeth Warren,618,George W. Bush Richard Nixon,1
Elizabeth Warren,618,George W. Bush Ronald Reagan,0
Elizabeth Warren,618,Hillary Clinton Joe Biden,0
Elizabeth Warren,618,Hillary Clinton Richard Nixon,0
Elizabeth Warren,618,Hillary Clinton Ronald Reagan,1
Elizabeth Warren,618,Joe Biden Richard Nixon,0
Elizabeth Warren,618,Joe Biden Ronald Reagan,0
Elizabeth Warren,618,Richard Nixon Ronald Reagan,0
Richard Nixon,619,Abraham Lincoln Barack Obama,0
Richard Nixon,619,Abraham Lincoln Bernie Sanders,0
Richard Nixon,619,Abraham Lincoln Donald Trump,0
Richard Nixon,619,Abraham Lincoln Elizabeth Warren,0
Richard Nixon,619,Abraham Lincoln George W. Bush,0
Richard Nixon,619,Abraham Lincoln Hillary Clinton,1
Richard Nixon,619,Abraham Lincoln Joe Biden,0
Richard Nixon,619,Abraham Lincoln Ronald Reagan,0
Richard Nixon,619,Barack Obama Bernie Sanders,0
Richard Nixon,619,Barack Obama Elizabeth Warren,0
Richard Nixon,619,Barack Obama George W. Bush,0
Richard Nixon,619,Barack Obama Hillary Clinton,0
Richard Nixon,619,Barack Obama Ronald Reagan,0
Richard Nixon,619,Bernie Sanders Elizabeth Warren,0
Richard Nixon,619,Bernie Sanders George W. Bush,0
Richard Nixon,619,Bernie Sanders Hillary Clinton,0
Richard Nixon,619,Bernie Sanders Joe Biden,0
Richard Nixon,619,Bernie Sanders Ronald Reagan,0
Richard Nixon,619,Donald Trump Elizabeth Warren,0
Richard Nixon,619,Donald Trump George W. Bush,0
Richard Nixon,619,Donald Trump Hillary Clinton,0
Richard Nixon,619,Donald Trump Joe Biden,0
Richard Nixon,619,Donald Trump Ronald Reagan,0
Richard Nixon,619,Elizabeth Warren George W. Bush,0
Richard Nixon,619,Elizabeth Warren Hillary Clinton,0
Richard Nixon,619,Elizabeth Warren Joe Biden,0
Richard Nixon,619,Elizabeth Warren Ronald Reagan,0
Richard Nixon,619,George W. Bush Hillary Clinton,0
Richard Nixon,619,George W. Bush Joe Biden,0
Richard Nixon,619,George W. Bush Ronald Reagan,0
Richard Nixon,619,Hillary Clinton Joe Biden,0
Richard Nixon,619,Joe Biden Ronald Reagan,1
Donald Trump,620,Abraham Lincoln Barack Obama,0
Donald Trump,620,Abraham Lincoln Bernie Sanders,0
Donald Trump,620,Abraham Lincoln Elizabeth Warren,0
Donald Trump,620,Abraham Lincoln George W. Bush,0
Donald Trump,620,Abraham Lincoln Hillary Clinton,0
Donald Trump,620,Abraham Lincoln Joe Biden,0
Donald Trump,620,Abraham Lincoln Richard Nixon,0
Donald Trump,620,Abraham Lincoln Ronald Reagan,0
Donald Trump,620,Barack Obama Bernie Sanders,0
Donald Trump,620,Barack Obama Elizabeth Warren,0
Donald Trump,620,Barack Obama George W. Bush,0
Donald Trump,620,Barack Obama Hillary Clinton,0
Donald Trump,620,Barack Obama Joe Biden,0
Donald Trump,620,Barack Obama Richard Nixon,0
Donald Trump,620,Barack Obama Ronald Reagan,0
Donald Trump,620,Bernie Sanders Elizabeth Warren,0
Donald Trump,620,Bernie Sanders George W. Bush,0
Donald Trump,620,Bernie Sanders Hillary Clinton,0
Donald Trump,620,Bernie Sanders Joe Biden,0
Donald Trump,620,Bernie Sanders Richard Nixon,1
Donald Trump,620,Bernie Sanders Ronald Reagan,1
Donald Trump,620,Elizabeth Warren Hillary Clinton,0
Donald Trump,620,Elizabeth Warren Joe Biden,0
Donald Trump,620,Elizabeth Warren Richard Nixon,0
Donald Trump,620,Elizabeth Warren Ronald Reagan,0
Donald Trump,620,George W. Bush Hillary Clinton,0
Donald Trump,620,George W. Bush Joe Biden,0
Donald Trump,620,George W. Bush Richard Nixon,0
Donald Trump,620,George W. Bush Ronald Reagan,0
Donald Trump,620,Hillary Clinton Joe Biden,0
Donald Trump,620,Hillary Clinton Ronald Reagan,0
Donald Trump,620,Joe Biden Richard Nixon,0
Donald Trump,620,Joe Biden Ronald Reagan,0
Donald Trump,620,Richard Nixon Ronald Reagan,0
George W. Bush,621,Abraham Lincoln Barack Obama,0
George W. Bush,621,Abraham Lincoln Bernie Sanders,0
George W. Bush,621,Abraham Lincoln Donald Trump,0
George W. Bush,621,Abraham Lincoln Elizabeth Warren,0
George W. Bush,621,Abraham Lincoln Hillary Clinton,0
George W. Bush,621,Abraham Lincoln Joe Biden,0
George W. Bush,621,Abraham Lincoln Richard Nixon,0
George W. Bush,621,Abraham Lincoln Ronald Reagan,0
George W. Bush,621,Barack Obama Bernie Sanders,0
George W. Bush,621,Barack Obama Elizabeth Warren,0
George W. Bush,621,Barack Obama Hillary Clinton,0
George W. Bush,621,Barack Obama Joe Biden,0
George W. Bush,621,Barack Obama Richard Nixon,0
George W. Bush,621,Barack Obama Ronald Reagan,0
George W. Bush,621,Bernie Sanders Elizabeth Warren,0
George W. Bush,621,Bernie Sanders Hillary Clinton,1
George W. Bush,621,Bernie Sanders Joe Biden,1
George W. Bush,621,Bernie Sanders Richard Nixon,0
George W. Bush,621,Bernie Sanders Ronald Reagan,0
George W. Bush,621,Donald Trump Elizabeth Warren,1
George W. Bush,621,Donald Trump Hillary Clinton,0
George W. Bush,621,Donald Trump Joe Biden,0
George W. Bush,621,Donald Trump Richard Nixon,0
George W. Bush,621,Donald Trump Ronald Reagan,0
George W. Bush,621,Elizabeth Warren Hillary Clinton,0
George W. Bush,621,Elizabeth Warren Joe Biden,0
George W. Bush,621,Elizabeth Warren Richard Nixon,0
George W. Bush,621,Elizabeth Warren Ronald Reagan,0
George W. Bush,621,Hillary Clinton Richard Nixon,1
George W. Bush,621,Hillary Clinton Ronald Reagan,0
George W. Bush,621,Joe Biden Richard Nixon,0
George W. Bush,621,Joe Biden Ronald Reagan,0
George W. Bush,621,Richard Nixon Ronald Reagan,0
Abraham Lincoln,622,Barack Obama Bernie Sanders,0
Abraham Lincoln,622,Barack Obama Donald Trump,0
Abraham Lincoln,622,Barack Obama Elizabeth Warren,0
Abraham Lincoln,622,Barack Obama George W. Bush,0
Abraham Lincoln,622,Barack Obama Joe Biden,0
Abraham Lincoln,622,Barack Obama Richard Nixon,1
Abraham Lincoln,622,Bernie Sanders Donald Trump,0
Abraham Lincoln,622,Bernie Sanders Elizabeth Warren,0
Abraham Lincoln,622,Bernie Sanders George W. Bush,0
Abraham Lincoln,622,Bernie Sanders Hillary Clinton,0
Abraham Lincoln,622,Bernie Sanders Joe Biden,0
Abraham Lincoln,622,Bernie Sanders Richard Nixon,0
Abraham Lincoln,622,Bernie Sanders Ronald Reagan,0
Abraham Lincoln,622,Donald Trump Elizabeth Warren,0
Abraham Lincoln,622,Donald Trump George W. Bush,0
Abraham Lincoln,622,Donald Trump Hillary Clinton,0
Abraham Lincoln,622,Donald Trump Joe Biden,0
Abraham Lincoln,622,Donald Trump Richard Nixon,0
Abraham Lincoln,622,Donald Trump Ronald Reagan,1
Abraham Lincoln,622,Elizabeth Warren George W. Bush,0
Abraham Lincoln,622,Elizabeth Warren Hillary Clinton,0
Abraham Lincoln,622,Elizabeth Warren Richard Nixon,0
Abraham Lincoln,622,Elizabeth Warren Ronald Reagan,0
Abraham Lincoln,622,George W. Bush Hillary Clinton,0
Abraham Lincoln,622,George W. Bush Joe Biden,0
Abraham Lincoln,622,George W. Bush Richard Nixon,0
Abraham Lincoln,622,George W. Bush Ronald Reagan,1
Abraham Lincoln,622,Hillary Clinton Joe Biden,0
Abraham Lincoln,622,Hillary Clinton Richard Nixon,1
Abraham Lincoln,622,Hillary Clinton Ronald Reagan,0
Abraham Lincoln,622,Joe Biden Richard Nixon,0
Abraham Lincoln,622,Joe Biden Ronald Reagan,0
Abraham Lincoln,622,Richard Nixon Ronald Reagan,0
Richard Nixon,623,Abraham Lincoln Barack Obama,0
Richard Nixon,623,Abraham Lincoln Bernie Sanders,0
Richard Nixon,623,Abraham Lincoln Donald Trump,0
Richard Nixon,623,Abraham Lincoln George W. Bush,0
Richard Nixon,623,Abraham Lincoln Hillary Clinton,0
Richard Nixon,623,Abraham Lincoln Joe Biden,0
Richard Nixon,623,Abraham Lincoln Ronald Reagan,0
Richard Nixon,623,Barack Obama Bernie Sanders,1
Richard Nixon,623,Barack Obama Donald Trump,0
Richard Nixon,623,Barack Obama Elizabeth Warren,0
Richard Nixon,623,Barack Obama George W. Bush,0
Richard Nixon,623,Barack Obama Hillary Clinton,0
Richard Nixon,623,Barack Obama Joe Biden,0
Richard Nixon,623,Barack Obama Ronald Reagan,0
Richard Nixon,623,Bernie Sanders Donald Trump,0
Richard Nixon,623,Bernie Sanders Elizabeth Warren,0
Richard Nixon,623,Bernie Sanders George W. Bush,0
Richard Nixon,623,Bernie Sanders Hillary Clinton,0
Richard Nixon,623,Bernie Sanders Joe Biden,0
Richard Nixon,623,Bernie Sanders Ronald Reagan,0
Richard Nixon,623,Donald Trump Elizabeth Warren,0
Richard Nixon,623,Donald Trump Joe Biden,1
Richard Nixon,623,Elizabeth Warren George W. Bush,0
Richard Nixon,623,Elizabeth Warren Hillary Clinton,0
Richard Nixon,623,Elizabeth Warren Ronald Reagan,0
Richard Nixon,623,George W. Bush Hillary Clinton,0
Richard Nixon,623,George W. Bush Joe Biden,0
Richard Nixon,623,George W. Bush Ronald Reagan,1
Richard Nixon,623,Hillary Clinton Joe Biden,0
Richard Nixon,623,Hillary Clinton Ronald Reagan,1
Richard Nixon,623,Joe Biden Ronald Reagan,0
Abraham Lincoln,624,Barack Obama Bernie Sanders,0
Abraham Lincoln,624,Barack Obama Donald Trump,0
Abraham Lincoln,624,Barack Obama George W. Bush,0
Abraham Lincoln,624,Barack Obama Hillary Clinton,0
Abraham Lincoln,624,Barack Obama Joe Biden,0
Abraham Lincoln,624,Barack Obama Richard Nixon,0
Abraham Lincoln,624,Bernie Sanders Donald Trump,1
Abraham Lincoln,624,Bernie Sanders Elizabeth Warren,0
Abraham Lincoln,624,Bernie Sanders George W. Bush,0
Abraham Lincoln,624,Bernie Sanders Hillary Clinton,0
Abraham Lincoln,624,Bernie Sanders Joe Biden,0
Abraham Lincoln,624,Bernie Sanders Richard Nixon,0
Abraham Lincoln,624,Bernie Sanders Ronald Reagan,0
Abraham Lincoln,624,Donald Trump Elizabeth Warren,0
Abraham Lincoln,624,Donald Trump George W. Bush,0
Abraham Lincoln,624,Donald Trump Hillary Clinton,0
Abraham Lincoln,624,Donald Trump Joe Biden,0
Abraham Lincoln,624,Donald Trump Richard Nixon,0
Abraham Lincoln,624,Donald Trump Ronald Reagan,0
Abraham Lincoln,624,Elizabeth Warren George W. Bush,0
Abraham Lincoln,624,Elizabeth Warren Hillary Clinton,0
Abraham Lincoln,624,Elizabeth Warren Richard Nixon,0
Abraham Lincoln,624,Elizabeth Warren Ronald Reagan,0
Abraham Lincoln,624,George W. Bush Hillary Clinton,0
Abraham Lincoln,624,George W. Bush Joe Biden,1
Abraham Lincoln,624,George W. Bush Richard Nixon,0
Abraham Lincoln,624,George W. Bush Ronald Reagan,0
Abraham Lincoln,624,Hillary Clinton Joe Biden,0
Abraham Lincoln,624,Hillary Clinton Richard Nixon,0
Abraham Lincoln,624,Joe Biden Richard Nixon,0
Abraham Lincoln,624,Joe Biden Ronald Reagan,0
Abraham Lincoln,624,Richard Nixon Ronald Reagan,0
Elizabeth Warren,625,Abraham Lincoln Bernie Sanders,0
Elizabeth Warren,625,Abraham Lincoln Donald Trump,0
Elizabeth Warren,625,Abraham Lincoln George W. Bush,0
Elizabeth Warren,625,Abraham Lincoln Hillary Clinton,0
Elizabeth Warren,625,Abraham Lincoln Joe Biden,0
Elizabeth Warren,625,Abraham Lincoln Richard Nixon,0
Elizabeth Warren,625,Abraham Lincoln Ronald Reagan,0
Elizabeth Warren,625,Barack Obama Bernie Sanders,0
Elizabeth Warren,625,Barack Obama George W. Bush,0
Elizabeth Warren,625,Barack Obama Hillary Clinton,0
Elizabeth Warren,625,Barack Obama Joe Biden,0
Elizabeth Warren,625,Barack Obama Richard Nixon,0
Elizabeth Warren,625,Barack Obama Ronald Reagan,0
Elizabeth Warren,625,Bernie Sanders George W. Bush,0
Elizabeth Warren,625,Bernie Sanders Hillary Clinton,0
Elizabeth Warren,625,Bernie Sanders Joe Biden,0
Elizabeth Warren,625,Bernie Sanders Richard Nixon,0
Elizabeth Warren,625,Bernie Sanders Ronald Reagan,0
Elizabeth Warren,625,Donald Trump George W. Bush,0
Elizabeth Warren,625,Donald Trump Hillary Clinton,0
Elizabeth Warren,625,Donald Trump Joe Biden,1
Elizabeth Warren,625,Donald Trump Richard Nixon,0
Elizabeth Warren,625,Donald Trump Ronald Reagan,0
Elizabeth Warren,625,George W. Bush Hillary Clinton,0
Elizabeth Warren,625,George W. Bush Joe Biden,0
Elizabeth Warren,625,George W. Bush Richard Nixon,0
Elizabeth Warren,625,George W. Bush Ronald Reagan,0
Elizabeth Warren,625,Hillary Clinton Joe Biden,0
Elizabeth Warren,625,Hillary Clinton Richard Nixon,0
Elizabeth Warren,625,Hillary Clinton Ronald Reagan,0
Elizabeth Warren,625,Joe Biden Richard Nixon,0
Elizabeth Warren,625,Joe Biden Ronald Reagan,0
Elizabeth Warren,625,Richard Nixon Ronald Reagan,0
Donald Trump,626,Abraham Lincoln Barack Obama,0
Donald Trump,626,Abraham Lincoln Bernie Sanders,0
Donald Trump,626,Abraham Lincoln Elizabeth Warren,0
Donald Trump,626,Abraham Lincoln George W. Bush,0
Donald Trump,626,Abraham Lincoln Hillary Clinton,0
Donald Trump,626,Abraham Lincoln Joe Biden,0
Donald Trump,626,Abraham Lincoln Richard Nixon,1
Donald Trump,626,Abraham Lincoln Ronald Reagan,0
Donald Trump,626,Barack Obama Bernie Sanders,0
Donald Trump,626,Barack Obama Elizabeth Warren,0
Donald Trump,626,Barack Obama George W. Bush,0
Donald Trump,626,Barack Obama Hillary Clinton,0
Donald Trump,626,Barack Obama Joe Biden,0
Donald Trump,626,Barack Obama Richard Nixon,1
Donald Trump,626,Barack Obama Ronald Reagan,1
Donald Trump,626,Bernie Sanders Elizabeth Warren,0
Donald Trump,626,Bernie Sanders George W. Bush,0
Donald Trump,626,Bernie Sanders Hillary Clinton,0
Donald Trump,626,Bernie Sanders Joe Biden,0
Donald Trump,626,Bernie Sanders Richard Nixon,0
Donald Trump,626,Bernie Sanders Ronald Reagan,1
Donald Trump,626,Elizabeth Warren George W. Bush,0
Donald Trump,626,Elizabeth Warren Hillary Clinton,0
Donald Trump,626,Elizabeth Warren Joe Biden,0
Donald Trump,626,Elizabeth Warren Richard Nixon,0
Donald Trump,626,Elizabeth Warren Ronald Reagan,1
Donald Trump,626,George W. Bush Hillary Clinton,0
Donald Trump,626,George W. Bush Joe Biden,0
Donald Trump,626,George W. Bush Richard Nixon,1
Donald Trump,626,George W. Bush Ronald Reagan,0
Donald Trump,626,Hillary Clinton Joe Biden,0
Donald Trump,626,Hillary Clinton Richard Nixon,0
Donald Trump,626,Hillary Clinton Ronald Reagan,0
Donald Trump,626,Joe Biden Richard Nixon,0
Donald Trump,626,Joe Biden Ronald Reagan,0
Donald Trump,626,Richard Nixon Ronald Reagan,0
Bernie Sanders,627,Abraham Lincoln Barack Obama,0
Bernie Sanders,627,Abraham Lincoln Donald Trump,0
Bernie Sanders,627,Abraham Lincoln Elizabeth Warren,0
Bernie Sanders,627,Abraham Lincoln George W. Bush,0
Bernie Sanders,627,Abraham Lincoln Hillary Clinton,0
Bernie Sanders,627,Abraham Lincoln Joe Biden,0
Bernie Sanders,627,Abraham Lincoln Richard Nixon,0
Bernie Sanders,627,Abraham Lincoln Ronald Reagan,0
Bernie Sanders,627,Barack Obama Donald Trump,0
Bernie Sanders,627,Barack Obama Elizabeth Warren,0
Bernie Sanders,627,Barack Obama George W. Bush,0
Bernie Sanders,627,Barack Obama Hillary Clinton,0
Bernie Sanders,627,Barack Obama Joe Biden,0
Bernie Sanders,627,Barack Obama Richard Nixon,0
Bernie Sanders,627,Barack Obama Ronald Reagan,0
Bernie Sanders,627,Donald Trump Elizabeth Warren,0
Bernie Sanders,627,Donald Trump George W. Bush,0
Bernie Sanders,627,Donald Trump Hillary Clinton,0
Bernie Sanders,627,Donald Trump Joe Biden,0
Bernie Sanders,627,Donald Trump Richard Nixon,0
Bernie Sanders,627,Donald Trump Ronald Reagan,0
Bernie Sanders,627,Elizabeth Warren George W. Bush,0
Bernie Sanders,627,Elizabeth Warren Hillary Clinton,0
Bernie Sanders,627,Elizabeth Warren Joe Biden,0
Bernie Sanders,627,Elizabeth Warren Richard Nixon,0
Bernie Sanders,627,Elizabeth Warren Ronald Reagan,0
Bernie Sanders,627,George W. Bush Hillary Clinton,0
Bernie Sanders,627,George W. Bush Joe Biden,0
Bernie Sanders,627,George W. Bush Richard Nixon,1
Bernie Sanders,627,George W. Bush Ronald Reagan,0
Bernie Sanders,627,Hillary Clinton Joe Biden,0
Bernie Sanders,627,Hillary Clinton Richard Nixon,0
Bernie Sanders,627,Hillary Clinton Ronald Reagan,0
Bernie Sanders,627,Joe Biden Richard Nixon,0
Bernie Sanders,627,Joe Biden Ronald Reagan,0
Bernie Sanders,627,Richard Nixon Ronald Reagan,0
George W. Bush,628,Abraham Lincoln Barack Obama,0
George W. Bush,628,Abraham Lincoln Bernie Sanders,0
George W. Bush,628,Abraham Lincoln Donald Trump,0
George W. Bush,628,Abraham Lincoln Elizabeth Warren,0
George W. Bush,628,Abraham Lincoln Hillary Clinton,0
George W. Bush,628,Abraham Lincoln Joe Biden,0
George W. Bush,628,Abraham Lincoln Richard Nixon,1
George W. Bush,628,Abraham Lincoln Ronald Reagan,1
George W. Bush,628,Barack Obama Bernie Sanders,0
George W. Bush,628,Barack Obama Elizabeth Warren,0
George W. Bush,628,Barack Obama Hillary Clinton,0
George W. Bush,628,Barack Obama Joe Biden,0
George W. Bush,628,Barack Obama Ronald Reagan,0
George W. Bush,628,Bernie Sanders Elizabeth Warren,0
George W. Bush,628,Bernie Sanders Hillary Clinton,0
George W. Bush,628,Bernie Sanders Joe Biden,0
George W. Bush,628,Bernie Sanders Richard Nixon,0
George W. Bush,628,Bernie Sanders Ronald Reagan,0
George W. Bush,628,Donald Trump Elizabeth Warren,0
George W. Bush,628,Donald Trump Hillary Clinton,0
George W. Bush,628,Donald Trump Joe Biden,0
George W. Bush,628,Donald Trump Richard Nixon,0
George W. Bush,628,Elizabeth Warren Hillary Clinton,0
George W. Bush,628,Elizabeth Warren Joe Biden,1
George W. Bush,628,Elizabeth Warren Richard Nixon,0
George W. Bush,628,Elizabeth Warren Ronald Reagan,0
George W. Bush,628,Hillary Clinton Joe Biden,0
George W. Bush,628,Hillary Clinton Richard Nixon,0
George W. Bush,628,Hillary Clinton Ronald Reagan,0
George W. Bush,628,Joe Biden Richard Nixon,1
George W. Bush,628,Joe Biden Ronald Reagan,1
George W. Bush,628,Richard Nixon Ronald Reagan,0
Barack Obama,629,Abraham Lincoln Bernie Sanders,0
Barack Obama,629,Abraham Lincoln Donald Trump,0
Barack Obama,629,Abraham Lincoln Elizabeth Warren,0
Barack Obama,629,Abraham Lincoln George W. Bush,0
Barack Obama,629,Abraham Lincoln Hillary Clinton,0
Barack Obama,629,Abraham Lincoln Joe Biden,0
Barack Obama,629,Abraham Lincoln Richard Nixon,0
Barack Obama,629,Abraham Lincoln Ronald Reagan,0
Barack Obama,629,Bernie Sanders Donald Trump,0
Barack Obama,629,Bernie Sanders Elizabeth Warren,0
Barack Obama,629,Bernie Sanders George W. Bush,0
Barack Obama,629,Bernie Sanders Hillary Clinton,0
Barack Obama,629,Bernie Sanders Joe Biden,0
Barack Obama,629,Bernie Sanders Richard Nixon,0
Barack Obama,629,Bernie Sanders Ronald Reagan,0
Barack Obama,629,Donald Trump Elizabeth Warren,0
Barack Obama,629,Donald Trump George W. Bush,0
Barack Obama,629,Donald Trump Hillary Clinton,0
Barack Obama,629,Donald Trump Joe Biden,0
Barack Obama,629,Donald Trump Richard Nixon,0
Barack Obama,629,Donald Trump Ronald Reagan,1
Barack Obama,629,Elizabeth Warren George W. Bush,0
Barack Obama,629,Elizabeth Warren Hillary Clinton,0
Barack Obama,629,Elizabeth Warren Joe Biden,0
Barack Obama,629,Elizabeth Warren Richard Nixon,0
Barack Obama,629,Elizabeth Warren Ronald Reagan,0
Barack Obama,629,George W. Bush Hillary Clinton,0
Barack Obama,629,George W. Bush Joe Biden,0
Barack Obama,629,George W. Bush Richard Nixon,0
Barack Obama,629,George W. Bush Ronald Reagan,1
Barack Obama,629,Hillary Clinton Richard Nixon,1
Barack Obama,629,Hillary Clinton Ronald Reagan,0
Barack Obama,629,Joe Biden Richard Nixon,0
Barack Obama,629,Joe Biden Ronald Reagan,0
Barack Obama,629,Richard Nixon Ronald Reagan,0
Bernie Sanders,630,Abraham Lincoln Barack Obama,0
Bernie Sanders,630,Abraham Lincoln Donald Trump,0
Bernie Sanders,630,Abraham Lincoln Elizabeth Warren,0
Bernie Sanders,630,Abraham Lincoln George W. Bush,0
Bernie Sanders,630,Abraham Lincoln Hillary Clinton,0
Bernie Sanders,630,Abraham Lincoln Joe Biden,0
Bernie Sanders,630,Abraham Lincoln Richard Nixon,0
Bernie Sanders,630,Abraham Lincoln Ronald Reagan,0
Bernie Sanders,630,Barack Obama Donald Trump,0
Bernie Sanders,630,Barack Obama Elizabeth Warren,0
Bernie Sanders,630,Barack Obama George W. Bush,0
Bernie Sanders,630,Barack Obama Hillary Clinton,0
Bernie Sanders,630,Barack Obama Joe Biden,0
Bernie Sanders,630,Barack Obama Richard Nixon,0
Bernie Sanders,630,Barack Obama Ronald Reagan,0
Bernie Sanders,630,Donald Trump Elizabeth Warren,0
Bernie Sanders,630,Donald Trump George W. Bush,0
Bernie Sanders,630,Donald Trump Hillary Clinton,0
Bernie Sanders,630,Donald Trump Joe Biden,0
Bernie Sanders,630,Donald Trump Richard Nixon,0
Bernie Sanders,630,Donald Trump Ronald Reagan,0
Bernie Sanders,630,Elizabeth Warren George W. Bush,0
Bernie Sanders,630,Elizabeth Warren Hillary Clinton,0
Bernie Sanders,630,Elizabeth Warren Joe Biden,0
Bernie Sanders,630,Elizabeth Warren Richard Nixon,0
Bernie Sanders,630,Elizabeth Warren Ronald Reagan,0
Bernie Sanders,630,George W. Bush Hillary Clinton,0
Bernie Sanders,630,George W. Bush Joe Biden,0
Bernie Sanders,630,George W. Bush Richard Nixon,0
Bernie Sanders,630,George W. Bush Ronald Reagan,0
Bernie Sanders,630,Hillary Clinton Joe Biden,0
Bernie Sanders,630,Hillary Clinton Richard Nixon,0
Bernie Sanders,630,Hillary Clinton Ronald Reagan,0
Bernie Sanders,630,Joe Biden Richard Nixon,0
Bernie Sanders,630,Joe Biden Ronald Reagan,0
Bernie Sanders,630,Richard Nixon Ronald Reagan,0
Elizabeth Warren,631,Abraham Lincoln Barack Obama,0
Elizabeth Warren,631,Abraham Lincoln Bernie Sanders,0
Elizabeth Warren,631,Abraham Lincoln Donald Trump,0
Elizabeth Warren,631,Abraham Lincoln George W. Bush,0
Elizabeth Warren,631,Abraham Lincoln Hillary Clinton,0
Elizabeth Warren,631,Abraham Lincoln Joe Biden,0
Elizabeth Warren,631,Abraham Lincoln Richard Nixon,0
Elizabeth Warren,631,Abraham Lincoln Ronald Reagan,0
Elizabeth Warren,631,Barack Obama Bernie Sanders,0
Elizabeth Warren,631,Barack Obama Donald Trump,0
Elizabeth Warren,631,Barack Obama Hillary Clinton,0
Elizabeth Warren,631,Barack Obama Joe Biden,0
Elizabeth Warren,631,Barack Obama Richard Nixon,0
Elizabeth Warren,631,Barack Obama Ronald Reagan,0
Elizabeth Warren,631,Bernie Sanders Donald Trump,0
Elizabeth Warren,631,Bernie Sanders George W. Bush,0
Elizabeth Warren,631,Bernie Sanders Hillary Clinton,0
Elizabeth Warren,631,Bernie Sanders Joe Biden,0
Elizabeth Warren,631,Bernie Sanders Richard Nixon,0
Elizabeth Warren,631,Bernie Sanders Ronald Reagan,0
Elizabeth Warren,631,Donald Trump George W. Bush,0
Elizabeth Warren,631,Donald Trump Hillary Clinton,0
Elizabeth Warren,631,Donald Trump Joe Biden,0
Elizabeth Warren,631,Donald Trump Ronald Reagan,0
Elizabeth Warren,631,George W. Bush Hillary Clinton,0
Elizabeth Warren,631,George W. Bush Joe Biden,0
Elizabeth Warren,631,George W. Bush Richard Nixon,0
Elizabeth Warren,631,Hillary Clinton Joe Biden,0
Elizabeth Warren,631,Hillary Clinton Richard Nixon,0
Elizabeth Warren,631,Hillary Clinton Ronald Reagan,1
Elizabeth Warren,631,Joe Biden Richard Nixon,0
Elizabeth Warren,631,Joe Biden Ronald Reagan,1
Elizabeth Warren,631,Richard Nixon Ronald Reagan,0
Richard Nixon,632,Abraham Lincoln Barack Obama,0
Richard Nixon,632,Abraham Lincoln Bernie Sanders,0
Richard Nixon,632,Abraham Lincoln Donald Trump,0
Richard Nixon,632,Abraham Lincoln Elizabeth Warren,0
Richard Nixon,632,Abraham Lincoln George W. Bush,1
Richard Nixon,632,Abraham Lincoln Hillary Clinton,0
Richard Nixon,632,Abraham Lincoln Joe Biden,0
Richard Nixon,632,Abraham Lincoln Ronald Reagan,0
Richard Nixon,632,Barack Obama Bernie Sanders,1
Richard Nixon,632,Barack Obama Donald Trump,0
Richard Nixon,632,Barack Obama Elizabeth Warren,1
Richard Nixon,632,Barack Obama George W. Bush,0
Richard Nixon,632,Barack Obama Hillary Clinton,0
Richard Nixon,632,Barack Obama Joe Biden,0
Richard Nixon,632,Barack Obama Ronald Reagan,0
Richard Nixon,632,Bernie Sanders Donald Trump,0
Richard Nixon,632,Bernie Sanders Elizabeth Warren,0
Richard Nixon,632,Bernie Sanders George W. Bush,0
Richard Nixon,632,Bernie Sanders Hillary Clinton,0
Richard Nixon,632,Bernie Sanders Joe Biden,0
Richard Nixon,632,Bernie Sanders Ronald Reagan,0
Richard Nixon,632,Donald Trump George W. Bush,0
Richard Nixon,632,Donald Trump Hillary Clinton,0
Richard Nixon,632,Donald Trump Joe Biden,1
Richard Nixon,632,Donald Trump Ronald Reagan,0
Richard Nixon,632,Elizabeth Warren George W. Bush,0
Richard Nixon,632,Elizabeth Warren Hillary Clinton,0
Richard Nixon,632,Elizabeth Warren Joe Biden,0
Richard Nixon,632,Elizabeth Warren Ronald Reagan,0
Richard Nixon,632,George W. Bush Hillary Clinton,0
Richard Nixon,632,George W. Bush Joe Biden,0
Richard Nixon,632,George W. Bush Ronald Reagan,0
Richard Nixon,632,Hillary Clinton Joe Biden,0
Richard Nixon,632,Hillary Clinton Ronald Reagan,0
Richard Nixon,632,Joe Biden Ronald Reagan,0
Barack Obama,633,Abraham Lincoln Bernie Sanders,0
Barack Obama,633,Abraham Lincoln Donald Trump,0
Barack Obama,633,Abraham Lincoln Elizabeth Warren,0
Barack Obama,633,Abraham Lincoln George W. Bush,0
Barack Obama,633,Abraham Lincoln Hillary Clinton,0
Barack Obama,633,Abraham Lincoln Joe Biden,0
Barack Obama,633,Abraham Lincoln Richard Nixon,0
Barack Obama,633,Abraham Lincoln Ronald Reagan,0
Barack Obama,633,Bernie Sanders Donald Trump,0
Barack Obama,633,Bernie Sanders Elizabeth Warren,0
Barack Obama,633,Bernie Sanders George W. Bush,0
Barack Obama,633,Bernie Sanders Hillary Clinton,0
Barack Obama,633,Bernie Sanders Joe Biden,0
Barack Obama,633,Bernie Sanders Richard Nixon,0
Barack Obama,633,Bernie Sanders Ronald Reagan,0
Barack Obama,633,Donald Trump Elizabeth Warren,0
Barack Obama,633,Donald Trump George W. Bush,0
Barack Obama,633,Donald Trump Hillary Clinton,0
Barack Obama,633,Donald Trump Joe Biden,0
Barack Obama,633,Donald Trump Richard Nixon,0
Barack Obama,633,Donald Trump Ronald Reagan,0
Barack Obama,633,Elizabeth Warren George W. Bush,0
Barack Obama,633,Elizabeth Warren Hillary Clinton,0
Barack Obama,633,Elizabeth Warren Joe Biden,1
Barack Obama,633,Elizabeth Warren Richard Nixon,0
Barack Obama,633,Elizabeth Warren Ronald Reagan,0
Barack Obama,633,George W. Bush Hillary Clinton,0
Barack Obama,633,George W. Bush Joe Biden,1
Barack Obama,633,George W. Bush Richard Nixon,0
Barack Obama,633,George W. Bush Ronald Reagan,0
Barack Obama,633,Hillary Clinton Joe Biden,0
Barack Obama,633,Hillary Clinton Richard Nixon,0
Barack Obama,633,Hillary Clinton Ronald Reagan,0
Barack Obama,633,Joe Biden Richard Nixon,0
Barack Obama,633,Joe Biden Ronald Reagan,0
Barack Obama,633,Richard Nixon Ronald Reagan,0
Ronald Reagan,634,Abraham Lincoln Barack Obama,0
Ronald Reagan,634,Abraham Lincoln Bernie Sanders,0
Ronald Reagan,634,Abraham Lincoln Donald Trump,0
Ronald Reagan,634,Abraham Lincoln George W. Bush,0
Ronald Reagan,634,Abraham Lincoln Hillary Clinton,0
Ronald Reagan,634,Abraham Lincoln Joe Biden,0
Ronald Reagan,634,Abraham Lincoln Richard Nixon,0
Ronald Reagan,634,Barack Obama Bernie Sanders,0
Ronald Reagan,634,Barack Obama Donald Trump,1
Ronald Reagan,634,Barack Obama Elizabeth Warren,0
Ronald Reagan,634,Barack Obama George W. Bush,0
Ronald Reagan,634,Barack Obama Hillary Clinton,0
Ronald Reagan,634,Barack Obama Joe Biden,0
Ronald Reagan,634,Barack Obama Richard Nixon,1
Ronald Reagan,634,Bernie Sanders Donald Trump,0
Ronald Reagan,634,Bernie Sanders Elizabeth Warren,0
Ronald Reagan,634,Bernie Sanders George W. Bush,0
Ronald Reagan,634,Bernie Sanders Hillary Clinton,0
Ronald Reagan,634,Bernie Sanders Joe Biden,0
Ronald Reagan,634,Bernie Sanders Richard Nixon,0
Ronald Reagan,634,Donald Trump Elizabeth Warren,0
Ronald Reagan,634,Donald Trump Hillary Clinton,1
Ronald Reagan,634,Elizabeth Warren George W. Bush,0
Ronald Reagan,634,Elizabeth Warren Hillary Clinton,0
Ronald Reagan,634,Elizabeth Warren Joe Biden,0
Ronald Reagan,634,Elizabeth Warren Richard Nixon,0
Ronald Reagan,634,George W. Bush Hillary Clinton,0
Ronald Reagan,634,George W. Bush Joe Biden,0
Ronald Reagan,634,George W. Bush Richard Nixon,0
Ronald Reagan,634,Hillary Clinton Joe Biden,0
Ronald Reagan,634,Hillary Clinton Richard Nixon,0
Ronald Reagan,634,Joe Biden Richard Nixon,0
Joe Biden,635,Abraham Lincoln Barack Obama,0
Joe Biden,635,Abraham Lincoln Bernie Sanders,1
Joe Biden,635,Abraham Lincoln Donald Trump,0
Joe Biden,635,Abraham Lincoln Elizabeth Warren,0
Joe Biden,635,Abraham Lincoln George W. Bush,0
Joe Biden,635,Abraham Lincoln Hillary Clinton,0
Joe Biden,635,Abraham Lincoln Richard Nixon,1
Joe Biden,635,Abraham Lincoln Ronald Reagan,0
Joe Biden,635,Barack Obama Bernie Sanders,0
Joe Biden,635,Barack Obama Donald Trump,0
Joe Biden,635,Barack Obama Elizabeth Warren,0
Joe Biden,635,Barack Obama George W. Bush,0
Joe Biden,635,Barack Obama Hillary Clinton,0
Joe Biden,635,Barack Obama Richard Nixon,0
Joe Biden,635,Barack Obama Ronald Reagan,1
Joe Biden,635,Bernie Sanders Donald Trump,0
Joe Biden,635,Bernie Sanders Elizabeth Warren,0
Joe Biden,635,Bernie Sanders George W. Bush,0
Joe Biden,635,Bernie Sanders Hillary Clinton,0
Joe Biden,635,Bernie Sanders Richard Nixon,0
Joe Biden,635,Bernie Sanders Ronald Reagan,0
Joe Biden,635,Donald Trump Elizabeth Warren,0
Joe Biden,635,Donald Trump George W. Bush,0
Joe Biden,635,Donald Trump Hillary Clinton,0
Joe Biden,635,Donald Trump Richard Nixon,0
Joe Biden,635,Donald Trump Ronald Reagan,0
Joe Biden,635,Elizabeth Warren George W. Bush,0
Joe Biden,635,Elizabeth Warren Hillary Clinton,0
Joe Biden,635,Elizabeth Warren Richard Nixon,0
Joe Biden,635,Elizabeth Warren Ronald Reagan,0
Joe Biden,635,George W. Bush Hillary Clinton,0
Joe Biden,635,George W. Bush Richard Nixon,0
Joe Biden,635,George W. Bush Ronald Reagan,1
Joe Biden,635,Hillary Clinton Richard Nixon,0
Joe Biden,635,Hillary Clinton Ronald Reagan,0
Joe Biden,635,Richard Nixon Ronald Reagan,0
Barack Obama,636,Abraham Lincoln Bernie Sanders,0
Barack Obama,636,Abraham Lincoln Donald Trump,0
Barack Obama,636,Abraham Lincoln Elizabeth Warren,0
Barack Obama,636,Abraham Lincoln George W. Bush,0
Barack Obama,636,Abraham Lincoln Hillary Clinton,0
Barack Obama,636,Abraham Lincoln Joe Biden,0
Barack Obama,636,Abraham Lincoln Richard Nixon,0
Barack Obama,636,Abraham Lincoln Ronald Reagan,0
Barack Obama,636,Bernie Sanders Donald Trump,0
Barack Obama,636,Bernie Sanders Elizabeth Warren,0
Barack Obama,636,Bernie Sanders George W. Bush,0
Barack Obama,636,Bernie Sanders Hillary Clinton,0
Barack Obama,636,Bernie Sanders Joe Biden,0
Barack Obama,636,Bernie Sanders Richard Nixon,0
Barack Obama,636,Bernie Sanders Ronald Reagan,0
Barack Obama,636,Donald Trump Elizabeth Warren,0
Barack Obama,636,Donald Trump George W. Bush,0
Barack Obama,636,Donald Trump Hillary Clinton,0
Barack Obama,636,Donald Trump Joe Biden,0
Barack Obama,636,Donald Trump Richard Nixon,1
Barack Obama,636,Donald Trump Ronald Reagan,0
Barack Obama,636,Elizabeth Warren George W. Bush,0
Barack Obama,636,Elizabeth Warren Hillary Clinton,0
Barack Obama,636,Elizabeth Warren Joe Biden,0
Barack Obama,636,Elizabeth Warren Richard Nixon,0
Barack Obama,636,Elizabeth Warren Ronald Reagan,0
Barack Obama,636,George W. Bush Hillary Clinton,0
Barack Obama,636,George W. Bush Joe Biden,1
Barack Obama,636,George W. Bush Richard Nixon,0
Barack Obama,636,George W. Bush Ronald Reagan,0
Barack Obama,636,Hillary Clinton Joe Biden,0
Barack Obama,636,Hillary Clinton Richard Nixon,0
Barack Obama,636,Hillary Clinton Ronald Reagan,0
Barack Obama,636,Joe Biden Richard Nixon,0
Barack Obama,636,Joe Biden Ronald Reagan,0
Barack Obama,636,Richard Nixon Ronald Reagan,0
Elizabeth Warren,637,Abraham Lincoln Barack Obama,0
Elizabeth Warren,637,Abraham Lincoln Bernie Sanders,0
Elizabeth Warren,637,Abraham Lincoln Donald Trump,0
Elizabeth Warren,637,Abraham Lincoln George W. Bush,1
Elizabeth Warren,637,Abraham Lincoln Hillary Clinton,0
Elizabeth Warren,637,Abraham Lincoln Joe Biden,0
Elizabeth Warren,637,Abraham Lincoln Richard Nixon,0
Elizabeth Warren,637,Abraham Lincoln Ronald Reagan,0
Elizabeth Warren,637,Barack Obama Bernie Sanders,1
Elizabeth Warren,637,Barack Obama Donald Trump,0
Elizabeth Warren,637,Barack Obama George W. Bush,0
Elizabeth Warren,637,Barack Obama Hillary Clinton,0
Elizabeth Warren,637,Barack Obama Joe Biden,0
Elizabeth Warren,637,Barack Obama Richard Nixon,0
Elizabeth Warren,637,Barack Obama Ronald Reagan,0
Elizabeth Warren,637,Bernie Sanders Donald Trump,0
Elizabeth Warren,637,Bernie Sanders George W. Bush,0
Elizabeth Warren,637,Bernie Sanders Hillary Clinton,0
Elizabeth Warren,637,Bernie Sanders Joe Biden,0
Elizabeth Warren,637,Bernie Sanders Richard Nixon,0
Elizabeth Warren,637,Bernie Sanders Ronald Reagan,0
Elizabeth Warren,637,Donald Trump George W. Bush,0
Elizabeth Warren,637,Donald Trump Hillary Clinton,0
Elizabeth Warren,637,Donald Trump Joe Biden,0
Elizabeth Warren,637,Donald Trump Richard Nixon,0
Elizabeth Warren,637,Donald Trump Ronald Reagan,0
Elizabeth Warren,637,George W. Bush Hillary Clinton,0
Elizabeth Warren,637,George W. Bush Joe Biden,0
Elizabeth Warren,637,George W. Bush Richard Nixon,0
Elizabeth Warren,637,George W. Bush Ronald Reagan,0
Elizabeth Warren,637,Hillary Clinton Joe Biden,0
Elizabeth Warren,637,Hillary Clinton Richard Nixon,1
Elizabeth Warren,637,Hillary Clinton Ronald Reagan,0
Elizabeth Warren,637,Joe Biden Richard Nixon,1
Elizabeth Warren,637,Joe Biden Ronald Reagan,0
Elizabeth Warren,637,Richard Nixon Ronald Reagan,0
Hillary Clinton,638,Abraham Lincoln Barack Obama,0
Hillary Clinton,638,Abraham Lincoln Bernie Sanders,0
Hillary Clinton,638,Abraham Lincoln Donald Trump,0
Hillary Clinton,638,Abraham Lincoln Elizabeth Warren,0
Hillary Clinton,638,Abraham Lincoln George W. Bush,0
Hillary Clinton,638,Abraham Lincoln Joe Biden,0
Hillary Clinton,638,Abraham Lincoln Richard Nixon,1
Hillary Clinton,638,Abraham Lincoln Ronald Reagan,0
Hillary Clinton,638,Barack Obama Bernie Sanders,0
Hillary Clinton,638,Barack Obama Donald Trump,0
Hillary Clinton,638,Barack Obama Elizabeth Warren,0
Hillary Clinton,638,Barack Obama George W. Bush,0
Hillary Clinton,638,Barack Obama Joe Biden,0
Hillary Clinton,638,Barack Obama Richard Nixon,0
Hillary Clinton,638,Barack Obama Ronald Reagan,0
Hillary Clinton,638,Bernie Sanders Donald Trump,0
Hillary Clinton,638,Bernie Sanders Elizabeth Warren,0
Hillary Clinton,638,Bernie Sanders George W. Bush,0
Hillary Clinton,638,Bernie Sanders Joe Biden,0
Hillary Clinton,638,Bernie Sanders Richard Nixon,0
Hillary Clinton,638,Bernie Sanders Ronald Reagan,0
Hillary Clinton,638,Donald Trump Elizabeth Warren,0
Hillary Clinton,638,Donald Trump George W. Bush,0
Hillary Clinton,638,Donald Trump Joe Biden,0
Hillary Clinton,638,Donald Trump Ronald Reagan,1
Hillary Clinton,638,Elizabeth Warren George W. Bush,0
Hillary Clinton,638,Elizabeth Warren Joe Biden,0
Hillary Clinton,638,Elizabeth Warren Richard Nixon,0
Hillary Clinton,638,Elizabeth Warren Ronald Reagan,1
Hillary Clinton,638,George W. Bush Joe Biden,0
Hillary Clinton,638,George W. Bush Richard Nixon,0
Hillary Clinton,638,George W. Bush Ronald Reagan,0
Hillary Clinton,638,Joe Biden Richard Nixon,0
Hillary Clinton,638,Joe Biden Ronald Reagan,0
Hillary Clinton,638,Richard Nixon Ronald Reagan,1
Joe Biden,639,Abraham Lincoln Barack Obama,0
Joe Biden,639,Abraham Lincoln Bernie Sanders,0
Joe Biden,639,Abraham Lincoln Donald Trump,0
Joe Biden,639,Abraham Lincoln Elizabeth Warren,0
Joe Biden,639,Abraham Lincoln George W. Bush,0
Joe Biden,639,Abraham Lincoln Hillary Clinton,0
Joe Biden,639,Abraham Lincoln Richard Nixon,0
Joe Biden,639,Abraham Lincoln Ronald Reagan,0
Joe Biden,639,Barack Obama Bernie Sanders,0
Joe Biden,639,Barack Obama Donald Trump,0
Joe Biden,639,Barack Obama Elizabeth Warren,0
Joe Biden,639,Barack Obama George W. Bush,0
Joe Biden,639,Barack Obama Hillary Clinton,0
Joe Biden,639,Barack Obama Richard Nixon,0
Joe Biden,639,Barack Obama Ronald Reagan,0
Joe Biden,639,Bernie Sanders Donald Trump,0
Joe Biden,639,Bernie Sanders Elizabeth Warren,0
Joe Biden,639,Bernie Sanders George W. Bush,0
Joe Biden,639,Bernie Sanders Hillary Clinton,0
Joe Biden,639,Bernie Sanders Richard Nixon,0
Joe Biden,639,Bernie Sanders Ronald Reagan,0
Joe Biden,639,Donald Trump Elizabeth Warren,0
Joe Biden,639,Donald Trump George W. Bush,0
Joe Biden,639,Donald Trump Hillary Clinton,0
Joe Biden,639,Donald Trump Richard Nixon,0
Joe Biden,639,Donald Trump Ronald Reagan,0
Joe Biden,639,Elizabeth Warren George W. Bush,1
Joe Biden,639,Elizabeth Warren Hillary Clinton,0
Joe Biden,639,George W. Bush Hillary Clinton,0
Joe Biden,639,George W. Bush Richard Nixon,0
Joe Biden,639,George W. Bush Ronald Reagan,0
Joe Biden,639,Hillary Clinton Richard Nixon,0
Joe Biden,639,Hillary Clinton Ronald Reagan,0
Joe Biden,639,Richard Nixon Ronald Reagan,0
Abraham Lincoln,640,Barack Obama Bernie Sanders,0
Abraham Lincoln,640,Barack Obama Donald Trump,0
Abraham Lincoln,640,Barack Obama Elizabeth Warren,0
Abraham Lincoln,640,Barack Obama George W. Bush,0
Abraham Lincoln,640,Barack Obama Hillary Clinton,1
Abraham Lincoln,640,Barack Obama Joe Biden,0
Abraham Lincoln,640,Barack Obama Richard Nixon,0
Abraham Lincoln,640,Barack Obama Ronald Reagan,0
Abraham Lincoln,640,Bernie Sanders Donald Trump,0
Abraham Lincoln,640,Bernie Sanders Elizabeth Warren,0
Abraham Lincoln,640,Bernie Sanders George W. Bush,0
Abraham Lincoln,640,Bernie Sanders Hillary Clinton,0
Abraham Lincoln,640,Bernie Sanders Joe Biden,0
Abraham Lincoln,640,Bernie Sanders Richard Nixon,0
Abraham Lincoln,640,Bernie Sanders Ronald Reagan,0
Abraham Lincoln,640,Donald Trump Elizabeth Warren,0
Abraham Lincoln,640,Donald Trump George W. Bush,0
Abraham Lincoln,640,Donald Trump Hillary Clinton,0
Abraham Lincoln,640,Donald Trump Joe Biden,0
Abraham Lincoln,640,Donald Trump Richard Nixon,0
Abraham Lincoln,640,Donald Trump Ronald Reagan,0
Abraham Lincoln,640,Elizabeth Warren George W. Bush,1
Abraham Lincoln,640,Elizabeth Warren Hillary Clinton,0
Abraham Lincoln,640,Elizabeth Warren Joe Biden,0
Abraham Lincoln,640,Elizabeth Warren Richard Nixon,0
Abraham Lincoln,640,Elizabeth Warren Ronald Reagan,0
Abraham Lincoln,640,George W. Bush Hillary Clinton,0
Abraham Lincoln,640,George W. Bush Richard Nixon,0
Abraham Lincoln,640,Hillary Clinton Joe Biden,0
Abraham Lincoln,640,Hillary Clinton Richard Nixon,0
Abraham Lincoln,640,Hillary Clinton Ronald Reagan,1
Abraham Lincoln,640,Joe Biden Richard Nixon,0
Abraham Lincoln,640,Richard Nixon Ronald Reagan,0
George W. Bush,641,Abraham Lincoln Barack Obama,0
George W. Bush,641,Abraham Lincoln Bernie Sanders,0
George W. Bush,641,Abraham Lincoln Donald Trump,0
George W. Bush,641,Abraham Lincoln Elizabeth Warren,0
George W. Bush,641,Abraham Lincoln Hillary Clinton,0
George W. Bush,641,Abraham Lincoln Joe Biden,0
George W. Bush,641,Abraham Lincoln Richard Nixon,0
George W. Bush,641,Abraham Lincoln Ronald Reagan,0
George W. Bush,641,Barack Obama Bernie Sanders,0
George W. Bush,641,Barack Obama Donald Trump,0
George W. Bush,641,Barack Obama Elizabeth Warren,0
George W. Bush,641,Barack Obama Hillary Clinton,0
George W. Bush,641,Barack Obama Joe Biden,0
George W. Bush,641,Barack Obama Richard Nixon,0
George W. Bush,641,Barack Obama Ronald Reagan,0
George W. Bush,641,Bernie Sanders Donald Trump,0
George W. Bush,641,Bernie Sanders Elizabeth Warren,0
George W. Bush,641,Bernie Sanders Hillary Clinton,0
George W. Bush,641,Bernie Sanders Joe Biden,0
George W. Bush,641,Bernie Sanders Richard Nixon,0
George W. Bush,641,Bernie Sanders Ronald Reagan,0
George W. Bush,641,Donald Trump Elizabeth Warren,0
George W. Bush,641,Donald Trump Hillary Clinton,0
George W. Bush,641,Donald Trump Joe Biden,0
George W. Bush,641,Donald Trump Richard Nixon,0
George W. Bush,641,Donald Trump Ronald Reagan,1
George W. Bush,641,Elizabeth Warren Hillary Clinton,0
George W. Bush,641,Elizabeth Warren Joe Biden,0
George W. Bush,641,Elizabeth Warren Richard Nixon,0
George W. Bush,641,Elizabeth Warren Ronald Reagan,0
George W. Bush,641,Hillary Clinton Joe Biden,0
George W. Bush,641,Hillary Clinton Richard Nixon,1
George W. Bush,641,Hillary Clinton Ronald Reagan,0
George W. Bush,641,Joe Biden Richard Nixon,0
George W. Bush,641,Joe Biden Ronald Reagan,0
George W. Bush,641,Richard Nixon Ronald Reagan,0
Abraham Lincoln,642,Barack Obama Bernie Sanders,0
Abraham Lincoln,642,Barack Obama Elizabeth Warren,0
Abraham Lincoln,642,Barack Obama George W. Bush,0
Abraham Lincoln,642,Barack Obama Hillary Clinton,0
Abraham Lincoln,642,Barack Obama Joe Biden,0
Abraham Lincoln,642,Barack Obama Richard Nixon,0
Abraham Lincoln,642,Barack Obama Ronald Reagan,1
Abraham Lincoln,642,Bernie Sanders Donald Trump,0
Abraham Lincoln,642,Bernie Sanders Elizabeth Warren,0
Abraham Lincoln,642,Bernie Sanders George W. Bush,0
Abraham Lincoln,642,Bernie Sanders Hillary Clinton,0
Abraham Lincoln,642,Bernie Sanders Joe Biden,0
Abraham Lincoln,642,Bernie Sanders Richard Nixon,0
Abraham Lincoln,642,Bernie Sanders Ronald Reagan,0
Abraham Lincoln,642,Donald Trump Elizabeth Warren,0
Abraham Lincoln,642,Donald Trump George W. Bush,0
Abraham Lincoln,642,Donald Trump Hillary Clinton,0
Abraham Lincoln,642,Donald Trump Joe Biden,0
Abraham Lincoln,642,Donald Trump Richard Nixon,0
Abraham Lincoln,642,Donald Trump Ronald Reagan,0
Abraham Lincoln,642,Elizabeth Warren George W. Bush,0
Abraham Lincoln,642,Elizabeth Warren Hillary Clinton,0
Abraham Lincoln,642,Elizabeth Warren Joe Biden,0
Abraham Lincoln,642,Elizabeth Warren Richard Nixon,0
Abraham Lincoln,642,Elizabeth Warren Ronald Reagan,1
Abraham Lincoln,642,George W. Bush Joe Biden,0
Abraham Lincoln,642,George W. Bush Richard Nixon,0
Abraham Lincoln,642,George W. Bush Ronald Reagan,0
Abraham Lincoln,642,Hillary Clinton Joe Biden,0
Abraham Lincoln,642,Joe Biden Richard Nixon,0
Abraham Lincoln,642,Joe Biden Ronald Reagan,0
Abraham Lincoln,642,Richard Nixon Ronald Reagan,0
Barack Obama,643,Abraham Lincoln Bernie Sanders,0
Barack Obama,643,Abraham Lincoln Donald Trump,0
Barack Obama,643,Abraham Lincoln Elizabeth Warren,0
Barack Obama,643,Abraham Lincoln George W. Bush,0
Barack Obama,643,Abraham Lincoln Hillary Clinton,0
Barack Obama,643,Abraham Lincoln Joe Biden,0
Barack Obama,643,Abraham Lincoln Richard Nixon,0
Barack Obama,643,Abraham Lincoln Ronald Reagan,0
Barack Obama,643,Bernie Sanders Donald Trump,0
Barack Obama,643,Bernie Sanders Elizabeth Warren,0
Barack Obama,643,Bernie Sanders George W. Bush,0
Barack Obama,643,Bernie Sanders Hillary Clinton,0
Barack Obama,643,Bernie Sanders Joe Biden,0
Barack Obama,643,Bernie Sanders Richard Nixon,0
Barack Obama,643,Bernie Sanders Ronald Reagan,0
Barack Obama,643,Donald Trump Elizabeth Warren,0
Barack Obama,643,Donald Trump George W. Bush,0
Barack Obama,643,Donald Trump Hillary Clinton,0
Barack Obama,643,Donald Trump Joe Biden,0
Barack Obama,643,Donald Trump Richard Nixon,0
Barack Obama,643,Elizabeth Warren George W. Bush,0
Barack Obama,643,Elizabeth Warren Hillary Clinton,0
Barack Obama,643,Elizabeth Warren Joe Biden,0
Barack Obama,643,Elizabeth Warren Richard Nixon,0
Barack Obama,643,Elizabeth Warren Ronald Reagan,0
Barack Obama,643,George W. Bush Hillary Clinton,0
Barack Obama,643,George W. Bush Joe Biden,0
Barack Obama,643,George W. Bush Richard Nixon,1
Barack Obama,643,George W. Bush Ronald Reagan,0
Barack Obama,643,Hillary Clinton Joe Biden,0
Barack Obama,643,Hillary Clinton Richard Nixon,0
Barack Obama,643,Hillary Clinton Ronald Reagan,0
Barack Obama,643,Joe Biden Richard Nixon,0
Barack Obama,643,Joe Biden Ronald Reagan,0
Barack Obama,643,Richard Nixon Ronald Reagan,0
Abraham Lincoln,644,Barack Obama Bernie Sanders,0
Abraham Lincoln,644,Barack Obama Donald Trump,0
Abraham Lincoln,644,Barack Obama Elizabeth Warren,0
Abraham Lincoln,644,Barack Obama George W. Bush,0
Abraham Lincoln,644,Barack Obama Hillary Clinton,0
Abraham Lincoln,644,Barack Obama Joe Biden,0
Abraham Lincoln,644,Barack Obama Richard Nixon,0
Abraham Lincoln,644,Barack Obama Ronald Reagan,0
Abraham Lincoln,644,Bernie Sanders Donald Trump,0
Abraham Lincoln,644,Bernie Sanders Elizabeth Warren,0
Abraham Lincoln,644,Bernie Sanders George W. Bush,0
Abraham Lincoln,644,Bernie Sanders Hillary Clinton,0
Abraham Lincoln,644,Bernie Sanders Joe Biden,0
Abraham Lincoln,644,Bernie Sanders Richard Nixon,0
Abraham Lincoln,644,Bernie Sanders Ronald Reagan,0
Abraham Lincoln,644,Donald Trump Elizabeth Warren,0
Abraham Lincoln,644,Donald Trump George W. Bush,0
Abraham Lincoln,644,Donald Trump Hillary Clinton,0
Abraham Lincoln,644,Donald Trump Joe Biden,0
Abraham Lincoln,644,Donald Trump Richard Nixon,0
Abraham Lincoln,644,Donald Trump Ronald Reagan,0
Abraham Lincoln,644,Elizabeth Warren George W. Bush,0
Abraham Lincoln,644,Elizabeth Warren Hillary Clinton,0
Abraham Lincoln,644,Elizabeth Warren Joe Biden,0
Abraham Lincoln,644,Elizabeth Warren Richard Nixon,0
Abraham Lincoln,644,George W. Bush Joe Biden,0
Abraham Lincoln,644,George W. Bush Ronald Reagan,0
Abraham Lincoln,644,Hillary Clinton Joe Biden,0
Abraham Lincoln,644,Hillary Clinton Richard Nixon,1
Abraham Lincoln,644,Hillary Clinton Ronald Reagan,0
Abraham Lincoln,644,Joe Biden Richard Nixon,0
Abraham Lincoln,644,Joe Biden Ronald Reagan,0
Abraham Lincoln,644,Richard Nixon Ronald Reagan,0
Elizabeth Warren,645,Abraham Lincoln Barack Obama,0
Elizabeth Warren,645,Abraham Lincoln Bernie Sanders,0
Elizabeth Warren,645,Abraham Lincoln Donald Trump,0
Elizabeth Warren,645,Abraham Lincoln George W. Bush,0
Elizabeth Warren,645,Abraham Lincoln Hillary Clinton,0
Elizabeth Warren,645,Abraham Lincoln Joe Biden,0
Elizabeth Warren,645,Abraham Lincoln Ronald Reagan,0
Elizabeth Warren,645,Barack Obama Bernie Sanders,0
Elizabeth Warren,645,Barack Obama Donald Trump,0
Elizabeth Warren,645,Barack Obama George W. Bush,0
Elizabeth Warren,645,Barack Obama Hillary Clinton,0
Elizabeth Warren,645,Barack Obama Joe Biden,0
Elizabeth Warren,645,Barack Obama Richard Nixon,0
Elizabeth Warren,645,Barack Obama Ronald Reagan,0
Elizabeth Warren,645,Bernie Sanders Donald Trump,0
Elizabeth Warren,645,Bernie Sanders George W. Bush,0
Elizabeth Warren,645,Bernie Sanders Joe Biden,0
Elizabeth Warren,645,Bernie Sanders Richard Nixon,0
Elizabeth Warren,645,Bernie Sanders Ronald Reagan,0
Elizabeth Warren,645,Donald Trump George W. Bush,0
Elizabeth Warren,645,Donald Trump Hillary Clinton,0
Elizabeth Warren,645,Donald Trump Joe Biden,0
Elizabeth Warren,645,Donald Trump Richard Nixon,0
Elizabeth Warren,645,Donald Trump Ronald Reagan,0
Elizabeth Warren,645,George W. Bush Hillary Clinton,1
Elizabeth Warren,645,George W. Bush Joe Biden,0
Elizabeth Warren,645,George W. Bush Richard Nixon,0
Elizabeth Warren,645,George W. Bush Ronald Reagan,0
Elizabeth Warren,645,Hillary Clinton Joe Biden,0
Elizabeth Warren,645,Hillary Clinton Ronald Reagan,0
Elizabeth Warren,645,Joe Biden Richard Nixon,0
Elizabeth Warren,645,Joe Biden Ronald Reagan,0
Elizabeth Warren,645,Richard Nixon Ronald Reagan,0
Ronald Reagan,646,Abraham Lincoln Barack Obama,0
Ronald Reagan,646,Abraham Lincoln Bernie Sanders,0
Ronald Reagan,646,Abraham Lincoln Donald Trump,0
Ronald Reagan,646,Abraham Lincoln Elizabeth Warren,0
Ronald Reagan,646,Abraham Lincoln George W. Bush,0
Ronald Reagan,646,Abraham Lincoln Hillary Clinton,0
Ronald Reagan,646,Abraham Lincoln Joe Biden,0
Ronald Reagan,646,Abraham Lincoln Richard Nixon,0
Ronald Reagan,646,Barack Obama Bernie Sanders,0
Ronald Reagan,646,Barack Obama Donald Trump,0
Ronald Reagan,646,Barack Obama Elizabeth Warren,0
Ronald Reagan,646,Barack Obama George W. Bush,0
Ronald Reagan,646,Barack Obama Hillary Clinton,0
Ronald Reagan,646,Barack Obama Joe Biden,0
Ronald Reagan,646,Barack Obama Richard Nixon,0
Ronald Reagan,646,Bernie Sanders Donald Trump,0
Ronald Reagan,646,Bernie Sanders Elizabeth Warren,0
Ronald Reagan,646,Bernie Sanders George W. Bush,0
Ronald Reagan,646,Bernie Sanders Joe Biden,0
Ronald Reagan,646,Bernie Sanders Richard Nixon,0
Ronald Reagan,646,Donald Trump Elizabeth Warren,0
Ronald Reagan,646,Donald Trump George W. Bush,0
Ronald Reagan,646,Donald Trump Hillary Clinton,0
Ronald Reagan,646,Donald Trump Joe Biden,0
Ronald Reagan,646,Donald Trump Richard Nixon,0
Ronald Reagan,646,Elizabeth Warren George W. Bush,0
Ronald Reagan,646,Elizabeth Warren Hillary Clinton,0
Ronald Reagan,646,Elizabeth Warren Joe Biden,0
Ronald Reagan,646,Elizabeth Warren Richard Nixon,0
Ronald Reagan,646,George W. Bush Hillary Clinton,0
Ronald Reagan,646,George W. Bush Richard Nixon,0
Ronald Reagan,646,Hillary Clinton Joe Biden,0
Ronald Reagan,646,Hillary Clinton Richard Nixon,0
Richard Nixon,647,Abraham Lincoln Barack Obama,0
Richard Nixon,647,Abraham Lincoln Bernie Sanders,0
Richard Nixon,647,Abraham Lincoln Donald Trump,0
Richard Nixon,647,Abraham Lincoln Elizabeth Warren,0
Richard Nixon,647,Abraham Lincoln George W. Bush,0
Richard Nixon,647,Abraham Lincoln Hillary Clinton,0
Richard Nixon,647,Abraham Lincoln Joe Biden,0
Richard Nixon,647,Abraham Lincoln Ronald Reagan,0
Richard Nixon,647,Barack Obama Bernie Sanders,1
Richard Nixon,647,Barack Obama Donald Trump,0
Richard Nixon,647,Barack Obama Elizabeth Warren,0
Richard Nixon,647,Barack Obama George W. Bush,0
Richard Nixon,647,Barack Obama Hillary Clinton,0
Richard Nixon,647,Barack Obama Joe Biden,0
Richard Nixon,647,Barack Obama Ronald Reagan,0
Richard Nixon,647,Bernie Sanders Donald Trump,0
Richard Nixon,647,Bernie Sanders Elizabeth Warren,0
Richard Nixon,647,Bernie Sanders George W. Bush,0
Richard Nixon,647,Bernie Sanders Hillary Clinton,1
Richard Nixon,647,Bernie Sanders Joe Biden,0
Richard Nixon,647,Bernie Sanders Ronald Reagan,0
Richard Nixon,647,Donald Trump Elizabeth Warren,0
Richard Nixon,647,Donald Trump George W. Bush,0
Richard Nixon,647,Donald Trump Hillary Clinton,0
Richard Nixon,647,Donald Trump Joe Biden,0
Richard Nixon,647,Donald Trump Ronald Reagan,0
Richard Nixon,647,Elizabeth Warren George W. Bush,0
Richard Nixon,647,Elizabeth Warren Hillary Clinton,0
Richard Nixon,647,Elizabeth Warren Joe Biden,0
Richard Nixon,647,Elizabeth Warren Ronald Reagan,0
Richard Nixon,647,George W. Bush Hillary Clinton,0
Richard Nixon,647,George W. Bush Joe Biden,0
Richard Nixon,647,George W. Bush Ronald Reagan,0
Richard Nixon,647,Hillary Clinton Joe Biden,0
Richard Nixon,647,Joe Biden Ronald Reagan,0
George W. Bush,648,Abraham Lincoln Barack Obama,0
George W. Bush,648,Abraham Lincoln Bernie Sanders,0
George W. Bush,648,Abraham Lincoln Donald Trump,0
George W. Bush,648,Abraham Lincoln Elizabeth Warren,0
George W. Bush,648,Abraham Lincoln Hillary Clinton,0
George W. Bush,648,Abraham Lincoln Joe Biden,0
George W. Bush,648,Abraham Lincoln Richard Nixon,0
George W. Bush,648,Abraham Lincoln Ronald Reagan,0
George W. Bush,648,Barack Obama Bernie Sanders,0
George W. Bush,648,Barack Obama Donald Trump,0
George W. Bush,648,Barack Obama Elizabeth Warren,0
George W. Bush,648,Barack Obama Hillary Clinton,0
George W. Bush,648,Barack Obama Richard Nixon,0
George W. Bush,648,Barack Obama Ronald Reagan,0
George W. Bush,648,Bernie Sanders Donald Trump,0
George W. Bush,648,Bernie Sanders Elizabeth Warren,0
George W. Bush,648,Bernie Sanders Hillary Clinton,0
George W. Bush,648,Bernie Sanders Joe Biden,0
George W. Bush,648,Bernie Sanders Richard Nixon,0
George W. Bush,648,Bernie Sanders Ronald Reagan,0
George W. Bush,648,Donald Trump Elizabeth Warren,0
George W. Bush,648,Donald Trump Hillary Clinton,0
George W. Bush,648,Donald Trump Richard Nixon,0
George W. Bush,648,Donald Trump Ronald Reagan,0
George W. Bush,648,Elizabeth Warren Hillary Clinton,0
George W. Bush,648,Elizabeth Warren Joe Biden,0
George W. Bush,648,Elizabeth Warren Richard Nixon,0
George W. Bush,648,Elizabeth Warren Ronald Reagan,0
George W. Bush,648,Hillary Clinton Joe Biden,0
George W. Bush,648,Hillary Clinton Richard Nixon,0
George W. Bush,648,Hillary Clinton Ronald Reagan,0
George W. Bush,648,Joe Biden Richard Nixon,0
George W. Bush,648,Joe Biden Ronald Reagan,0
George W. Bush,648,Richard Nixon Ronald Reagan,0
Abraham Lincoln,649,Barack Obama Bernie Sanders,0
Abraham Lincoln,649,Barack Obama Donald Trump,0
Abraham Lincoln,649,Barack Obama Elizabeth Warren,0
Abraham Lincoln,649,Barack Obama George W. Bush,0
Abraham Lincoln,649,Barack Obama Hillary Clinton,0
Abraham Lincoln,649,Barack Obama Joe Biden,1
Abraham Lincoln,649,Barack Obama Richard Nixon,0
Abraham Lincoln,649,Barack Obama Ronald Reagan,0
Abraham Lincoln,649,Bernie Sanders Donald Trump,0
Abraham Lincoln,649,Bernie Sanders George W. Bush,0
Abraham Lincoln,649,Bernie Sanders Hillary Clinton,0
Abraham Lincoln,649,Bernie Sanders Joe Biden,0
Abraham Lincoln,649,Bernie Sanders Richard Nixon,0
Abraham Lincoln,649,Bernie Sanders Ronald Reagan,0
Abraham Lincoln,649,Donald Trump Elizabeth Warren,0
Abraham Lincoln,649,Donald Trump George W. Bush,0
Abraham Lincoln,649,Donald Trump Hillary Clinton,0
Abraham Lincoln,649,Donald Trump Joe Biden,0
Abraham Lincoln,649,Donald Trump Richard Nixon,0
Abraham Lincoln,649,Elizabeth Warren George W. Bush,0
Abraham Lincoln,649,Elizabeth Warren Hillary Clinton,0
Abraham Lincoln,649,Elizabeth Warren Joe Biden,0
Abraham Lincoln,649,Elizabeth Warren Richard Nixon,0
Abraham Lincoln,649,Elizabeth Warren Ronald Reagan,0
Abraham Lincoln,649,George W. Bush Hillary Clinton,0
Abraham Lincoln,649,George W. Bush Joe Biden,0
Abraham Lincoln,649,George W. Bush Richard Nixon,0
Abraham Lincoln,649,George W. Bush Ronald Reagan,1
Abraham Lincoln,649,Hillary Clinton Joe Biden,0
Abraham Lincoln,649,Hillary Clinton Richard Nixon,1
Abraham Lincoln,649,Hillary Clinton Ronald Reagan,0
Abraham Lincoln,649,Joe Biden Richard Nixon,0
Abraham Lincoln,649,Joe Biden Ronald Reagan,0
Abraham Lincoln,649,Richard Nixon Ronald Reagan,1
Abraham Lincoln,650,Barack Obama Bernie Sanders,1
Abraham Lincoln,650,Barack Obama Donald Trump,0
Abraham Lincoln,650,Barack Obama Elizabeth Warren,0
Abraham Lincoln,650,Barack Obama George W. Bush,0
Abraham Lincoln,650,Barack Obama Hillary Clinton,0
Abraham Lincoln,650,Barack Obama Joe Biden,0
Abraham Lincoln,650,Barack Obama Ronald Reagan,1
Abraham Lincoln,650,Bernie Sanders Donald Trump,0
Abraham Lincoln,650,Bernie Sanders Elizabeth Warren,0
Abraham Lincoln,650,Bernie Sanders George W. Bush,0
Abraham Lincoln,650,Bernie Sanders Hillary Clinton,0
Abraham Lincoln,650,Bernie Sanders Joe Biden,0
Abraham Lincoln,650,Bernie Sanders Richard Nixon,0
Abraham Lincoln,650,Bernie Sanders Ronald Reagan,0
Abraham Lincoln,650,Donald Trump Elizabeth Warren,0
Abraham Lincoln,650,Donald Trump George W. Bush,0
Abraham Lincoln,650,Donald Trump Hillary Clinton,0
Abraham Lincoln,650,Donald Trump Joe Biden,1
Abraham Lincoln,650,Donald Trump Richard Nixon,0
Abraham Lincoln,650,Donald Trump Ronald Reagan,0
Abraham Lincoln,650,Elizabeth Warren George W. Bush,0
Abraham Lincoln,650,Elizabeth Warren Hillary Clinton,0
Abraham Lincoln,650,Elizabeth Warren Joe Biden,0
Abraham Lincoln,650,Elizabeth Warren Richard Nixon,0
Abraham Lincoln,650,Elizabeth Warren Ronald Reagan,0
Abraham Lincoln,650,George W. Bush Hillary Clinton,0
Abraham Lincoln,650,George W. Bush Joe Biden,0
Abraham Lincoln,650,George W. Bush Richard Nixon,0
Abraham Lincoln,650,George W. Bush Ronald Reagan,0
Abraham Lincoln,650,Hillary Clinton Richard Nixon,0
Abraham Lincoln,650,Hillary Clinton Ronald Reagan,0
Abraham Lincoln,650,Joe Biden Richard Nixon,1
Abraham Lincoln,650,Joe Biden Ronald Reagan,1
Abraham Lincoln,650,Richard Nixon Ronald Reagan,0
Barack Obama,651,Abraham Lincoln Bernie Sanders,0
Barack Obama,651,Abraham Lincoln Donald Trump,0
Barack Obama,651,Abraham Lincoln Elizabeth Warren,0
Barack Obama,651,Abraham Lincoln George W. Bush,0
Barack Obama,651,Abraham Lincoln Hillary Clinton,0
Barack Obama,651,Abraham Lincoln Joe Biden,0
Barack Obama,651,Abraham Lincoln Richard Nixon,0
Barack Obama,651,Abraham Lincoln Ronald Reagan,0
Barack Obama,651,Bernie Sanders Elizabeth Warren,0
Barack Obama,651,Bernie Sanders George W. Bush,0
Barack Obama,651,Bernie Sanders Hillary Clinton,0
Barack Obama,651,Bernie Sanders Richard Nixon,0
Barack Obama,651,Bernie Sanders Ronald Reagan,0
Barack Obama,651,Donald Trump Elizabeth Warren,0
Barack Obama,651,Donald Trump George W. Bush,0
Barack Obama,651,Donald Trump Hillary Clinton,0
Barack Obama,651,Donald Trump Richard Nixon,0
Barack Obama,651,Donald Trump Ronald Reagan,0
Barack Obama,651,Elizabeth Warren George W. Bush,0
Barack Obama,651,Elizabeth Warren Hillary Clinton,0
Barack Obama,651,Elizabeth Warren Joe Biden,0
Barack Obama,651,Elizabeth Warren Richard Nixon,0
Barack Obama,651,Elizabeth Warren Ronald Reagan,0
Barack Obama,651,George W. Bush Hillary Clinton,0
Barack Obama,651,George W. Bush Joe Biden,0
Barack Obama,651,George W. Bush Richard Nixon,0
Barack Obama,651,George W. Bush Ronald Reagan,0
Barack Obama,651,Hillary Clinton Joe Biden,0
Barack Obama,651,Hillary Clinton Richard Nixon,0
Barack Obama,651,Hillary Clinton Ronald Reagan,0
Barack Obama,651,Joe Biden Richard Nixon,0
Barack Obama,651,Joe Biden Ronald Reagan,0
Barack Obama,651,Richard Nixon Ronald Reagan,0
Richard Nixon,652,Abraham Lincoln Barack Obama,0
Richard Nixon,652,Abraham Lincoln Bernie Sanders,0
Richard Nixon,652,Abraham Lincoln Donald Trump,0
Richard Nixon,652,Abraham Lincoln Elizabeth Warren,0
Richard Nixon,652,Abraham Lincoln George W. Bush,0
Richard Nixon,652,Abraham Lincoln Hillary Clinton,0
Richard Nixon,652,Abraham Lincoln Joe Biden,0
Richard Nixon,652,Abraham Lincoln Ronald Reagan,0
Richard Nixon,652,Barack Obama Bernie Sanders,0
Richard Nixon,652,Barack Obama Donald Trump,0
Richard Nixon,652,Barack Obama Elizabeth Warren,0
Richard Nixon,652,Barack Obama George W. Bush,0
Richard Nixon,652,Barack Obama Hillary Clinton,1
Richard Nixon,652,Barack Obama Joe Biden,0
Richard Nixon,652,Bernie Sanders Donald Trump,0
Richard Nixon,652,Bernie Sanders Elizabeth Warren,0
Richard Nixon,652,Bernie Sanders George W. Bush,0
Richard Nixon,652,Bernie Sanders Hillary Clinton,0
Richard Nixon,652,Bernie Sanders Joe Biden,0
Richard Nixon,652,Bernie Sanders Ronald Reagan,0
Richard Nixon,652,Donald Trump George W. Bush,0
Richard Nixon,652,Donald Trump Hillary Clinton,1
Richard Nixon,652,Donald Trump Joe Biden,0
Richard Nixon,652,Donald Trump Ronald Reagan,0
Richard Nixon,652,Elizabeth Warren George W. Bush,0
Richard Nixon,652,Elizabeth Warren Hillary Clinton,0
Richard Nixon,652,Elizabeth Warren Joe Biden,0
Richard Nixon,652,Elizabeth Warren Ronald Reagan,0
Richard Nixon,652,George W. Bush Hillary Clinton,0
Richard Nixon,652,George W. Bush Joe Biden,0
Richard Nixon,652,George W. Bush Ronald Reagan,0
Richard Nixon,652,Hillary Clinton Joe Biden,0
Richard Nixon,652,Hillary Clinton Ronald Reagan,0
Richard Nixon,652,Joe Biden Ronald Reagan,0
Bernie Sanders,653,Abraham Lincoln Barack Obama,0
Bernie Sanders,653,Abraham Lincoln Donald Trump,0
Bernie Sanders,653,Abraham Lincoln Elizabeth Warren,0
Bernie Sanders,653,Abraham Lincoln George W. Bush,0
Bernie Sanders,653,Abraham Lincoln Hillary Clinton,0
Bernie Sanders,653,Abraham Lincoln Joe Biden,0
Bernie Sanders,653,Abraham Lincoln Richard Nixon,0
Bernie Sanders,653,Abraham Lincoln Ronald Reagan,0
Bernie Sanders,653,Barack Obama Donald Trump,0
Bernie Sanders,653,Barack Obama Elizabeth Warren,0
Bernie Sanders,653,Barack Obama George W. Bush,0
Bernie Sanders,653,Barack Obama Hillary Clinton,0
Bernie Sanders,653,Barack Obama Joe Biden,0
Bernie Sanders,653,Barack Obama Ronald Reagan,1
Bernie Sanders,653,Donald Trump Elizabeth Warren,0
Bernie Sanders,653,Donald Trump George W. Bush,0
Bernie Sanders,653,Donald Trump Joe Biden,0
Bernie Sanders,653,Donald Trump Ronald Reagan,0
Bernie Sanders,653,Elizabeth Warren George W. Bush,0
Bernie Sanders,653,Elizabeth Warren Hillary Clinton,0
Bernie Sanders,653,Elizabeth Warren Joe Biden,0
Bernie Sanders,653,Elizabeth Warren Richard Nixon,0
Bernie Sanders,653,Elizabeth Warren Ronald Reagan,0
Bernie Sanders,653,George W. Bush Hillary Clinton,0
Bernie Sanders,653,George W. Bush Richard Nixon,0
Bernie Sanders,653,George W. Bush Ronald Reagan,0
Bernie Sanders,653,Hillary Clinton Joe Biden,0
Bernie Sanders,653,Hillary Clinton Richard Nixon,1
Bernie Sanders,653,Hillary Clinton Ronald Reagan,0
Bernie Sanders,653,Joe Biden Richard Nixon,1
Bernie Sanders,653,Joe Biden Ronald Reagan,0
Bernie Sanders,653,Richard Nixon Ronald Reagan,0
Abraham Lincoln,654,Barack Obama Bernie Sanders,0
Abraham Lincoln,654,Barack Obama Elizabeth Warren,0
Abraham Lincoln,654,Barack Obama George W. Bush,0
Abraham Lincoln,654,Barack Obama Hillary Clinton,0
Abraham Lincoln,654,Barack Obama Richard Nixon,0
Abraham Lincoln,654,Bernie Sanders Donald Trump,0
Abraham Lincoln,654,Bernie Sanders Elizabeth Warren,0
Abraham Lincoln,654,Bernie Sanders Hillary Clinton,0
Abraham Lincoln,654,Bernie Sanders Joe Biden,0
Abraham Lincoln,654,Bernie Sanders Richard Nixon,0
Abraham Lincoln,654,Bernie Sanders Ronald Reagan,0
Abraham Lincoln,654,Donald Trump George W. Bush,0
Abraham Lincoln,654,Donald Trump Hillary Clinton,0
Abraham Lincoln,654,Donald Trump Joe Biden,0
Abraham Lincoln,654,Donald Trump Ronald Reagan,0
Abraham Lincoln,654,Elizabeth Warren George W. Bush,0
Abraham Lincoln,654,Elizabeth Warren Hillary Clinton,0
Abraham Lincoln,654,Elizabeth Warren Joe Biden,0
Abraham Lincoln,654,Elizabeth Warren Richard Nixon,0
Abraham Lincoln,654,Elizabeth Warren Ronald Reagan,0
Abraham Lincoln,654,George W. Bush Hillary Clinton,1
Abraham Lincoln,654,George W. Bush Joe Biden,0
Abraham Lincoln,654,George W. Bush Ronald Reagan,0
Abraham Lincoln,654,Hillary Clinton Joe Biden,0
Abraham Lincoln,654,Hillary Clinton Richard Nixon,0
Abraham Lincoln,654,Hillary Clinton Ronald Reagan,0
Abraham Lincoln,654,Joe Biden Richard Nixon,0
Abraham Lincoln,654,Joe Biden Ronald Reagan,0
Abraham Lincoln,654,Richard Nixon Ronald Reagan,0
Elizabeth Warren,655,Abraham Lincoln Barack Obama,0
Elizabeth Warren,655,Abraham Lincoln Bernie Sanders,0
Elizabeth Warren,655,Abraham Lincoln Donald Trump,0
Elizabeth Warren,655,Abraham Lincoln George W. Bush,0
Elizabeth Warren,655,Abraham Lincoln Hillary Clinton,0
Elizabeth Warren,655,Abraham Lincoln Joe Biden,0
Elizabeth Warren,655,Abraham Lincoln Richard Nixon,0
Elizabeth Warren,655,Abraham Lincoln Ronald Reagan,0
Elizabeth Warren,655,Barack Obama Bernie Sanders,0
Elizabeth Warren,655,Barack Obama Donald Trump,0
Elizabeth Warren,655,Barack Obama George W. Bush,0
Elizabeth Warren,655,Barack Obama Hillary Clinton,0
Elizabeth Warren,655,Barack Obama Joe Biden,1
Elizabeth Warren,655,Barack Obama Richard Nixon,0
Elizabeth Warren,655,Barack Obama Ronald Reagan,0
Elizabeth Warren,655,Bernie Sanders Donald Trump,0
Elizabeth Warren,655,Bernie Sanders George W. Bush,0
Elizabeth Warren,655,Bernie Sanders Hillary Clinton,0
Elizabeth Warren,655,Bernie Sanders Joe Biden,0
Elizabeth Warren,655,Bernie Sanders Richard Nixon,0
Elizabeth Warren,655,Bernie Sanders Ronald Reagan,0
Elizabeth Warren,655,Donald Trump George W. Bush,0
Elizabeth Warren,655,Donald Trump Hillary Clinton,0
Elizabeth Warren,655,Donald Trump Joe Biden,0
Elizabeth Warren,655,Donald Trump Richard Nixon,0
Elizabeth Warren,655,Donald Trump Ronald Reagan,0
Elizabeth Warren,655,George W. Bush Hillary Clinton,0
Elizabeth Warren,655,George W. Bush Joe Biden,0
Elizabeth Warren,655,George W. Bush Richard Nixon,0
Elizabeth Warren,655,George W. Bush Ronald Reagan,0
Elizabeth Warren,655,Hillary Clinton Joe Biden,0
Elizabeth Warren,655,Hillary Clinton Richard Nixon,0
Elizabeth Warren,655,Hillary Clinton Ronald Reagan,0
Elizabeth Warren,655,Joe Biden Richard Nixon,0
Elizabeth Warren,655,Joe Biden Ronald Reagan,0
Hillary Clinton,656,Abraham Lincoln Barack Obama,0
Hillary Clinton,656,Abraham Lincoln Bernie Sanders,0
Hillary Clinton,656,Abraham Lincoln Donald Trump,0
Hillary Clinton,656,Abraham Lincoln Elizabeth Warren,1
Hillary Clinton,656,Abraham Lincoln George W. Bush,0
Hillary Clinton,656,Abraham Lincoln Joe Biden,1
Hillary Clinton,656,Abraham Lincoln Richard Nixon,0
Hillary Clinton,656,Abraham Lincoln Ronald Reagan,0
Hillary Clinton,656,Barack Obama Bernie Sanders,0
Hillary Clinton,656,Barack Obama Donald Trump,0
Hillary Clinton,656,Barack Obama Elizabeth Warren,0
Hillary Clinton,656,Barack Obama Richard Nixon,1
Hillary Clinton,656,Barack Obama Ronald Reagan,0
Hillary Clinton,656,Bernie Sanders Donald Trump,0
Hillary Clinton,656,Bernie Sanders Elizabeth Warren,0
Hillary Clinton,656,Bernie Sanders George W. Bush,0
Hillary Clinton,656,Bernie Sanders Joe Biden,0
Hillary Clinton,656,Bernie Sanders Richard Nixon,0
Hillary Clinton,656,Bernie Sanders Ronald Reagan,0
Hillary Clinton,656,Donald Trump Elizabeth Warren,0
Hillary Clinton,656,Donald Trump George W. Bush,0
Hillary Clinton,656,Donald Trump Joe Biden,0
Hillary Clinton,656,Donald Trump Richard Nixon,0
Hillary Clinton,656,Donald Trump Ronald Reagan,0
Hillary Clinton,656,Elizabeth Warren George W. Bush,0
Hillary Clinton,656,Elizabeth Warren Joe Biden,0
Hillary Clinton,656,Elizabeth Warren Richard Nixon,0
Hillary Clinton,656,Elizabeth Warren Ronald Reagan,0
Hillary Clinton,656,George W. Bush Joe Biden,0
Hillary Clinton,656,George W. Bush Richard Nixon,1
Hillary Clinton,656,George W. Bush Ronald Reagan,1
Hillary Clinton,656,Joe Biden Richard Nixon,0
Hillary Clinton,656,Joe Biden Ronald Reagan,1
Hillary Clinton,656,Richard Nixon Ronald Reagan,0
George W. Bush,657,Abraham Lincoln Barack Obama,0
George W. Bush,657,Abraham Lincoln Bernie Sanders,0
George W. Bush,657,Abraham Lincoln Donald Trump,0
George W. Bush,657,Abraham Lincoln Elizabeth Warren,0
George W. Bush,657,Abraham Lincoln Hillary Clinton,0
George W. Bush,657,Abraham Lincoln Joe Biden,0
George W. Bush,657,Abraham Lincoln Richard Nixon,0
George W. Bush,657,Abraham Lincoln Ronald Reagan,0
George W. Bush,657,Barack Obama Bernie Sanders,0
George W. Bush,657,Barack Obama Donald Trump,0
George W. Bush,657,Barack Obama Elizabeth Warren,0
George W. Bush,657,Barack Obama Hillary Clinton,1
George W. Bush,657,Barack Obama Joe Biden,0
George W. Bush,657,Barack Obama Richard Nixon,0
George W. Bush,657,Barack Obama Ronald Reagan,0
George W. Bush,657,Bernie Sanders Donald Trump,0
George W. Bush,657,Bernie Sanders Elizabeth Warren,0
George W. Bush,657,Bernie Sanders Hillary Clinton,0
George W. Bush,657,Bernie Sanders Joe Biden,0
George W. Bush,657,Bernie Sanders Richard Nixon,0
George W. Bush,657,Bernie Sanders Ronald Reagan,0
George W. Bush,657,Donald Trump Elizabeth Warren,0
George W. Bush,657,Donald Trump Hillary Clinton,0
George W. Bush,657,Donald Trump Joe Biden,0
George W. Bush,657,Donald Trump Richard Nixon,0
George W. Bush,657,Donald Trump Ronald Reagan,0
George W. Bush,657,Elizabeth Warren Hillary Clinton,0
George W. Bush,657,Elizabeth Warren Joe Biden,0
George W. Bush,657,Elizabeth Warren Richard Nixon,0
George W. Bush,657,Elizabeth Warren Ronald Reagan,0
George W. Bush,657,Hillary Clinton Joe Biden,0
George W. Bush,657,Hillary Clinton Richard Nixon,0
George W. Bush,657,Hillary Clinton Ronald Reagan,1
George W. Bush,657,Joe Biden Richard Nixon,1
George W. Bush,657,Joe Biden Ronald Reagan,0
George W. Bush,657,Richard Nixon Ronald Reagan,0
Abraham Lincoln,658,Barack Obama Bernie Sanders,0
Abraham Lincoln,658,Barack Obama Donald Trump,0
Abraham Lincoln,658,Barack Obama Elizabeth Warren,0
Abraham Lincoln,658,Barack Obama George W. Bush,0
Abraham Lincoln,658,Barack Obama Hillary Clinton,0
Abraham Lincoln,658,Barack Obama Joe Biden,0
Abraham Lincoln,658,Barack Obama Richard Nixon,0
Abraham Lincoln,658,Barack Obama Ronald Reagan,0
Abraham Lincoln,658,Bernie Sanders Donald Trump,0
Abraham Lincoln,658,Bernie Sanders Elizabeth Warren,0
Abraham Lincoln,658,Bernie Sanders Hillary Clinton,0
Abraham Lincoln,658,Bernie Sanders Joe Biden,0
Abraham Lincoln,658,Bernie Sanders Richard Nixon,0
Abraham Lincoln,658,Bernie Sanders Ronald Reagan,0
Abraham Lincoln,658,Donald Trump Elizabeth Warren,0
Abraham Lincoln,658,Donald Trump George W. Bush,0
Abraham Lincoln,658,Donald Trump Hillary Clinton,0
Abraham Lincoln,658,Donald Trump Joe Biden,0
Abraham Lincoln,658,Donald Trump Ronald Reagan,0
Abraham Lincoln,658,Elizabeth Warren George W. Bush,0
Abraham Lincoln,658,Elizabeth Warren Hillary Clinton,0
Abraham Lincoln,658,Elizabeth Warren Richard Nixon,0
Abraham Lincoln,658,Elizabeth Warren Ronald Reagan,0
Abraham Lincoln,658,George W. Bush Hillary Clinton,0
Abraham Lincoln,658,George W. Bush Joe Biden,0
Abraham Lincoln,658,George W. Bush Richard Nixon,0
Abraham Lincoln,658,George W. Bush Ronald Reagan,0
Abraham Lincoln,658,Hillary Clinton Joe Biden,0
Abraham Lincoln,658,Hillary Clinton Richard Nixon,0
Abraham Lincoln,658,Hillary Clinton Ronald Reagan,0
Abraham Lincoln,658,Joe Biden Ronald Reagan,0
Abraham Lincoln,658,Richard Nixon Ronald Reagan,0
Elizabeth Warren,659,Abraham Lincoln Barack Obama,0
Elizabeth Warren,659,Abraham Lincoln Bernie Sanders,0
Elizabeth Warren,659,Abraham Lincoln Donald Trump,0
Elizabeth Warren,659,Abraham Lincoln George W. Bush,0
Elizabeth Warren,659,Abraham Lincoln Joe Biden,0
Elizabeth Warren,659,Abraham Lincoln Richard Nixon,0
Elizabeth Warren,659,Abraham Lincoln Ronald Reagan,0
Elizabeth Warren,659,Barack Obama Bernie Sanders,0
Elizabeth Warren,659,Barack Obama Donald Trump,0
Elizabeth Warren,659,Barack Obama George W. Bush,0
Elizabeth Warren,659,Barack Obama Hillary Clinton,0
Elizabeth Warren,659,Barack Obama Joe Biden,0
Elizabeth Warren,659,Barack Obama Richard Nixon,0
Elizabeth Warren,659,Barack Obama Ronald Reagan,1
Elizabeth Warren,659,Bernie Sanders Donald Trump,0
Elizabeth Warren,659,Bernie Sanders Hillary Clinton,0
Elizabeth Warren,659,Bernie Sanders Joe Biden,0
Elizabeth Warren,659,Bernie Sanders Richard Nixon,0
Elizabeth Warren,659,Bernie Sanders Ronald Reagan,0
Elizabeth Warren,659,Donald Trump George W. Bush,0
Elizabeth Warren,659,Donald Trump Hillary Clinton,0
Elizabeth Warren,659,Donald Trump Joe Biden,0
Elizabeth Warren,659,Donald Trump Richard Nixon,0
Elizabeth Warren,659,Donald Trump Ronald Reagan,0
Elizabeth Warren,659,George W. Bush Hillary Clinton,0
Elizabeth Warren,659,George W. Bush Joe Biden,0
Elizabeth Warren,659,George W. Bush Richard Nixon,0
Elizabeth Warren,659,George W. Bush Ronald Reagan,0
Elizabeth Warren,659,Hillary Clinton Richard Nixon,1
Elizabeth Warren,659,Hillary Clinton Ronald Reagan,0
Elizabeth Warren,659,Joe Biden Richard Nixon,0
Elizabeth Warren,659,Joe Biden Ronald Reagan,0
Elizabeth Warren,659,Richard Nixon Ronald Reagan,0
Elizabeth Warren,660,Abraham Lincoln Barack Obama,0
Elizabeth Warren,660,Abraham Lincoln Bernie Sanders,0
Elizabeth Warren,660,Abraham Lincoln Donald Trump,0
Elizabeth Warren,660,Abraham Lincoln George W. Bush,0
Elizabeth Warren,660,Abraham Lincoln Hillary Clinton,0
Elizabeth Warren,660,Abraham Lincoln Joe Biden,0
Elizabeth Warren,660,Abraham Lincoln Richard Nixon,0
Elizabeth Warren,660,Abraham Lincoln Ronald Reagan,0
Elizabeth Warren,660,Barack Obama Bernie Sanders,1
Elizabeth Warren,660,Barack Obama Donald Trump,0
Elizabeth Warren,660,Barack Obama Hillary Clinton,0
Elizabeth Warren,660,Barack Obama Joe Biden,0
Elizabeth Warren,660,Barack Obama Richard Nixon,0
Elizabeth Warren,660,Barack Obama Ronald Reagan,0
Elizabeth Warren,660,Bernie Sanders Donald Trump,0
Elizabeth Warren,660,Bernie Sanders George W. Bush,0
Elizabeth Warren,660,Bernie Sanders Hillary Clinton,0
Elizabeth Warren,660,Bernie Sanders Joe Biden,0
Elizabeth Warren,660,Bernie Sanders Richard Nixon,0
Elizabeth Warren,660,Bernie Sanders Ronald Reagan,0
Elizabeth Warren,660,Donald Trump George W. Bush,0
Elizabeth Warren,660,Donald Trump Hillary Clinton,0
Elizabeth Warren,660,Donald Trump Joe Biden,0
Elizabeth Warren,660,Donald Trump Richard Nixon,0
Elizabeth Warren,660,Donald Trump Ronald Reagan,0
Elizabeth Warren,660,George W. Bush Hillary Clinton,1
Elizabeth Warren,660,George W. Bush Joe Biden,0
Elizabeth Warren,660,George W. Bush Richard Nixon,0
Elizabeth Warren,660,George W. Bush Ronald Reagan,1
Elizabeth Warren,660,Hillary Clinton Joe Biden,0
Elizabeth Warren,660,Hillary Clinton Richard Nixon,1
Elizabeth Warren,660,Hillary Clinton Ronald Reagan,0
Elizabeth Warren,660,Joe Biden Richard Nixon,0
Elizabeth Warren,660,Joe Biden Ronald Reagan,0
Elizabeth Warren,660,Richard Nixon Ronald Reagan,0
George W. Bush,661,Abraham Lincoln Barack Obama,0
George W. Bush,661,Abraham Lincoln Bernie Sanders,0
George W. Bush,661,Abraham Lincoln Donald Trump,0
George W. Bush,661,Abraham Lincoln Elizabeth Warren,0
George W. Bush,661,Abraham Lincoln Hillary Clinton,0
George W. Bush,661,Abraham Lincoln Joe Biden,0
George W. Bush,661,Abraham Lincoln Richard Nixon,0
George W. Bush,661,Abraham Lincoln Ronald Reagan,0
George W. Bush,661,Barack Obama Bernie Sanders,0
George W. Bush,661,Barack Obama Donald Trump,0
George W. Bush,661,Barack Obama Elizabeth Warren,0
George W. Bush,661,Barack Obama Hillary Clinton,0
George W. Bush,661,Barack Obama Joe Biden,0
George W. Bush,661,Barack Obama Richard Nixon,0
George W. Bush,661,Barack Obama Ronald Reagan,0
George W. Bush,661,Bernie Sanders Donald Trump,0
George W. Bush,661,Bernie Sanders Elizabeth Warren,0
George W. Bush,661,Bernie Sanders Hillary Clinton,0
George W. Bush,661,Bernie Sanders Joe Biden,0
George W. Bush,661,Bernie Sanders Richard Nixon,0
George W. Bush,661,Bernie Sanders Ronald Reagan,0
George W. Bush,661,Donald Trump Elizabeth Warren,0
George W. Bush,661,Donald Trump Hillary Clinton,0
George W. Bush,661,Donald Trump Joe Biden,1
George W. Bush,661,Donald Trump Richard Nixon,0
George W. Bush,661,Donald Trump Ronald Reagan,0
George W. Bush,661,Elizabeth Warren Hillary Clinton,0
George W. Bush,661,Elizabeth Warren Joe Biden,0
George W. Bush,661,Elizabeth Warren Richard Nixon,0
George W. Bush,661,Elizabeth Warren Ronald Reagan,1
George W. Bush,661,Hillary Clinton Joe Biden,1
George W. Bush,661,Hillary Clinton Richard Nixon,0
George W. Bush,661,Hillary Clinton Ronald Reagan,0
George W. Bush,661,Joe Biden Richard Nixon,0
George W. Bush,661,Joe Biden Ronald Reagan,0
George W. Bush,661,Richard Nixon Ronald Reagan,0
Bernie Sanders,662,Abraham Lincoln Donald Trump,0
Bernie Sanders,662,Abraham Lincoln Elizabeth Warren,0
Bernie Sanders,662,Abraham Lincoln George W. Bush,0
Bernie Sanders,662,Abraham Lincoln Hillary Clinton,0
Bernie Sanders,662,Abraham Lincoln Joe Biden,0
Bernie Sanders,662,Abraham Lincoln Richard Nixon,0
Bernie Sanders,662,Abraham Lincoln Ronald Reagan,0
Bernie Sanders,662,Barack Obama Donald Trump,0
Bernie Sanders,662,Barack Obama Elizabeth Warren,0
Bernie Sanders,662,Barack Obama George W. Bush,0
Bernie Sanders,662,Barack Obama Hillary Clinton,0
Bernie Sanders,662,Barack Obama Joe Biden,0
Bernie Sanders,662,Barack Obama Richard Nixon,0
Bernie Sanders,662,Barack Obama Ronald Reagan,0
Bernie Sanders,662,Donald Trump Elizabeth Warren,0
Bernie Sanders,662,Donald Trump George W. Bush,0
Bernie Sanders,662,Donald Trump Hillary Clinton,0
Bernie Sanders,662,Donald Trump Joe Biden,0
Bernie Sanders,662,Donald Trump Richard Nixon,0
Bernie Sanders,662,Donald Trump Ronald Reagan,0
Bernie Sanders,662,Elizabeth Warren George W. Bush,0
Bernie Sanders,662,Elizabeth Warren Hillary Clinton,0
Bernie Sanders,662,Elizabeth Warren Joe Biden,0
Bernie Sanders,662,Elizabeth Warren Richard Nixon,0
Bernie Sanders,662,Elizabeth Warren Ronald Reagan,0
Bernie Sanders,662,George W. Bush Hillary Clinton,0
Bernie Sanders,662,George W. Bush Joe Biden,0
Bernie Sanders,662,George W. Bush Richard Nixon,0
Bernie Sanders,662,George W. Bush Ronald Reagan,0
Bernie Sanders,662,Hillary Clinton Joe Biden,0
Bernie Sanders,662,Hillary Clinton Richard Nixon,0
Bernie Sanders,662,Hillary Clinton Ronald Reagan,0
Bernie Sanders,662,Joe Biden Richard Nixon,1
Bernie Sanders,662,Joe Biden Ronald Reagan,0
Elizabeth Warren,663,Abraham Lincoln Barack Obama,0
Elizabeth Warren,663,Abraham Lincoln Bernie Sanders,0
Elizabeth Warren,663,Abraham Lincoln Donald Trump,1
Elizabeth Warren,663,Abraham Lincoln George W. Bush,1
Elizabeth Warren,663,Abraham Lincoln Hillary Clinton,0
Elizabeth Warren,663,Abraham Lincoln Joe Biden,0
Elizabeth Warren,663,Abraham Lincoln Richard Nixon,0
Elizabeth Warren,663,Abraham Lincoln Ronald Reagan,0
Elizabeth Warren,663,Barack Obama Bernie Sanders,0
Elizabeth Warren,663,Barack Obama Donald Trump,0
Elizabeth Warren,663,Barack Obama George W. Bush,0
Elizabeth Warren,663,Barack Obama Hillary Clinton,0
Elizabeth Warren,663,Barack Obama Joe Biden,0
Elizabeth Warren,663,Barack Obama Richard Nixon,0
Elizabeth Warren,663,Barack Obama Ronald Reagan,0
Elizabeth Warren,663,Bernie Sanders Donald Trump,0
Elizabeth Warren,663,Bernie Sanders George W. Bush,0
Elizabeth Warren,663,Bernie Sanders Hillary Clinton,0
Elizabeth Warren,663,Bernie Sanders Joe Biden,0
Elizabeth Warren,663,Bernie Sanders Richard Nixon,0
Elizabeth Warren,663,Bernie Sanders Ronald Reagan,0
Elizabeth Warren,663,Donald Trump George W. Bush,0
Elizabeth Warren,663,Donald Trump Hillary Clinton,1
Elizabeth Warren,663,Donald Trump Joe Biden,0
Elizabeth Warren,663,Donald Trump Richard Nixon,0
Elizabeth Warren,663,Donald Trump Ronald Reagan,0
Elizabeth Warren,663,George W. Bush Hillary Clinton,0
Elizabeth Warren,663,George W. Bush Joe Biden,0
Elizabeth Warren,663,George W. Bush Richard Nixon,0
Elizabeth Warren,663,George W. Bush Ronald Reagan,1
Elizabeth Warren,663,Hillary Clinton Joe Biden,0
Elizabeth Warren,663,Hillary Clinton Richard Nixon,1
Elizabeth Warren,663,Hillary Clinton Ronald Reagan,0
Elizabeth Warren,663,Joe Biden Ronald Reagan,0
Elizabeth Warren,663,Richard Nixon Ronald Reagan,0
Hillary Clinton,664,Abraham Lincoln Barack Obama,0
Hillary Clinton,664,Abraham Lincoln Bernie Sanders,0
Hillary Clinton,664,Abraham Lincoln Donald Trump,0
Hillary Clinton,664,Abraham Lincoln Elizabeth Warren,0
Hillary Clinton,664,Abraham Lincoln George W. Bush,0
Hillary Clinton,664,Abraham Lincoln Joe Biden,0
Hillary Clinton,664,Abraham Lincoln Richard Nixon,0
Hillary Clinton,664,Barack Obama Bernie Sanders,0
Hillary Clinton,664,Barack Obama Donald Trump,0
Hillary Clinton,664,Barack Obama Elizabeth Warren,0
Hillary Clinton,664,Barack Obama George W. Bush,0
Hillary Clinton,664,Barack Obama Joe Biden,0
Hillary Clinton,664,Barack Obama Richard Nixon,0
Hillary Clinton,664,Barack Obama Ronald Reagan,0
Hillary Clinton,664,Bernie Sanders Elizabeth Warren,0
Hillary Clinton,664,Bernie Sanders George W. Bush,0
Hillary Clinton,664,Bernie Sanders Joe Biden,1
Hillary Clinton,664,Bernie Sanders Richard Nixon,1
Hillary Clinton,664,Bernie Sanders Ronald Reagan,0
Hillary Clinton,664,Donald Trump Elizabeth Warren,0
Hillary Clinton,664,Donald Trump George W. Bush,0
Hillary Clinton,664,Donald Trump Joe Biden,0
Hillary Clinton,664,Donald Trump Richard Nixon,0
Hillary Clinton,664,Donald Trump Ronald Reagan,1
Hillary Clinton,664,Elizabeth Warren George W. Bush,0
Hillary Clinton,664,Elizabeth Warren Richard Nixon,0
Hillary Clinton,664,Elizabeth Warren Ronald Reagan,0
Hillary Clinton,664,George W. Bush Joe Biden,0
Hillary Clinton,664,George W. Bush Richard Nixon,0
Hillary Clinton,664,George W. Bush Ronald Reagan,0
Hillary Clinton,664,Joe Biden Ronald Reagan,0
Hillary Clinton,664,Richard Nixon Ronald Reagan,0
Elizabeth Warren,665,Abraham Lincoln Barack Obama,1
Elizabeth Warren,665,Abraham Lincoln Bernie Sanders,0
Elizabeth Warren,665,Abraham Lincoln Donald Trump,0
Elizabeth Warren,665,Abraham Lincoln George W. Bush,0
Elizabeth Warren,665,Abraham Lincoln Joe Biden,0
Elizabeth Warren,665,Abraham Lincoln Richard Nixon,1
Elizabeth Warren,665,Abraham Lincoln Ronald Reagan,0
Elizabeth Warren,665,Barack Obama Bernie Sanders,0
Elizabeth Warren,665,Barack Obama Donald Trump,0
Elizabeth Warren,665,Barack Obama George W. Bush,0
Elizabeth Warren,665,Barack Obama Hillary Clinton,0
Elizabeth Warren,665,Barack Obama Joe Biden,0
Elizabeth Warren,665,Barack Obama Richard Nixon,0
Elizabeth Warren,665,Barack Obama Ronald Reagan,0
Elizabeth Warren,665,Bernie Sanders Donald Trump,0
Elizabeth Warren,665,Bernie Sanders George W. Bush,0
Elizabeth Warren,665,Bernie Sanders Joe Biden,0
Elizabeth Warren,665,Bernie Sanders Ronald Reagan,0
Elizabeth Warren,665,Donald Trump Hillary Clinton,0
Elizabeth Warren,665,Donald Trump Joe Biden,0
Elizabeth Warren,665,Donald Trump Richard Nixon,0
Elizabeth Warren,665,Donald Trump Ronald Reagan,0
Elizabeth Warren,665,George W. Bush Hillary Clinton,0
Elizabeth Warren,665,George W. Bush Joe Biden,0
Elizabeth Warren,665,George W. Bush Richard Nixon,0
Elizabeth Warren,665,George W. Bush Ronald Reagan,0
Elizabeth Warren,665,Hillary Clinton Joe Biden,0
Elizabeth Warren,665,Hillary Clinton Richard Nixon,0
Elizabeth Warren,665,Hillary Clinton Ronald Reagan,0
Elizabeth Warren,665,Joe Biden Richard Nixon,0
Elizabeth Warren,665,Joe Biden Ronald Reagan,0
Elizabeth Warren,665,Richard Nixon Ronald Reagan,0
Elizabeth Warren,666,Abraham Lincoln Barack Obama,0
Elizabeth Warren,666,Abraham Lincoln Bernie Sanders,0
Elizabeth Warren,666,Abraham Lincoln Donald Trump,0
Elizabeth Warren,666,Abraham Lincoln George W. Bush,0
Elizabeth Warren,666,Abraham Lincoln Hillary Clinton,0
Elizabeth Warren,666,Abraham Lincoln Joe Biden,0
Elizabeth Warren,666,Abraham Lincoln Richard Nixon,0
Elizabeth Warren,666,Abraham Lincoln Ronald Reagan,0
Elizabeth Warren,666,Barack Obama Bernie Sanders,1
Elizabeth Warren,666,Barack Obama Donald Trump,0
Elizabeth Warren,666,Barack Obama George W. Bush,0
Elizabeth Warren,666,Barack Obama Hillary Clinton,0
Elizabeth Warren,666,Barack Obama Joe Biden,0
Elizabeth Warren,666,Barack Obama Richard Nixon,0
Elizabeth Warren,666,Barack Obama Ronald Reagan,0
Elizabeth Warren,666,Bernie Sanders Donald Trump,0
Elizabeth Warren,666,Bernie Sanders George W. Bush,0
Elizabeth Warren,666,Bernie Sanders Hillary Clinton,0
Elizabeth Warren,666,Bernie Sanders Joe Biden,0
Elizabeth Warren,666,Bernie Sanders Ronald Reagan,0
Elizabeth Warren,666,Donald Trump George W. Bush,0
Elizabeth Warren,666,Donald Trump Hillary Clinton,0
Elizabeth Warren,666,Donald Trump Joe Biden,1
Elizabeth Warren,666,Donald Trump Richard Nixon,1
Elizabeth Warren,666,George W. Bush Hillary Clinton,0
Elizabeth Warren,666,George W. Bush Joe Biden,0
Elizabeth Warren,666,George W. Bush Richard Nixon,0
Elizabeth Warren,666,George W. Bush Ronald Reagan,0
Elizabeth Warren,666,Hillary Clinton Joe Biden,0
Elizabeth Warren,666,Hillary Clinton Richard Nixon,0
Elizabeth Warren,666,Hillary Clinton Ronald Reagan,0
Elizabeth Warren,666,Joe Biden Richard Nixon,0
Elizabeth Warren,666,Joe Biden Ronald Reagan,0
Elizabeth Warren,666,Richard Nixon Ronald Reagan,0
Elizabeth Warren,667,Abraham Lincoln Barack Obama,0
Elizabeth Warren,667,Abraham Lincoln Bernie Sanders,0
Elizabeth Warren,667,Abraham Lincoln Donald Trump,0
Elizabeth Warren,667,Abraham Lincoln George W. Bush,0
Elizabeth Warren,667,Abraham Lincoln Hillary Clinton,0
Elizabeth Warren,667,Abraham Lincoln Joe Biden,0
Elizabeth Warren,667,Abraham Lincoln Richard Nixon,0
Elizabeth Warren,667,Abraham Lincoln Ronald Reagan,0
Elizabeth Warren,667,Barack Obama Bernie Sanders,0
Elizabeth Warren,667,Barack Obama Donald Trump,0
Elizabeth Warren,667,Barack Obama George W. Bush,0
Elizabeth Warren,667,Barack Obama Hillary Clinton,0
Elizabeth Warren,667,Barack Obama Joe Biden,0
Elizabeth Warren,667,Barack Obama Richard Nixon,0
Elizabeth Warren,667,Barack Obama Ronald Reagan,0
Elizabeth Warren,667,Bernie Sanders Donald Trump,0
Elizabeth Warren,667,Bernie Sanders George W. Bush,0
Elizabeth Warren,667,Bernie Sanders Joe Biden,0
Elizabeth Warren,667,Bernie Sanders Richard Nixon,0
Elizabeth Warren,667,Bernie Sanders Ronald Reagan,0
Elizabeth Warren,667,Donald Trump Hillary Clinton,0
Elizabeth Warren,667,Donald Trump Joe Biden,0
Elizabeth Warren,667,Donald Trump Richard Nixon,0
Elizabeth Warren,667,Donald Trump Ronald Reagan,0
Elizabeth Warren,667,George W. Bush Hillary Clinton,1
Elizabeth Warren,667,George W. Bush Joe Biden,0
Elizabeth Warren,667,George W. Bush Richard Nixon,0
Elizabeth Warren,667,George W. Bush Ronald Reagan,1
Elizabeth Warren,667,Hillary Clinton Joe Biden,0
Elizabeth Warren,667,Hillary Clinton Richard Nixon,0
Elizabeth Warren,667,Hillary Clinton Ronald Reagan,0
Elizabeth Warren,667,Joe Biden Richard Nixon,0
Elizabeth Warren,667,Joe Biden Ronald Reagan,0
Elizabeth Warren,667,Richard Nixon Ronald Reagan,0
Ronald Reagan,668,Abraham Lincoln Barack Obama,0
Ronald Reagan,668,Abraham Lincoln Bernie Sanders,0
Ronald Reagan,668,Abraham Lincoln Donald Trump,0
Ronald Reagan,668,Abraham Lincoln Elizabeth Warren,0
Ronald Reagan,668,Abraham Lincoln George W. Bush,0
Ronald Reagan,668,Abraham Lincoln Hillary Clinton,0
Ronald Reagan,668,Abraham Lincoln Richard Nixon,0
Ronald Reagan,668,Barack Obama Bernie Sanders,0
Ronald Reagan,668,Barack Obama Donald Trump,0
Ronald Reagan,668,Barack Obama Elizabeth Warren,0
Ronald Reagan,668,Barack Obama George W. Bush,0
Ronald Reagan,668,Barack Obama Hillary Clinton,0
Ronald Reagan,668,Barack Obama Joe Biden,0
Ronald Reagan,668,Barack Obama Richard Nixon,0
Ronald Reagan,668,Bernie Sanders Donald Trump,0
Ronald Reagan,668,Bernie Sanders Elizabeth Warren,0
Ronald Reagan,668,Bernie Sanders George W. Bush,0
Ronald Reagan,668,Bernie Sanders Hillary Clinton,1
Ronald Reagan,668,Bernie Sanders Joe Biden,0
Ronald Reagan,668,Bernie Sanders Richard Nixon,0
Ronald Reagan,668,Donald Trump Elizabeth Warren,0
Ronald Reagan,668,Donald Trump George W. Bush,0
Ronald Reagan,668,Donald Trump Hillary Clinton,0
Ronald Reagan,668,Donald Trump Joe Biden,0
Ronald Reagan,668,Donald Trump Richard Nixon,0
Ronald Reagan,668,Elizabeth Warren George W. Bush,0
Ronald Reagan,668,Elizabeth Warren Hillary Clinton,0
Ronald Reagan,668,Elizabeth Warren Joe Biden,0
Ronald Reagan,668,Elizabeth Warren Richard Nixon,0
Ronald Reagan,668,George W. Bush Hillary Clinton,0
Ronald Reagan,668,George W. Bush Joe Biden,0
Ronald Reagan,668,Hillary Clinton Joe Biden,0
Ronald Reagan,668,Hillary Clinton Richard Nixon,1
Ronald Reagan,668,Joe Biden Richard Nixon,0
Ronald Reagan,669,Abraham Lincoln Barack Obama,0
Ronald Reagan,669,Abraham Lincoln Bernie Sanders,0
Ronald Reagan,669,Abraham Lincoln Donald Trump,0
Ronald Reagan,669,Abraham Lincoln Elizabeth Warren,0
Ronald Reagan,669,Abraham Lincoln George W. Bush,0
Ronald Reagan,669,Abraham Lincoln Hillary Clinton,0
Ronald Reagan,669,Abraham Lincoln Joe Biden,0
Ronald Reagan,669,Abraham Lincoln Richard Nixon,0
Ronald Reagan,669,Barack Obama Bernie Sanders,0
Ronald Reagan,669,Barack Obama Donald Trump,0
Ronald Reagan,669,Barack Obama Elizabeth Warren,0
Ronald Reagan,669,Barack Obama George W. Bush,0
Ronald Reagan,669,Barack Obama Hillary Clinton,0
Ronald Reagan,669,Barack Obama Joe Biden,0
Ronald Reagan,669,Barack Obama Richard Nixon,1
Ronald Reagan,669,Bernie Sanders Donald Trump,0
Ronald Reagan,669,Bernie Sanders Elizabeth Warren,0
Ronald Reagan,669,Bernie Sanders George W. Bush,0
Ronald Reagan,669,Bernie Sanders Hillary Clinton,0
Ronald Reagan,669,Bernie Sanders Joe Biden,0
Ronald Reagan,669,Bernie Sanders Richard Nixon,0
Ronald Reagan,669,Donald Trump Elizabeth Warren,0
Ronald Reagan,669,Donald Trump George W. Bush,0
Ronald Reagan,669,Donald Trump Hillary Clinton,0
Ronald Reagan,669,Donald Trump Joe Biden,0
Ronald Reagan,669,Donald Trump Richard Nixon,0
Ronald Reagan,669,Elizabeth Warren George W. Bush,0
Ronald Reagan,669,Elizabeth Warren Hillary Clinton,0
Ronald Reagan,669,Elizabeth Warren Joe Biden,0
Ronald Reagan,669,Elizabeth Warren Richard Nixon,0
Ronald Reagan,669,George W. Bush Hillary Clinton,0
Ronald Reagan,669,George W. Bush Joe Biden,0
Ronald Reagan,669,George W. Bush Richard Nixon,1
Ronald Reagan,669,Hillary Clinton Joe Biden,1
Ronald Reagan,669,Hillary Clinton Richard Nixon,0
Ronald Reagan,669,Joe Biden Richard Nixon,0
Bernie Sanders,670,Abraham Lincoln Barack Obama,0
Bernie Sanders,670,Abraham Lincoln Donald Trump,0
Bernie Sanders,670,Abraham Lincoln Elizabeth Warren,0
Bernie Sanders,670,Abraham Lincoln George W. Bush,0
Bernie Sanders,670,Abraham Lincoln Hillary Clinton,0
Bernie Sanders,670,Abraham Lincoln Joe Biden,0
Bernie Sanders,670,Abraham Lincoln Richard Nixon,0
Bernie Sanders,670,Abraham Lincoln Ronald Reagan,1
Bernie Sanders,670,Barack Obama Donald Trump,0
Bernie Sanders,670,Barack Obama Elizabeth Warren,0
Bernie Sanders,670,Barack Obama Hillary Clinton,0
Bernie Sanders,670,Barack Obama Joe Biden,0
Bernie Sanders,670,Barack Obama Richard Nixon,0
Bernie Sanders,670,Barack Obama Ronald Reagan,0
Bernie Sanders,670,Donald Trump Elizabeth Warren,0
Bernie Sanders,670,Donald Trump George W. Bush,1
Bernie Sanders,670,Donald Trump Hillary Clinton,0
Bernie Sanders,670,Donald Trump Joe Biden,0
Bernie Sanders,670,Donald Trump Richard Nixon,0
Bernie Sanders,670,Donald Trump Ronald Reagan,0
Bernie Sanders,670,Elizabeth Warren George W. Bush,0
Bernie Sanders,670,Elizabeth Warren Hillary Clinton,0
Bernie Sanders,670,Elizabeth Warren Joe Biden,0
Bernie Sanders,670,Elizabeth Warren Richard Nixon,0
Bernie Sanders,670,Elizabeth Warren Ronald Reagan,0
Bernie Sanders,670,George W. Bush Hillary Clinton,0
Bernie Sanders,670,George W. Bush Joe Biden,0
Bernie Sanders,670,George W. Bush Richard Nixon,0
Bernie Sanders,670,George W. Bush Ronald Reagan,1
Bernie Sanders,670,Hillary Clinton Joe Biden,0
Bernie Sanders,670,Hillary Clinton Richard Nixon,0
Bernie Sanders,670,Joe Biden Richard Nixon,0
Bernie Sanders,670,Joe Biden Ronald Reagan,0
Bernie Sanders,670,Richard Nixon Ronald Reagan,0
Abraham Lincoln,671,Barack Obama Bernie Sanders,0
Abraham Lincoln,671,Barack Obama Donald Trump,0
Abraham Lincoln,671,Barack Obama Elizabeth Warren,0
Abraham Lincoln,671,Barack Obama George W. Bush,0
Abraham Lincoln,671,Barack Obama Hillary Clinton,0
Abraham Lincoln,671,Barack Obama Joe Biden,0
Abraham Lincoln,671,Barack Obama Richard Nixon,0
Abraham Lincoln,671,Barack Obama Ronald Reagan,0
Abraham Lincoln,671,Bernie Sanders Donald Trump,0
Abraham Lincoln,671,Bernie Sanders Elizabeth Warren,0
Abraham Lincoln,671,Bernie Sanders George W. Bush,0
Abraham Lincoln,671,Bernie Sanders Hillary Clinton,0
Abraham Lincoln,671,Bernie Sanders Joe Biden,0
Abraham Lincoln,671,Bernie Sanders Richard Nixon,0
Abraham Lincoln,671,Bernie Sanders Ronald Reagan,1
Abraham Lincoln,671,Donald Trump Elizabeth Warren,0
Abraham Lincoln,671,Donald Trump George W. Bush,0
Abraham Lincoln,671,Donald Trump Hillary Clinton,0
Abraham Lincoln,671,Donald Trump Joe Biden,0
Abraham Lincoln,671,Donald Trump Ronald Reagan,0
Abraham Lincoln,671,Elizabeth Warren George W. Bush,0
Abraham Lincoln,671,Elizabeth Warren Hillary Clinton,0
Abraham Lincoln,671,Elizabeth Warren Joe Biden,0
Abraham Lincoln,671,Elizabeth Warren Richard Nixon,0
Abraham Lincoln,671,Elizabeth Warren Ronald Reagan,0
Abraham Lincoln,671,George W. Bush Hillary Clinton,0
Abraham Lincoln,671,George W. Bush Joe Biden,0
Abraham Lincoln,671,George W. Bush Richard Nixon,0
Abraham Lincoln,671,George W. Bush Ronald Reagan,0
Abraham Lincoln,671,Hillary Clinton Joe Biden,0
Abraham Lincoln,671,Hillary Clinton Richard Nixon,0
Abraham Lincoln,671,Hillary Clinton Ronald Reagan,0
Abraham Lincoln,671,Joe Biden Richard Nixon,0
Abraham Lincoln,671,Joe Biden Ronald Reagan,0
Elizabeth Warren,672,Abraham Lincoln Barack Obama,0
Elizabeth Warren,672,Abraham Lincoln Bernie Sanders,0
Elizabeth Warren,672,Abraham Lincoln Donald Trump,0
Elizabeth Warren,672,Abraham Lincoln Hillary Clinton,0
Elizabeth Warren,672,Abraham Lincoln Joe Biden,0
Elizabeth Warren,672,Abraham Lincoln Richard Nixon,0
Elizabeth Warren,672,Abraham Lincoln Ronald Reagan,0
Elizabeth Warren,672,Barack Obama Bernie Sanders,0
Elizabeth Warren,672,Barack Obama Donald Trump,0
Elizabeth Warren,672,Barack Obama George W. Bush,0
Elizabeth Warren,672,Barack Obama Hillary Clinton,0
Elizabeth Warren,672,Barack Obama Richard Nixon,0
Elizabeth Warren,672,Barack Obama Ronald Reagan,0
Elizabeth Warren,672,Bernie Sanders George W. Bush,0
Elizabeth Warren,672,Bernie Sanders Hillary Clinton,0
Elizabeth Warren,672,Bernie Sanders Joe Biden,0
Elizabeth Warren,672,Bernie Sanders Richard Nixon,0
Elizabeth Warren,672,Bernie Sanders Ronald Reagan,0
Elizabeth Warren,672,Donald Trump George W. Bush,0
Elizabeth Warren,672,Donald Trump Hillary Clinton,0
Elizabeth Warren,672,Donald Trump Joe Biden,0
Elizabeth Warren,672,Donald Trump Richard Nixon,1
Elizabeth Warren,672,Donald Trump Ronald Reagan,0
Elizabeth Warren,672,George W. Bush Hillary Clinton,0
Elizabeth Warren,672,George W. Bush Joe Biden,0
Elizabeth Warren,672,George W. Bush Richard Nixon,1
Elizabeth Warren,672,George W. Bush Ronald Reagan,0
Elizabeth Warren,672,Hillary Clinton Joe Biden,0
Elizabeth Warren,672,Hillary Clinton Richard Nixon,0
Elizabeth Warren,672,Joe Biden Richard Nixon,0
Elizabeth Warren,672,Joe Biden Ronald Reagan,0
Elizabeth Warren,672,Richard Nixon Ronald Reagan,0
Richard Nixon,673,Abraham Lincoln Barack Obama,0
Richard Nixon,673,Abraham Lincoln Bernie Sanders,0
Richard Nixon,673,Abraham Lincoln Donald Trump,0
Richard Nixon,673,Abraham Lincoln Elizabeth Warren,0
Richard Nixon,673,Abraham Lincoln George W. Bush,0
Richard Nixon,673,Abraham Lincoln Hillary Clinton,0
Richard Nixon,673,Abraham Lincoln Joe Biden,0
Richard Nixon,673,Abraham Lincoln Ronald Reagan,0
Richard Nixon,673,Barack Obama Bernie Sanders,0
Richard Nixon,673,Barack Obama Donald Trump,1
Richard Nixon,673,Barack Obama Elizabeth Warren,0
Richard Nixon,673,Barack Obama George W. Bush,0
Richard Nixon,673,Barack Obama Hillary Clinton,0
Richard Nixon,673,Barack Obama Joe Biden,0
Richard Nixon,673,Barack Obama Ronald Reagan,0
Richard Nixon,673,Bernie Sanders Donald Trump,0
Richard Nixon,673,Bernie Sanders Elizabeth Warren,0
Richard Nixon,673,Bernie Sanders George W. Bush,1
Richard Nixon,673,Bernie Sanders Hillary Clinton,0
Richard Nixon,673,Bernie Sanders Joe Biden,0
Richard Nixon,673,Bernie Sanders Ronald Reagan,0
Richard Nixon,673,Donald Trump Elizabeth Warren,0
Richard Nixon,673,Donald Trump Hillary Clinton,0
Richard Nixon,673,Donald Trump Joe Biden,0
Richard Nixon,673,Donald Trump Ronald Reagan,0
Richard Nixon,673,Elizabeth Warren George W. Bush,0
Richard Nixon,673,Elizabeth Warren Hillary Clinton,0
Richard Nixon,673,Elizabeth Warren Joe Biden,0
Richard Nixon,673,Elizabeth Warren Ronald Reagan,0
Richard Nixon,673,George W. Bush Hillary Clinton,0
Richard Nixon,673,George W. Bush Joe Biden,0
Richard Nixon,673,George W. Bush Ronald Reagan,0
Richard Nixon,673,Hillary Clinton Joe Biden,1
Richard Nixon,673,Hillary Clinton Ronald Reagan,0
Richard Nixon,673,Joe Biden Ronald Reagan,0
Abraham Lincoln,674,Barack Obama Bernie Sanders,0
Abraham Lincoln,674,Barack Obama Elizabeth Warren,0
Abraham Lincoln,674,Barack Obama George W. Bush,0
Abraham Lincoln,674,Barack Obama Hillary Clinton,0
Abraham Lincoln,674,Barack Obama Joe Biden,1
Abraham Lincoln,674,Barack Obama Richard Nixon,0
Abraham Lincoln,674,Barack Obama Ronald Reagan,0
Abraham Lincoln,674,Bernie Sanders Donald Trump,0
Abraham Lincoln,674,Bernie Sanders Elizabeth Warren,0
Abraham Lincoln,674,Bernie Sanders George W. Bush,0
Abraham Lincoln,674,Bernie Sanders Hillary Clinton,0
Abraham Lincoln,674,Bernie Sanders Joe Biden,0
Abraham Lincoln,674,Bernie Sanders Richard Nixon,0
Abraham Lincoln,674,Bernie Sanders Ronald Reagan,0
Abraham Lincoln,674,Donald Trump Elizabeth Warren,1
Abraham Lincoln,674,Donald Trump George W. Bush,0
Abraham Lincoln,674,Donald Trump Hillary Clinton,0
Abraham Lincoln,674,Donald Trump Joe Biden,0
Abraham Lincoln,674,Donald Trump Richard Nixon,0
Abraham Lincoln,674,Donald Trump Ronald Reagan,0
Abraham Lincoln,674,Elizabeth Warren George W. Bush,0
Abraham Lincoln,674,Elizabeth Warren Hillary Clinton,0
Abraham Lincoln,674,Elizabeth Warren Richard Nixon,0
Abraham Lincoln,674,Elizabeth Warren Ronald Reagan,0
Abraham Lincoln,674,George W. Bush Hillary Clinton,0
Abraham Lincoln,674,George W. Bush Joe Biden,0
Abraham Lincoln,674,George W. Bush Richard Nixon,0
Abraham Lincoln,674,George W. Bush Ronald Reagan,1
Abraham Lincoln,674,Hillary Clinton Joe Biden,0
Abraham Lincoln,674,Hillary Clinton Richard Nixon,0
Abraham Lincoln,674,Hillary Clinton Ronald Reagan,0
Abraham Lincoln,674,Joe Biden Richard Nixon,0
Abraham Lincoln,674,Joe Biden Ronald Reagan,1
Abraham Lincoln,674,Richard Nixon Ronald Reagan,0
Bernie Sanders,675,Abraham Lincoln Barack Obama,0
Bernie Sanders,675,Abraham Lincoln Donald Trump,0
Bernie Sanders,675,Abraham Lincoln Elizabeth Warren,0
Bernie Sanders,675,Abraham Lincoln George W. Bush,0
Bernie Sanders,675,Abraham Lincoln Hillary Clinton,0
Bernie Sanders,675,Abraham Lincoln Joe Biden,0
Bernie Sanders,675,Abraham Lincoln Richard Nixon,0
Bernie Sanders,675,Abraham Lincoln Ronald Reagan,0
Bernie Sanders,675,Barack Obama Donald Trump,0
Bernie Sanders,675,Barack Obama Elizabeth Warren,0
Bernie Sanders,675,Barack Obama George W. Bush,0
Bernie Sanders,675,Barack Obama Joe Biden,0
Bernie Sanders,675,Barack Obama Richard Nixon,0
Bernie Sanders,675,Barack Obama Ronald Reagan,0
Bernie Sanders,675,Donald Trump Elizabeth Warren,0
Bernie Sanders,675,Donald Trump George W. Bush,0
Bernie Sanders,675,Donald Trump Hillary Clinton,0
Bernie Sanders,675,Donald Trump Joe Biden,0
Bernie Sanders,675,Donald Trump Richard Nixon,1
Bernie Sanders,675,Donald Trump Ronald Reagan,1
Bernie Sanders,675,Elizabeth Warren George W. Bush,0
Bernie Sanders,675,Elizabeth Warren Hillary Clinton,0
Bernie Sanders,675,Elizabeth Warren Joe Biden,0
Bernie Sanders,675,Elizabeth Warren Richard Nixon,0
Bernie Sanders,675,Elizabeth Warren Ronald Reagan,0
Bernie Sanders,675,George W. Bush Hillary Clinton,0
Bernie Sanders,675,George W. Bush Joe Biden,0
Bernie Sanders,675,George W. Bush Richard Nixon,1
Bernie Sanders,675,George W. Bush Ronald Reagan,0
Bernie Sanders,675,Hillary Clinton Joe Biden,0
Bernie Sanders,675,Hillary Clinton Ronald Reagan,0
Bernie Sanders,675,Joe Biden Richard Nixon,0
Bernie Sanders,675,Joe Biden Ronald Reagan,0
Bernie Sanders,675,Richard Nixon Ronald Reagan,0
Donald Trump,676,Abraham Lincoln Barack Obama,0
Donald Trump,676,Abraham Lincoln Bernie Sanders,0
Donald Trump,676,Abraham Lincoln George W. Bush,0
Donald Trump,676,Abraham Lincoln Hillary Clinton,0
Donald Trump,676,Abraham Lincoln Joe Biden,0
Donald Trump,676,Abraham Lincoln Richard Nixon,0
Donald Trump,676,Abraham Lincoln Ronald Reagan,0
Donald Trump,676,Barack Obama George W. Bush,0
Donald Trump,676,Barack Obama Hillary Clinton,0
Donald Trump,676,Barack Obama Joe Biden,0
Donald Trump,676,Barack Obama Richard Nixon,0
Donald Trump,676,Barack Obama Ronald Reagan,0
Donald Trump,676,Bernie Sanders Elizabeth Warren,0
Donald Trump,676,Bernie Sanders George W. Bush,1
Donald Trump,676,Bernie Sanders Hillary Clinton,1
Donald Trump,676,Bernie Sanders Joe Biden,0
Donald Trump,676,Bernie Sanders Richard Nixon,1
Donald Trump,676,Bernie Sanders Ronald Reagan,0
Donald Trump,676,Elizabeth Warren George W. Bush,0
Donald Trump,676,Elizabeth Warren Hillary Clinton,0
Donald Trump,676,Elizabeth Warren Joe Biden,0
Donald Trump,676,Elizabeth Warren Richard Nixon,0
Donald Trump,676,Elizabeth Warren Ronald Reagan,1
Donald Trump,676,George W. Bush Hillary Clinton,0
Donald Trump,676,George W. Bush Joe Biden,0
Donald Trump,676,George W. Bush Richard Nixon,1
Donald Trump,676,George W. Bush Ronald Reagan,0
Donald Trump,676,Hillary Clinton Joe Biden,0
Donald Trump,676,Hillary Clinton Richard Nixon,1
Donald Trump,676,Hillary Clinton Ronald Reagan,1
Donald Trump,676,Joe Biden Richard Nixon,1
Donald Trump,676,Joe Biden Ronald Reagan,0
Donald Trump,676,Richard Nixon Ronald Reagan,0
Abraham Lincoln,677,Barack Obama Bernie Sanders,0
Abraham Lincoln,677,Barack Obama Donald Trump,0
Abraham Lincoln,677,Barack Obama Elizabeth Warren,0
Abraham Lincoln,677,Barack Obama George W. Bush,0
Abraham Lincoln,677,Barack Obama Joe Biden,0
Abraham Lincoln,677,Barack Obama Richard Nixon,0
Abraham Lincoln,677,Barack Obama Ronald Reagan,0
Abraham Lincoln,677,Bernie Sanders Donald Trump,1
Abraham Lincoln,677,Bernie Sanders Elizabeth Warren,0
Abraham Lincoln,677,Bernie Sanders George W. Bush,0
Abraham Lincoln,677,Bernie Sanders Hillary Clinton,0
Abraham Lincoln,677,Bernie Sanders Joe Biden,0
Abraham Lincoln,677,Bernie Sanders Richard Nixon,0
Abraham Lincoln,677,Bernie Sanders Ronald Reagan,0
Abraham Lincoln,677,Donald Trump Hillary Clinton,0
Abraham Lincoln,677,Donald Trump Joe Biden,0
Abraham Lincoln,677,Donald Trump Richard Nixon,0
Abraham Lincoln,677,Donald Trump Ronald Reagan,0
Abraham Lincoln,677,Elizabeth Warren Hillary Clinton,0
Abraham Lincoln,677,Elizabeth Warren Joe Biden,0
Abraham Lincoln,677,Elizabeth Warren Richard Nixon,0
Abraham Lincoln,677,Elizabeth Warren Ronald Reagan,0
Abraham Lincoln,677,George W. Bush Hillary Clinton,0
Abraham Lincoln,677,George W. Bush Joe Biden,0
Abraham Lincoln,677,George W. Bush Richard Nixon,0
Abraham Lincoln,677,George W. Bush Ronald Reagan,0
Abraham Lincoln,677,Hillary Clinton Joe Biden,0
Abraham Lincoln,677,Hillary Clinton Ronald Reagan,0
Abraham Lincoln,677,Joe Biden Richard Nixon,0
Abraham Lincoln,677,Richard Nixon Ronald Reagan,0
Abraham Lincoln,678,Barack Obama Bernie Sanders,0
Abraham Lincoln,678,Barack Obama Donald Trump,0
Abraham Lincoln,678,Barack Obama Elizabeth Warren,1
Abraham Lincoln,678,Barack Obama George W. Bush,0
Abraham Lincoln,678,Barack Obama Hillary Clinton,0
Abraham Lincoln,678,Barack Obama Joe Biden,0
Abraham Lincoln,678,Barack Obama Ronald Reagan,0
Abraham Lincoln,678,Bernie Sanders Donald Trump,0
Abraham Lincoln,678,Bernie Sanders Elizabeth Warren,0
Abraham Lincoln,678,Bernie Sanders George W. Bush,0
Abraham Lincoln,678,Bernie Sanders Hillary Clinton,0
Abraham Lincoln,678,Bernie Sanders Joe Biden,0
Abraham Lincoln,678,Bernie Sanders Richard Nixon,0
Abraham Lincoln,678,Bernie Sanders Ronald Reagan,0
Abraham Lincoln,678,Donald Trump Elizabeth Warren,0
Abraham Lincoln,678,Donald Trump George W. Bush,0
Abraham Lincoln,678,Donald Trump Hillary Clinton,0
Abraham Lincoln,678,Donald Trump Joe Biden,0
Abraham Lincoln,678,Donald Trump Richard Nixon,0
Abraham Lincoln,678,Donald Trump Ronald Reagan,0
Abraham Lincoln,678,Elizabeth Warren George W. Bush,0
Abraham Lincoln,678,Elizabeth Warren Hillary Clinton,0
Abraham Lincoln,678,Elizabeth Warren Joe Biden,0
Abraham Lincoln,678,Elizabeth Warren Richard Nixon,0
Abraham Lincoln,678,Elizabeth Warren Ronald Reagan,0
Abraham Lincoln,678,George W. Bush Hillary Clinton,0
Abraham Lincoln,678,George W. Bush Joe Biden,0
Abraham Lincoln,678,George W. Bush Richard Nixon,0
Abraham Lincoln,678,George W. Bush Ronald Reagan,0
Abraham Lincoln,678,Hillary Clinton Joe Biden,0
Abraham Lincoln,678,Hillary Clinton Richard Nixon,0
Abraham Lincoln,678,Hillary Clinton Ronald Reagan,1
Abraham Lincoln,678,Joe Biden Richard Nixon,0
Abraham Lincoln,678,Joe Biden Ronald Reagan,0
Abraham Lincoln,678,Richard Nixon Ronald Reagan,0
Joe Biden,679,Abraham Lincoln Barack Obama,0
Joe Biden,679,Abraham Lincoln Bernie Sanders,0
Joe Biden,679,Abraham Lincoln Donald Trump,0
Joe Biden,679,Abraham Lincoln Elizabeth Warren,0
Joe Biden,679,Abraham Lincoln George W. Bush,1
Joe Biden,679,Abraham Lincoln Hillary Clinton,0
Joe Biden,679,Abraham Lincoln Richard Nixon,0
Joe Biden,679,Abraham Lincoln Ronald Reagan,1
Joe Biden,679,Barack Obama Bernie Sanders,0
Joe Biden,679,Barack Obama Elizabeth Warren,0
Joe Biden,679,Barack Obama George W. Bush,0
Joe Biden,679,Barack Obama Hillary Clinton,1
Joe Biden,679,Barack Obama Richard Nixon,0
Joe Biden,679,Barack Obama Ronald Reagan,0
Joe Biden,679,Bernie Sanders Donald Trump,0
Joe Biden,679,Bernie Sanders Elizabeth Warren,0
Joe Biden,679,Bernie Sanders George W. Bush,0
Joe Biden,679,Bernie Sanders Hillary Clinton,1
Joe Biden,679,Bernie Sanders Richard Nixon,0
Joe Biden,679,Bernie Sanders Ronald Reagan,0
Joe Biden,679,Donald Trump Elizabeth Warren,0
Joe Biden,679,Donald Trump George W. Bush,1
Joe Biden,679,Donald Trump Hillary Clinton,0
Joe Biden,679,Donald Trump Richard Nixon,0
Joe Biden,679,Donald Trump Ronald Reagan,0
Joe Biden,679,Elizabeth Warren George W. Bush,0
Joe Biden,679,Elizabeth Warren Hillary Clinton,0
Joe Biden,679,Elizabeth Warren Richard Nixon,0
Joe Biden,679,Elizabeth Warren Ronald Reagan,0
Joe Biden,679,George W. Bush Hillary Clinton,0
Joe Biden,679,George W. Bush Richard Nixon,0
Joe Biden,679,George W. Bush Ronald Reagan,1
Joe Biden,679,Hillary Clinton Richard Nixon,0
Joe Biden,679,Richard Nixon Ronald Reagan,0
Barack Obama,680,Abraham Lincoln Bernie Sanders,0
Barack Obama,680,Abraham Lincoln Donald Trump,0
Barack Obama,680,Abraham Lincoln Elizabeth Warren,0
Barack Obama,680,Abraham Lincoln George W. Bush,0
Barack Obama,680,Abraham Lincoln Hillary Clinton,0
Barack Obama,680,Abraham Lincoln Joe Biden,0
Barack Obama,680,Abraham Lincoln Richard Nixon,0
Barack Obama,680,Abraham Lincoln Ronald Reagan,0
Barack Obama,680,Bernie Sanders Elizabeth Warren,0
Barack Obama,680,Bernie Sanders George W. Bush,0
Barack Obama,680,Bernie Sanders Hillary Clinton,0
Barack Obama,680,Bernie Sanders Joe Biden,0
Barack Obama,680,Bernie Sanders Richard Nixon,0
Barack Obama,680,Bernie Sanders Ronald Reagan,0
Barack Obama,680,Donald Trump Elizabeth Warren,0
Barack Obama,680,Donald Trump George W. Bush,0
Barack Obama,680,Donald Trump Hillary Clinton,0
Barack Obama,680,Donald Trump Joe Biden,0
Barack Obama,680,Donald Trump Richard Nixon,0
Barack Obama,680,Donald Trump Ronald Reagan,0
Barack Obama,680,Elizabeth Warren George W. Bush,0
Barack Obama,680,Elizabeth Warren Hillary Clinton,0
Barack Obama,680,Elizabeth Warren Joe Biden,0
Barack Obama,680,Elizabeth Warren Richard Nixon,0
Barack Obama,680,Elizabeth Warren Ronald Reagan,0
Barack Obama,680,George W. Bush Hillary Clinton,0
Barack Obama,680,George W. Bush Joe Biden,0
Barack Obama,680,George W. Bush Richard Nixon,0
Barack Obama,680,George W. Bush Ronald Reagan,0
Barack Obama,680,Hillary Clinton Joe Biden,0
Barack Obama,680,Hillary Clinton Richard Nixon,0
Barack Obama,680,Hillary Clinton Ronald Reagan,0
Barack Obama,680,Joe Biden Richard Nixon,0
Barack Obama,680,Joe Biden Ronald Reagan,0
Barack Obama,680,Richard Nixon Ronald Reagan,0
Joe Biden,681,Abraham Lincoln Barack Obama,0
Joe Biden,681,Abraham Lincoln Bernie Sanders,0
Joe Biden,681,Abraham Lincoln Donald Trump,0
Joe Biden,681,Abraham Lincoln Elizabeth Warren,0
Joe Biden,681,Abraham Lincoln Hillary Clinton,0
Joe Biden,681,Abraham Lincoln Richard Nixon,0
Joe Biden,681,Abraham Lincoln Ronald Reagan,0
Joe Biden,681,Barack Obama Bernie Sanders,0
Joe Biden,681,Barack Obama Donald Trump,0
Joe Biden,681,Barack Obama Elizabeth Warren,0
Joe Biden,681,Barack Obama George W. Bush,0
Joe Biden,681,Barack Obama Hillary Clinton,0
Joe Biden,681,Barack Obama Richard Nixon,0
Joe Biden,681,Barack Obama Ronald Reagan,0
Joe Biden,681,Bernie Sanders Donald Trump,0
Joe Biden,681,Bernie Sanders Elizabeth Warren,0
Joe Biden,681,Bernie Sanders George W. Bush,1
Joe Biden,681,Bernie Sanders Hillary Clinton,0
Joe Biden,681,Bernie Sanders Ronald Reagan,0
Joe Biden,681,Donald Trump Elizabeth Warren,0
Joe Biden,681,Donald Trump George W. Bush,0
Joe Biden,681,Donald Trump Hillary Clinton,0
Joe Biden,681,Donald Trump Richard Nixon,0
Joe Biden,681,Donald Trump Ronald Reagan,0
Joe Biden,681,Elizabeth Warren George W. Bush,0
Joe Biden,681,Elizabeth Warren Hillary Clinton,0
Joe Biden,681,Elizabeth Warren Richard Nixon,0
Joe Biden,681,Elizabeth Warren Ronald Reagan,0
Joe Biden,681,George W. Bush Hillary Clinton,0
Joe Biden,681,George W. Bush Richard Nixon,0
Joe Biden,681,George W. Bush Ronald Reagan,0
Joe Biden,681,Hillary Clinton Richard Nixon,0
Joe Biden,681,Hillary Clinton Ronald Reagan,0
Joe Biden,681,Richard Nixon Ronald Reagan,0
Hillary Clinton,682,Abraham Lincoln Barack Obama,0
Hillary Clinton,682,Abraham Lincoln Bernie Sanders,0
Hillary Clinton,682,Abraham Lincoln Donald Trump,0
Hillary Clinton,682,Abraham Lincoln Elizabeth Warren,0
Hillary Clinton,682,Abraham Lincoln George W. Bush,0
Hillary Clinton,682,Abraham Lincoln Joe Biden,0
Hillary Clinton,682,Abraham Lincoln Ronald Reagan,0
Hillary Clinton,682,Barack Obama Bernie Sanders,0
Hillary Clinton,682,Barack Obama Donald Trump,0
Hillary Clinton,682,Barack Obama Elizabeth Warren,0
Hillary Clinton,682,Barack Obama George W. Bush,0
Hillary Clinton,682,Barack Obama Joe Biden,1
Hillary Clinton,682,Barack Obama Ronald Reagan,0
Hillary Clinton,682,Bernie Sanders Donald Trump,0
Hillary Clinton,682,Bernie Sanders Elizabeth Warren,0
Hillary Clinton,682,Bernie Sanders George W. Bush,0
Hillary Clinton,682,Bernie Sanders Joe Biden,0
Hillary Clinton,682,Bernie Sanders Richard Nixon,0
Hillary Clinton,682,Bernie Sanders Ronald Reagan,0
Hillary Clinton,682,Donald Trump Elizabeth Warren,0
Hillary Clinton,682,Donald Trump George W. Bush,0
Hillary Clinton,682,Donald Trump Joe Biden,0
Hillary Clinton,682,Donald Trump Richard Nixon,0
Hillary Clinton,682,Donald Trump Ronald Reagan,0
Hillary Clinton,682,Elizabeth Warren George W. Bush,0
Hillary Clinton,682,Elizabeth Warren Joe Biden,0
Hillary Clinton,682,Elizabeth Warren Richard Nixon,0
Hillary Clinton,682,Elizabeth Warren Ronald Reagan,0
Hillary Clinton,682,George W. Bush Joe Biden,0
Hillary Clinton,682,George W. Bush Richard Nixon,0
Hillary Clinton,682,George W. Bush Ronald Reagan,0
Hillary Clinton,682,Joe Biden Richard Nixon,0
Hillary Clinton,682,Joe Biden Ronald Reagan,0
Hillary Clinton,682,Richard Nixon Ronald Reagan,1
Ronald Reagan,683,Abraham Lincoln Bernie Sanders,0
Ronald Reagan,683,Abraham Lincoln Donald Trump,0
Ronald Reagan,683,Abraham Lincoln George W. Bush,0
Ronald Reagan,683,Abraham Lincoln Hillary Clinton,0
Ronald Reagan,683,Abraham Lincoln Joe Biden,0
Ronald Reagan,683,Abraham Lincoln Richard Nixon,0
Ronald Reagan,683,Barack Obama Bernie Sanders,0
Ronald Reagan,683,Barack Obama Donald Trump,0
Ronald Reagan,683,Barack Obama Elizabeth Warren,0
Ronald Reagan,683,Barack Obama George W. Bush,0
Ronald Reagan,683,Barack Obama Hillary Clinton,0
Ronald Reagan,683,Barack Obama Joe Biden,0
Ronald Reagan,683,Barack Obama Richard Nixon,0
Ronald Reagan,683,Bernie Sanders Donald Trump,0
Ronald Reagan,683,Bernie Sanders Elizabeth Warren,0
Ronald Reagan,683,Bernie Sanders George W. Bush,0
Ronald Reagan,683,Bernie Sanders Hillary Clinton,0
Ronald Reagan,683,Bernie Sanders Joe Biden,0
Ronald Reagan,683,Bernie Sanders Richard Nixon,0
Ronald Reagan,683,Donald Trump Elizabeth Warren,0
Ronald Reagan,683,Donald Trump Hillary Clinton,0
Ronald Reagan,683,Donald Trump Joe Biden,0
Ronald Reagan,683,Donald Trump Richard Nixon,0
Ronald Reagan,683,Elizabeth Warren George W. Bush,0
Ronald Reagan,683,Elizabeth Warren Hillary Clinton,0
Ronald Reagan,683,Elizabeth Warren Joe Biden,0
Ronald Reagan,683,Elizabeth Warren Richard Nixon,0
Ronald Reagan,683,George W. Bush Hillary Clinton,0
Ronald Reagan,683,George W. Bush Joe Biden,0
Ronald Reagan,683,Hillary Clinton Joe Biden,0
Ronald Reagan,683,Hillary Clinton Richard Nixon,0
Ronald Reagan,683,Joe Biden Richard Nixon,0
Ronald Reagan,684,Abraham Lincoln Barack Obama,0
Ronald Reagan,684,Abraham Lincoln Bernie Sanders,0
Ronald Reagan,684,Abraham Lincoln Donald Trump,0
Ronald Reagan,684,Abraham Lincoln Elizabeth Warren,0
Ronald Reagan,684,Abraham Lincoln George W. Bush,0
Ronald Reagan,684,Abraham Lincoln Hillary Clinton,0
Ronald Reagan,684,Abraham Lincoln Joe Biden,0
Ronald Reagan,684,Abraham Lincoln Richard Nixon,0
Ronald Reagan,684,Barack Obama Bernie Sanders,0
Ronald Reagan,684,Barack Obama Donald Trump,0
Ronald Reagan,684,Barack Obama Elizabeth Warren,0
Ronald Reagan,684,Barack Obama George W. Bush,0
Ronald Reagan,684,Barack Obama Hillary Clinton,0
Ronald Reagan,684,Barack Obama Joe Biden,0
Ronald Reagan,684,Barack Obama Richard Nixon,0
Ronald Reagan,684,Bernie Sanders Donald Trump,0
Ronald Reagan,684,Bernie Sanders Elizabeth Warren,0
Ronald Reagan,684,Bernie Sanders George W. Bush,0
Ronald Reagan,684,Bernie Sanders Hillary Clinton,0
Ronald Reagan,684,Bernie Sanders Joe Biden,1
Ronald Reagan,684,Bernie Sanders Richard Nixon,0
Ronald Reagan,684,Donald Trump Elizabeth Warren,0
Ronald Reagan,684,Donald Trump George W. Bush,0
Ronald Reagan,684,Donald Trump Joe Biden,0
Ronald Reagan,684,Donald Trump Richard Nixon,0
Ronald Reagan,684,Elizabeth Warren George W. Bush,0
Ronald Reagan,684,Elizabeth Warren Hillary Clinton,0
Ronald Reagan,684,Elizabeth Warren Joe Biden,0
Ronald Reagan,684,Elizabeth Warren Richard Nixon,0
Ronald Reagan,684,George W. Bush Hillary Clinton,0
Ronald Reagan,684,George W. Bush Joe Biden,0
Ronald Reagan,684,George W. Bush Richard Nixon,0
Ronald Reagan,684,Hillary Clinton Joe Biden,0
Ronald Reagan,684,Hillary Clinton Richard Nixon,1
Ronald Reagan,684,Joe Biden Richard Nixon,0
Barack Obama,685,Abraham Lincoln Donald Trump,0
Barack Obama,685,Abraham Lincoln Elizabeth Warren,0
Barack Obama,685,Abraham Lincoln George W. Bush,0
Barack Obama,685,Abraham Lincoln Hillary Clinton,0
Barack Obama,685,Abraham Lincoln Joe Biden,0
Barack Obama,685,Abraham Lincoln Ronald Reagan,1
Barack Obama,685,Bernie Sanders Donald Trump,0
Barack Obama,685,Bernie Sanders Elizabeth Warren,0
Barack Obama,685,Bernie Sanders George W. Bush,0
Barack Obama,685,Bernie Sanders Hillary Clinton,0
Barack Obama,685,Bernie Sanders Joe Biden,0
Barack Obama,685,Bernie Sanders Richard Nixon,0
Barack Obama,685,Bernie Sanders Ronald Reagan,0
Barack Obama,685,Donald Trump Elizabeth Warren,0
Barack Obama,685,Donald Trump Hillary Clinton,0
Barack Obama,685,Donald Trump Joe Biden,0
Barack Obama,685,Donald Trump Ronald Reagan,0
Barack Obama,685,Elizabeth Warren George W. Bush,0
Barack Obama,685,Elizabeth Warren Hillary Clinton,0
Barack Obama,685,Elizabeth Warren Joe Biden,1
Barack Obama,685,Elizabeth Warren Richard Nixon,0
Barack Obama,685,Elizabeth Warren Ronald Reagan,0
Barack Obama,685,George W. Bush Hillary Clinton,0
Barack Obama,685,George W. Bush Joe Biden,0
Barack Obama,685,George W. Bush Ronald Reagan,0
Barack Obama,685,Hillary Clinton Joe Biden,0
Barack Obama,685,Hillary Clinton Richard Nixon,0
Barack Obama,685,Hillary Clinton Ronald Reagan,0
Barack Obama,685,Joe Biden Richard Nixon,0
Barack Obama,685,Joe Biden Ronald Reagan,0
Barack Obama,685,Richard Nixon Ronald Reagan,0
George W. Bush,686,Abraham Lincoln Barack Obama,0
George W. Bush,686,Abraham Lincoln Bernie Sanders,0
George W. Bush,686,Abraham Lincoln Donald Trump,0
George W. Bush,686,Abraham Lincoln Elizabeth Warren,0
George W. Bush,686,Abraham Lincoln Hillary Clinton,0
George W. Bush,686,Abraham Lincoln Joe Biden,0
George W. Bush,686,Abraham Lincoln Richard Nixon,0
George W. Bush,686,Abraham Lincoln Ronald Reagan,0
George W. Bush,686,Barack Obama Bernie Sanders,0
George W. Bush,686,Barack Obama Donald Trump,0
George W. Bush,686,Barack Obama Elizabeth Warren,0
George W. Bush,686,Barack Obama Hillary Clinton,0
George W. Bush,686,Barack Obama Joe Biden,1
George W. Bush,686,Barack Obama Richard Nixon,0
George W. Bush,686,Barack Obama Ronald Reagan,0
George W. Bush,686,Bernie Sanders Donald Trump,0
George W. Bush,686,Bernie Sanders Elizabeth Warren,0
George W. Bush,686,Bernie Sanders Hillary Clinton,0
George W. Bush,686,Bernie Sanders Joe Biden,0
George W. Bush,686,Bernie Sanders Richard Nixon,0
George W. Bush,686,Bernie Sanders Ronald Reagan,0
George W. Bush,686,Donald Trump Elizabeth Warren,0
George W. Bush,686,Donald Trump Hillary Clinton,0
George W. Bush,686,Donald Trump Joe Biden,0
George W. Bush,686,Donald Trump Richard Nixon,0
George W. Bush,686,Donald Trump Ronald Reagan,0
George W. Bush,686,Elizabeth Warren Hillary Clinton,0
George W. Bush,686,Elizabeth Warren Joe Biden,1
George W. Bush,686,Elizabeth Warren Richard Nixon,0
George W. Bush,686,Elizabeth Warren Ronald Reagan,0
George W. Bush,686,Hillary Clinton Joe Biden,0
George W. Bush,686,Hillary Clinton Richard Nixon,1
George W. Bush,686,Hillary Clinton Ronald Reagan,0
George W. Bush,686,Joe Biden Richard Nixon,0
George W. Bush,686,Joe Biden Ronald Reagan,0
George W. Bush,686,Richard Nixon Ronald Reagan,0
George W. Bush,687,Abraham Lincoln Barack Obama,0
George W. Bush,687,Abraham Lincoln Bernie Sanders,0
George W. Bush,687,Abraham Lincoln Donald Trump,0
George W. Bush,687,Abraham Lincoln Elizabeth Warren,0
George W. Bush,687,Abraham Lincoln Hillary Clinton,0
George W. Bush,687,Abraham Lincoln Joe Biden,0
George W. Bush,687,Abraham Lincoln Richard Nixon,0
George W. Bush,687,Abraham Lincoln Ronald Reagan,0
George W. Bush,687,Barack Obama Bernie Sanders,0
George W. Bush,687,Barack Obama Donald Trump,0
George W. Bush,687,Barack Obama Elizabeth Warren,0
George W. Bush,687,Barack Obama Hillary Clinton,0
George W. Bush,687,Barack Obama Joe Biden,0
George W. Bush,687,Barack Obama Richard Nixon,0
George W. Bush,687,Barack Obama Ronald Reagan,0
George W. Bush,687,Bernie Sanders Donald Trump,0
George W. Bush,687,Bernie Sanders Elizabeth Warren,0
George W. Bush,687,Bernie Sanders Hillary Clinton,0
George W. Bush,687,Bernie Sanders Joe Biden,0
George W. Bush,687,Bernie Sanders Richard Nixon,0
George W. Bush,687,Bernie Sanders Ronald Reagan,0
George W. Bush,687,Donald Trump Elizabeth Warren,0
George W. Bush,687,Donald Trump Hillary Clinton,0
George W. Bush,687,Donald Trump Joe Biden,0
George W. Bush,687,Donald Trump Richard Nixon,0
George W. Bush,687,Donald Trump Ronald Reagan,0
George W. Bush,687,Elizabeth Warren Hillary Clinton,0
George W. Bush,687,Elizabeth Warren Joe Biden,0
George W. Bush,687,Elizabeth Warren Richard Nixon,0
George W. Bush,687,Elizabeth Warren Ronald Reagan,0
George W. Bush,687,Hillary Clinton Joe Biden,0
George W. Bush,687,Hillary Clinton Richard Nixon,0
George W. Bush,687,Hillary Clinton Ronald Reagan,0
George W. Bush,687,Joe Biden Richard Nixon,0
George W. Bush,687,Joe Biden Ronald Reagan,0
Bernie Sanders,688,Abraham Lincoln Barack Obama,0
Bernie Sanders,688,Abraham Lincoln Donald Trump,0
Bernie Sanders,688,Abraham Lincoln Elizabeth Warren,0
Bernie Sanders,688,Abraham Lincoln George W. Bush,0
Bernie Sanders,688,Abraham Lincoln Hillary Clinton,0
Bernie Sanders,688,Abraham Lincoln Joe Biden,0
Bernie Sanders,688,Abraham Lincoln Richard Nixon,0
Bernie Sanders,688,Abraham Lincoln Ronald Reagan,0
Bernie Sanders,688,Barack Obama Donald Trump,0
Bernie Sanders,688,Barack Obama Elizabeth Warren,0
Bernie Sanders,688,Barack Obama George W. Bush,0
Bernie Sanders,688,Barack Obama Hillary Clinton,0
Bernie Sanders,688,Barack Obama Joe Biden,0
Bernie Sanders,688,Barack Obama Richard Nixon,0
Bernie Sanders,688,Barack Obama Ronald Reagan,0
Bernie Sanders,688,Donald Trump Elizabeth Warren,0
Bernie Sanders,688,Donald Trump George W. Bush,0
Bernie Sanders,688,Donald Trump Hillary Clinton,0
Bernie Sanders,688,Donald Trump Joe Biden,0
Bernie Sanders,688,Donald Trump Ronald Reagan,0
Bernie Sanders,688,Elizabeth Warren George W. Bush,0
Bernie Sanders,688,Elizabeth Warren Hillary Clinton,0
Bernie Sanders,688,Elizabeth Warren Joe Biden,0
Bernie Sanders,688,Elizabeth Warren Richard Nixon,0
Bernie Sanders,688,Elizabeth Warren Ronald Reagan,0
Bernie Sanders,688,George W. Bush Hillary Clinton,0
Bernie Sanders,688,George W. Bush Joe Biden,0
Bernie Sanders,688,George W. Bush Richard Nixon,0
Bernie Sanders,688,George W. Bush Ronald Reagan,0
Bernie Sanders,688,Hillary Clinton Joe Biden,0
Bernie Sanders,688,Hillary Clinton Richard Nixon,1
Bernie Sanders,688,Hillary Clinton Ronald Reagan,0
Bernie Sanders,688,Joe Biden Ronald Reagan,0
Bernie Sanders,688,Richard Nixon Ronald Reagan,0
Barack Obama,689,Abraham Lincoln Bernie Sanders,0
Barack Obama,689,Abraham Lincoln Donald Trump,0
Barack Obama,689,Abraham Lincoln Elizabeth Warren,0
Barack Obama,689,Abraham Lincoln George W. Bush,0
Barack Obama,689,Abraham Lincoln Hillary Clinton,0
Barack Obama,689,Abraham Lincoln Joe Biden,1
Barack Obama,689,Abraham Lincoln Richard Nixon,0
Barack Obama,689,Abraham Lincoln Ronald Reagan,0
Barack Obama,689,Bernie Sanders Donald Trump,0
Barack Obama,689,Bernie Sanders Elizabeth Warren,0
Barack Obama,689,Bernie Sanders George W. Bush,0
Barack Obama,689,Bernie Sanders Hillary Clinton,0
Barack Obama,689,Bernie Sanders Joe Biden,0
Barack Obama,689,Bernie Sanders Ronald Reagan,0
Barack Obama,689,Donald Trump Elizabeth Warren,0
Barack Obama,689,Donald Trump George W. Bush,0
Barack Obama,689,Donald Trump Joe Biden,0
Barack Obama,689,Donald Trump Richard Nixon,0
Barack Obama,689,Donald Trump Ronald Reagan,0
Barack Obama,689,Elizabeth Warren George W. Bush,0
Barack Obama,689,Elizabeth Warren Hillary Clinton,0
Barack Obama,689,Elizabeth Warren Joe Biden,0
Barack Obama,689,Elizabeth Warren Richard Nixon,0
Barack Obama,689,Elizabeth Warren Ronald Reagan,0
Barack Obama,689,George W. Bush Hillary Clinton,0
Barack Obama,689,George W. Bush Joe Biden,0
Barack Obama,689,George W. Bush Richard Nixon,0
Barack Obama,689,George W. Bush Ronald Reagan,0
Barack Obama,689,Hillary Clinton Joe Biden,0
Barack Obama,689,Hillary Clinton Richard Nixon,0
Barack Obama,689,Hillary Clinton Ronald Reagan,0
Barack Obama,689,Joe Biden Richard Nixon,0
Barack Obama,689,Joe Biden Ronald Reagan,0
Barack Obama,689,Richard Nixon Ronald Reagan,0
Abraham Lincoln,690,Barack Obama Bernie Sanders,0
Abraham Lincoln,690,Barack Obama Elizabeth Warren,0
Abraham Lincoln,690,Barack Obama George W. Bush,0
Abraham Lincoln,690,Barack Obama Hillary Clinton,0
Abraham Lincoln,690,Barack Obama Joe Biden,0
Abraham Lincoln,690,Barack Obama Richard Nixon,0
Abraham Lincoln,690,Barack Obama Ronald Reagan,0
Abraham Lincoln,690,Bernie Sanders Donald Trump,0
Abraham Lincoln,690,Bernie Sanders Elizabeth Warren,0
Abraham Lincoln,690,Bernie Sanders Hillary Clinton,0
Abraham Lincoln,690,Bernie Sanders Joe Biden,0
Abraham Lincoln,690,Bernie Sanders Richard Nixon,0
Abraham Lincoln,690,Bernie Sanders Ronald Reagan,0
Abraham Lincoln,690,Donald Trump Elizabeth Warren,0
Abraham Lincoln,690,Donald Trump George W. Bush,0
Abraham Lincoln,690,Donald Trump Hillary Clinton,0
Abraham Lincoln,690,Donald Trump Joe Biden,0
Abraham Lincoln,690,Donald Trump Richard Nixon,0
Abraham Lincoln,690,Donald Trump Ronald Reagan,0
Abraham Lincoln,690,Elizabeth Warren George W. Bush,0
Abraham Lincoln,690,Elizabeth Warren Hillary Clinton,0
Abraham Lincoln,690,Elizabeth Warren Joe Biden,0
Abraham Lincoln,690,Elizabeth Warren Richard Nixon,0
Abraham Lincoln,690,Elizabeth Warren Ronald Reagan,0
Abraham Lincoln,690,George W. Bush Hillary Clinton,0
Abraham Lincoln,690,George W. Bush Joe Biden,0
Abraham Lincoln,690,George W. Bush Richard Nixon,0
Abraham Lincoln,690,George W. Bush Ronald Reagan,0
Abraham Lincoln,690,Hillary Clinton Joe Biden,0
Abraham Lincoln,690,Hillary Clinton Richard Nixon,0
Abraham Lincoln,690,Hillary Clinton Ronald Reagan,0
Abraham Lincoln,690,Joe Biden Richard Nixon,1
Abraham Lincoln,690,Joe Biden Ronald Reagan,0
Abraham Lincoln,690,Richard Nixon Ronald Reagan,0
George W. Bush,691,Abraham Lincoln Barack Obama,0
George W. Bush,691,Abraham Lincoln Bernie Sanders,0
George W. Bush,691,Abraham Lincoln Elizabeth Warren,0
George W. Bush,691,Abraham Lincoln Hillary Clinton,0
George W. Bush,691,Abraham Lincoln Joe Biden,0
George W. Bush,691,Abraham Lincoln Richard Nixon,0
George W. Bush,691,Abraham Lincoln Ronald Reagan,0
George W. Bush,691,Barack Obama Donald Trump,0
George W. Bush,691,Barack Obama Elizabeth Warren,0
George W. Bush,691,Barack Obama Hillary Clinton,0
George W. Bush,691,Barack Obama Joe Biden,0
George W. Bush,691,Barack Obama Richard Nixon,0
George W. Bush,691,Barack Obama Ronald Reagan,0
George W. Bush,691,Bernie Sanders Donald Trump,0
George W. Bush,691,Bernie Sanders Elizabeth Warren,0
George W. Bush,691,Bernie Sanders Hillary Clinton,0
George W. Bush,691,Bernie Sanders Joe Biden,0
George W. Bush,691,Bernie Sanders Richard Nixon,0
George W. Bush,691,Bernie Sanders Ronald Reagan,0
George W. Bush,691,Donald Trump Elizabeth Warren,0
George W. Bush,691,Donald Trump Hillary Clinton,0
George W. Bush,691,Donald Trump Joe Biden,1
George W. Bush,691,Donald Trump Richard Nixon,0
George W. Bush,691,Donald Trump Ronald Reagan,0
George W. Bush,691,Elizabeth Warren Hillary Clinton,0
George W. Bush,691,Elizabeth Warren Joe Biden,0
George W. Bush,691,Elizabeth Warren Richard Nixon,0
George W. Bush,691,Elizabeth Warren Ronald Reagan,0
George W. Bush,691,Hillary Clinton Joe Biden,0
George W. Bush,691,Hillary Clinton Richard Nixon,0
George W. Bush,691,Hillary Clinton Ronald Reagan,0
George W. Bush,691,Joe Biden Richard Nixon,0
George W. Bush,691,Richard Nixon Ronald Reagan,0
Elizabeth Warren,692,Abraham Lincoln Barack Obama,0
Elizabeth Warren,692,Abraham Lincoln Bernie Sanders,0
Elizabeth Warren,692,Abraham Lincoln Donald Trump,0
Elizabeth Warren,692,Abraham Lincoln George W. Bush,0
Elizabeth Warren,692,Abraham Lincoln Hillary Clinton,0
Elizabeth Warren,692,Abraham Lincoln Joe Biden,0
Elizabeth Warren,692,Abraham Lincoln Richard Nixon,0
Elizabeth Warren,692,Abraham Lincoln Ronald Reagan,0
Elizabeth Warren,692,Barack Obama Bernie Sanders,0
Elizabeth Warren,692,Barack Obama Donald Trump,0
Elizabeth Warren,692,Barack Obama George W. Bush,0
Elizabeth Warren,692,Barack Obama Hillary Clinton,0
Elizabeth Warren,692,Barack Obama Joe Biden,0
Elizabeth Warren,692,Barack Obama Richard Nixon,0
Elizabeth Warren,692,Barack Obama Ronald Reagan,0
Elizabeth Warren,692,Bernie Sanders Donald Trump,0
Elizabeth Warren,692,Bernie Sanders George W. Bush,0
Elizabeth Warren,692,Bernie Sanders Hillary Clinton,0
Elizabeth Warren,692,Bernie Sanders Joe Biden,0
Elizabeth Warren,692,Bernie Sanders Richard Nixon,0
Elizabeth Warren,692,Bernie Sanders Ronald Reagan,0
Elizabeth Warren,692,Donald Trump George W. Bush,0
Elizabeth Warren,692,Donald Trump Hillary Clinton,0
Elizabeth Warren,692,Donald Trump Joe Biden,0
Elizabeth Warren,692,Donald Trump Richard Nixon,0
Elizabeth Warren,692,Donald Trump Ronald Reagan,0
Elizabeth Warren,692,George W. Bush Hillary Clinton,0
Elizabeth Warren,692,George W. Bush Joe Biden,1
Elizabeth Warren,692,George W. Bush Richard Nixon,0
Elizabeth Warren,692,George W. Bush Ronald Reagan,0
Elizabeth Warren,692,Hillary Clinton Joe Biden,0
Elizabeth Warren,692,Hillary Clinton Richard Nixon,0
Elizabeth Warren,692,Hillary Clinton Ronald Reagan,0
Elizabeth Warren,692,Joe Biden Richard Nixon,0
Elizabeth Warren,692,Joe Biden Ronald Reagan,0
Elizabeth Warren,692,Richard Nixon Ronald Reagan,0
Richard Nixon,693,Abraham Lincoln Barack Obama,0
Richard Nixon,693,Abraham Lincoln Bernie Sanders,0
Richard Nixon,693,Abraham Lincoln Donald Trump,0
Richard Nixon,693,Abraham Lincoln Elizabeth Warren,0
Richard Nixon,693,Abraham Lincoln George W. Bush,0
Richard Nixon,693,Abraham Lincoln Hillary Clinton,0
Richard Nixon,693,Abraham Lincoln Joe Biden,0
Richard Nixon,693,Abraham Lincoln Ronald Reagan,0
Richard Nixon,693,Barack Obama Bernie Sanders,0
Richard Nixon,693,Barack Obama Donald Trump,0
Richard Nixon,693,Barack Obama Elizabeth Warren,0
Richard Nixon,693,Barack Obama George W. Bush,0
Richard Nixon,693,Barack Obama Hillary Clinton,0
Richard Nixon,693,Barack Obama Joe Biden,1
Richard Nixon,693,Barack Obama Ronald Reagan,0
Richard Nixon,693,Bernie Sanders Donald Trump,0
Richard Nixon,693,Bernie Sanders Elizabeth Warren,0
Richard Nixon,693,Bernie Sanders George W. Bush,0
Richard Nixon,693,Bernie Sanders Hillary Clinton,0
Richard Nixon,693,Bernie Sanders Joe Biden,0
Richard Nixon,693,Bernie Sanders Ronald Reagan,0
Richard Nixon,693,Donald Trump Elizabeth Warren,0
Richard Nixon,693,Donald Trump George W. Bush,0
Richard Nixon,693,Donald Trump Hillary Clinton,0
Richard Nixon,693,Donald Trump Joe Biden,0
Richard Nixon,693,Elizabeth Warren George W. Bush,0
Richard Nixon,693,Elizabeth Warren Hillary Clinton,0
Richard Nixon,693,Elizabeth Warren Joe Biden,0
Richard Nixon,693,Elizabeth Warren Ronald Reagan,0
Richard Nixon,693,George W. Bush Hillary Clinton,1
Richard Nixon,693,George W. Bush Joe Biden,0
Richard Nixon,693,George W. Bush Ronald Reagan,0
Richard Nixon,693,Hillary Clinton Joe Biden,0
Richard Nixon,693,Hillary Clinton Ronald Reagan,0
Richard Nixon,693,Joe Biden Ronald Reagan,0
Abraham Lincoln,694,Barack Obama Bernie Sanders,0
Abraham Lincoln,694,Barack Obama Donald Trump,0
Abraham Lincoln,694,Barack Obama Elizabeth Warren,0
Abraham Lincoln,694,Barack Obama George W. Bush,0
Abraham Lincoln,694,Barack Obama Hillary Clinton,1
Abraham Lincoln,694,Barack Obama Joe Biden,0
Abraham Lincoln,694,Barack Obama Richard Nixon,0
Abraham Lincoln,694,Bernie Sanders Elizabeth Warren,0
Abraham Lincoln,694,Bernie Sanders George W. Bush,0
Abraham Lincoln,694,Bernie Sanders Hillary Clinton,0
Abraham Lincoln,694,Bernie Sanders Joe Biden,0
Abraham Lincoln,694,Bernie Sanders Richard Nixon,0
Abraham Lincoln,694,Bernie Sanders Ronald Reagan,0
Abraham Lincoln,694,Donald Trump Elizabeth Warren,0
Abraham Lincoln,694,Donald Trump George W. Bush,0
Abraham Lincoln,694,Donald Trump Hillary Clinton,0
Abraham Lincoln,694,Donald Trump Joe Biden,1
Abraham Lincoln,694,Donald Trump Richard Nixon,0
Abraham Lincoln,694,Donald Trump Ronald Reagan,0
Abraham Lincoln,694,Elizabeth Warren George W. Bush,0
Abraham Lincoln,694,Elizabeth Warren Hillary Clinton,0
Abraham Lincoln,694,Elizabeth Warren Joe Biden,0
Abraham Lincoln,694,Elizabeth Warren Richard Nixon,0
Abraham Lincoln,694,Elizabeth Warren Ronald Reagan,0
Abraham Lincoln,694,George W. Bush Hillary Clinton,0
Abraham Lincoln,694,George W. Bush Joe Biden,0
Abraham Lincoln,694,George W. Bush Richard Nixon,0
Abraham Lincoln,694,George W. Bush Ronald Reagan,0
Abraham Lincoln,694,Hillary Clinton Joe Biden,0
Abraham Lincoln,694,Hillary Clinton Richard Nixon,0
Abraham Lincoln,694,Hillary Clinton Ronald Reagan,0
Abraham Lincoln,694,Joe Biden Richard Nixon,0
Abraham Lincoln,694,Richard Nixon Ronald Reagan,1
Hillary Clinton,695,Abraham Lincoln Barack Obama,0
Hillary Clinton,695,Abraham Lincoln Bernie Sanders,0
Hillary Clinton,695,Abraham Lincoln Donald Trump,0
Hillary Clinton,695,Abraham Lincoln George W. Bush,0
Hillary Clinton,695,Abraham Lincoln Joe Biden,0
Hillary Clinton,695,Abraham Lincoln Richard Nixon,0
Hillary Clinton,695,Abraham Lincoln Ronald Reagan,0
Hillary Clinton,695,Barack Obama Bernie Sanders,0
Hillary Clinton,695,Barack Obama Donald Trump,0
Hillary Clinton,695,Barack Obama Elizabeth Warren,0
Hillary Clinton,695,Barack Obama George W. Bush,0
Hillary Clinton,695,Barack Obama Joe Biden,0
Hillary Clinton,695,Barack Obama Richard Nixon,0
Hillary Clinton,695,Barack Obama Ronald Reagan,0
Hillary Clinton,695,Bernie Sanders Donald Trump,0
Hillary Clinton,695,Bernie Sanders Elizabeth Warren,0
Hillary Clinton,695,Bernie Sanders George W. Bush,0
Hillary Clinton,695,Bernie Sanders Joe Biden,0
Hillary Clinton,695,Bernie Sanders Richard Nixon,0
Hillary Clinton,695,Donald Trump Elizabeth Warren,0
Hillary Clinton,695,Donald Trump George W. Bush,0
Hillary Clinton,695,Donald Trump Joe Biden,1
Hillary Clinton,695,Donald Trump Richard Nixon,0
Hillary Clinton,695,Donald Trump Ronald Reagan,0
Hillary Clinton,695,Elizabeth Warren George W. Bush,0
Hillary Clinton,695,Elizabeth Warren Joe Biden,0
Hillary Clinton,695,Elizabeth Warren Richard Nixon,0
Hillary Clinton,695,Elizabeth Warren Ronald Reagan,0
Hillary Clinton,695,George W. Bush Joe Biden,0
Hillary Clinton,695,George W. Bush Richard Nixon,0
Hillary Clinton,695,George W. Bush Ronald Reagan,0
Hillary Clinton,695,Joe Biden Richard Nixon,0
Hillary Clinton,695,Joe Biden Ronald Reagan,0
Hillary Clinton,695,Richard Nixon Ronald Reagan,0
Elizabeth Warren,696,Abraham Lincoln Barack Obama,0
Elizabeth Warren,696,Abraham Lincoln Bernie Sanders,0
Elizabeth Warren,696,Abraham Lincoln George W. Bush,0
Elizabeth Warren,696,Abraham Lincoln Hillary Clinton,0
Elizabeth Warren,696,Abraham Lincoln Joe Biden,0
Elizabeth Warren,696,Abraham Lincoln Richard Nixon,0
Elizabeth Warren,696,Abraham Lincoln Ronald Reagan,0
Elizabeth Warren,696,Barack Obama Bernie Sanders,0
Elizabeth Warren,696,Barack Obama Donald Trump,0
Elizabeth Warren,696,Barack Obama Hillary Clinton,0
Elizabeth Warren,696,Barack Obama Joe Biden,1
Elizabeth Warren,696,Barack Obama Richard Nixon,0
Elizabeth Warren,696,Barack Obama Ronald Reagan,0
Elizabeth Warren,696,Bernie Sanders Donald Trump,0
Elizabeth Warren,696,Bernie Sanders George W. Bush,0
Elizabeth Warren,696,Bernie Sanders Hillary Clinton,0
Elizabeth Warren,696,Bernie Sanders Joe Biden,0
Elizabeth Warren,696,Bernie Sanders Richard Nixon,0
Elizabeth Warren,696,Donald Trump George W. Bush,0
Elizabeth Warren,696,Donald Trump Hillary Clinton,0
Elizabeth Warren,696,Donald Trump Richard Nixon,0
Elizabeth Warren,696,Donald Trump Ronald Reagan,0
Elizabeth Warren,696,George W. Bush Hillary Clinton,0
Elizabeth Warren,696,George W. Bush Joe Biden,0
Elizabeth Warren,696,George W. Bush Richard Nixon,0
Elizabeth Warren,696,George W. Bush Ronald Reagan,0
Elizabeth Warren,696,Hillary Clinton Joe Biden,0
Elizabeth Warren,696,Hillary Clinton Ronald Reagan,0
Elizabeth Warren,696,Joe Biden Richard Nixon,0
Elizabeth Warren,696,Joe Biden Ronald Reagan,0
Elizabeth Warren,696,Richard Nixon Ronald Reagan,1
Elizabeth Warren,697,Abraham Lincoln Barack Obama,0
Elizabeth Warren,697,Abraham Lincoln Bernie Sanders,0
Elizabeth Warren,697,Abraham Lincoln Donald Trump,0
Elizabeth Warren,697,Abraham Lincoln Hillary Clinton,0
Elizabeth Warren,697,Abraham Lincoln Ronald Reagan,0
Elizabeth Warren,697,Barack Obama Bernie Sanders,0
Elizabeth Warren,697,Barack Obama Donald Trump,0
Elizabeth Warren,697,Barack Obama George W. Bush,0
Elizabeth Warren,697,Barack Obama Hillary Clinton,0
Elizabeth Warren,697,Barack Obama Joe Biden,0
Elizabeth Warren,697,Barack Obama Richard Nixon,0
Elizabeth Warren,697,Barack Obama Ronald Reagan,0
Elizabeth Warren,697,Bernie Sanders Donald Trump,0
Elizabeth Warren,697,Bernie Sanders George W. Bush,0
Elizabeth Warren,697,Bernie Sanders Hillary Clinton,0
Elizabeth Warren,697,Bernie Sanders Joe Biden,0
Elizabeth Warren,697,Bernie Sanders Richard Nixon,0
Elizabeth Warren,697,Bernie Sanders Ronald Reagan,0
Elizabeth Warren,697,Donald Trump George W. Bush,0
Elizabeth Warren,697,Donald Trump Hillary Clinton,0
Elizabeth Warren,697,Donald Trump Joe Biden,0
Elizabeth Warren,697,Donald Trump Richard Nixon,0
Elizabeth Warren,697,Donald Trump Ronald Reagan,0
Elizabeth Warren,697,George W. Bush Hillary Clinton,0
Elizabeth Warren,697,George W. Bush Joe Biden,0
Elizabeth Warren,697,George W. Bush Richard Nixon,0
Elizabeth Warren,697,George W. Bush Ronald Reagan,0
Elizabeth Warren,697,Hillary Clinton Joe Biden,0
Elizabeth Warren,697,Hillary Clinton Richard Nixon,0
Elizabeth Warren,697,Hillary Clinton Ronald Reagan,0
Elizabeth Warren,697,Joe Biden Richard Nixon,0
Elizabeth Warren,697,Joe Biden Ronald Reagan,0
Elizabeth Warren,697,Richard Nixon Ronald Reagan,0
Barack Obama,698,Abraham Lincoln Bernie Sanders,0
Barack Obama,698,Abraham Lincoln Donald Trump,0
Barack Obama,698,Abraham Lincoln Elizabeth Warren,0
Barack Obama,698,Abraham Lincoln George W. Bush,0
Barack Obama,698,Abraham Lincoln Hillary Clinton,0
Barack Obama,698,Abraham Lincoln Joe Biden,0
Barack Obama,698,Abraham Lincoln Richard Nixon,0
Barack Obama,698,Abraham Lincoln Ronald Reagan,1
Barack Obama,698,Bernie Sanders Elizabeth Warren,0
Barack Obama,698,Bernie Sanders George W. Bush,0
Barack Obama,698,Bernie Sanders Hillary Clinton,0
Barack Obama,698,Bernie Sanders Joe Biden,0
Barack Obama,698,Bernie Sanders Richard Nixon,0
Barack Obama,698,Bernie Sanders Ronald Reagan,0
Barack Obama,698,Donald Trump Elizabeth Warren,0
Barack Obama,698,Donald Trump George W. Bush,0
Barack Obama,698,Donald Trump Hillary Clinton,0
Barack Obama,698,Donald Trump Joe Biden,0
Barack Obama,698,Donald Trump Richard Nixon,0
Barack Obama,698,Donald Trump Ronald Reagan,0
Barack Obama,698,Elizabeth Warren George W. Bush,0
Barack Obama,698,Elizabeth Warren Joe Biden,0
Barack Obama,698,Elizabeth Warren Richard Nixon,0
Barack Obama,698,Elizabeth Warren Ronald Reagan,0
Barack Obama,698,George W. Bush Joe Biden,1
Barack Obama,698,George W. Bush Richard Nixon,0
Barack Obama,698,George W. Bush Ronald Reagan,0
Barack Obama,698,Hillary Clinton Joe Biden,0
Barack Obama,698,Hillary Clinton Richard Nixon,0
Barack Obama,698,Hillary Clinton Ronald Reagan,0
Barack Obama,698,Joe Biden Richard Nixon,1
Barack Obama,698,Joe Biden Ronald Reagan,0
Barack Obama,698,Richard Nixon Ronald Reagan,0
Bernie Sanders,699,Abraham Lincoln Donald Trump,0
Bernie Sanders,699,Abraham Lincoln Elizabeth Warren,0
Bernie Sanders,699,Abraham Lincoln Hillary Clinton,0
Bernie Sanders,699,Abraham Lincoln Joe Biden,0
Bernie Sanders,699,Abraham Lincoln Ronald Reagan,0
Bernie Sanders,699,Barack Obama Donald Trump,0
Bernie Sanders,699,Barack Obama Elizabeth Warren,0
Bernie Sanders,699,Barack Obama George W. Bush,0
Bernie Sanders,699,Barack Obama Hillary Clinton,0
Bernie Sanders,699,Barack Obama Joe Biden,1
Bernie Sanders,699,Barack Obama Richard Nixon,0
Bernie Sanders,699,Barack Obama Ronald Reagan,0
Bernie Sanders,699,Donald Trump Elizabeth Warren,0
Bernie Sanders,699,Donald Trump George W. Bush,0
Bernie Sanders,699,Donald Trump Hillary Clinton,0
Bernie Sanders,699,Donald Trump Joe Biden,0
Bernie Sanders,699,Donald Trump Richard Nixon,1
Bernie Sanders,699,Donald Trump Ronald Reagan,0
Bernie Sanders,699,Elizabeth Warren George W. Bush,1
Bernie Sanders,699,Elizabeth Warren Hillary Clinton,0
Bernie Sanders,699,Elizabeth Warren Joe Biden,0
Bernie Sanders,699,Elizabeth Warren Richard Nixon,0
Bernie Sanders,699,Elizabeth Warren Ronald Reagan,0
Bernie Sanders,699,George W. Bush Hillary Clinton,1
Bernie Sanders,699,George W. Bush Joe Biden,0
Bernie Sanders,699,George W. Bush Richard Nixon,0
Bernie Sanders,699,George W. Bush Ronald Reagan,0
Bernie Sanders,699,Hillary Clinton Joe Biden,0
Bernie Sanders,699,Hillary Clinton Richard Nixon,0
Bernie Sanders,699,Hillary Clinton Ronald Reagan,0
Bernie Sanders,699,Joe Biden Richard Nixon,0
Bernie Sanders,699,Joe Biden Ronald Reagan,0
Bernie Sanders,699,Richard Nixon Ronald Reagan,0
Hillary Clinton,700,Abraham Lincoln Barack Obama,0
Hillary Clinton,700,Abraham Lincoln Bernie Sanders,0
Hillary Clinton,700,Abraham Lincoln Donald Trump,0
Hillary Clinton,700,Abraham Lincoln Elizabeth Warren,0
Hillary Clinton,700,Abraham Lincoln George W. Bush,0
Hillary Clinton,700,Abraham Lincoln Joe Biden,0
Hillary Clinton,700,Abraham Lincoln Richard Nixon,0
Hillary Clinton,700,Abraham Lincoln Ronald Reagan,0
Hillary Clinton,700,Barack Obama Bernie Sanders,0
Hillary Clinton,700,Barack Obama Donald Trump,0
Hillary Clinton,700,Barack Obama Elizabeth Warren,0
Hillary Clinton,700,Barack Obama George W. Bush,0
Hillary Clinton,700,Barack Obama Joe Biden,0
Hillary Clinton,700,Barack Obama Richard Nixon,0
Hillary Clinton,700,Barack Obama Ronald Reagan,0
Hillary Clinton,700,Bernie Sanders Donald Trump,0
Hillary Clinton,700,Bernie Sanders Elizabeth Warren,0
Hillary Clinton,700,Bernie Sanders George W. Bush,0
Hillary Clinton,700,Bernie Sanders Joe Biden,0
Hillary Clinton,700,Bernie Sanders Richard Nixon,0
Hillary Clinton,700,Bernie Sanders Ronald Reagan,0
Hillary Clinton,700,Donald Trump Elizabeth Warren,0
Hillary Clinton,700,Donald Trump George W. Bush,0
Hillary Clinton,700,Donald Trump Joe Biden,0
Hillary Clinton,700,Donald Trump Richard Nixon,0
Hillary Clinton,700,Donald Trump Ronald Reagan,0
Hillary Clinton,700,Elizabeth Warren George W. Bush,0
Hillary Clinton,700,Elizabeth Warren Joe Biden,0
Hillary Clinton,700,Elizabeth Warren Richard Nixon,0
Hillary Clinton,700,Elizabeth Warren Ronald Reagan,0
Hillary Clinton,700,George W. Bush Joe Biden,1
Hillary Clinton,700,George W. Bush Richard Nixon,0
Hillary Clinton,700,George W. Bush Ronald Reagan,0
Hillary Clinton,700,Joe Biden Ronald Reagan,0
Hillary Clinton,700,Richard Nixon Ronald Reagan,0
George W. Bush,701,Abraham Lincoln Barack Obama,0
George W. Bush,701,Abraham Lincoln Bernie Sanders,0
George W. Bush,701,Abraham Lincoln Donald Trump,0
George W. Bush,701,Abraham Lincoln Elizabeth Warren,0
George W. Bush,701,Abraham Lincoln Hillary Clinton,0
George W. Bush,701,Abraham Lincoln Joe Biden,0
George W. Bush,701,Abraham Lincoln Richard Nixon,0
George W. Bush,701,Abraham Lincoln Ronald Reagan,0
George W. Bush,701,Barack Obama Bernie Sanders,0
George W. Bush,701,Barack Obama Donald Trump,0
George W. Bush,701,Barack Obama Elizabeth Warren,0
George W. Bush,701,Barack Obama Hillary Clinton,0
George W. Bush,701,Barack Obama Richard Nixon,0
George W. Bush,701,Barack Obama Ronald Reagan,0
George W. Bush,701,Bernie Sanders Donald Trump,0
George W. Bush,701,Bernie Sanders Elizabeth Warren,0
George W. Bush,701,Bernie Sanders Hillary Clinton,0
George W. Bush,701,Bernie Sanders Richard Nixon,0
George W. Bush,701,Bernie Sanders Ronald Reagan,0
George W. Bush,701,Donald Trump Elizabeth Warren,1
George W. Bush,701,Donald Trump Hillary Clinton,1
George W. Bush,701,Donald Trump Joe Biden,0
George W. Bush,701,Donald Trump Richard Nixon,0
George W. Bush,701,Donald Trump Ronald Reagan,0
George W. Bush,701,Elizabeth Warren Hillary Clinton,0
George W. Bush,701,Elizabeth Warren Joe Biden,0
George W. Bush,701,Elizabeth Warren Richard Nixon,0
George W. Bush,701,Elizabeth Warren Ronald Reagan,0
George W. Bush,701,Hillary Clinton Joe Biden,0
George W. Bush,701,Hillary Clinton Richard Nixon,0
George W. Bush,701,Joe Biden Ronald Reagan,1
George W. Bush,701,Richard Nixon Ronald Reagan,0
Barack Obama,702,Abraham Lincoln Bernie Sanders,0
Barack Obama,702,Abraham Lincoln Donald Trump,0
Barack Obama,702,Abraham Lincoln Elizabeth Warren,1
Barack Obama,702,Abraham Lincoln George W. Bush,0
Barack Obama,702,Abraham Lincoln Hillary Clinton,0
Barack Obama,702,Abraham Lincoln Joe Biden,0
Barack Obama,702,Abraham Lincoln Richard Nixon,0
Barack Obama,702,Abraham Lincoln Ronald Reagan,0
Barack Obama,702,Bernie Sanders Donald Trump,0
Barack Obama,702,Bernie Sanders Elizabeth Warren,0
Barack Obama,702,Bernie Sanders George W. Bush,0
Barack Obama,702,Bernie Sanders Hillary Clinton,0
Barack Obama,702,Bernie Sanders Joe Biden,0
Barack Obama,702,Bernie Sanders Ronald Reagan,0
Barack Obama,702,Donald Trump Elizabeth Warren,0
Barack Obama,702,Donald Trump George W. Bush,0
Barack Obama,702,Donald Trump Hillary Clinton,0
Barack Obama,702,Donald Trump Joe Biden,1
Barack Obama,702,Donald Trump Richard Nixon,0
Barack Obama,702,Donald Trump Ronald Reagan,0
Barack Obama,702,Elizabeth Warren George W. Bush,1
Barack Obama,702,Elizabeth Warren Hillary Clinton,0
Barack Obama,702,Elizabeth Warren Joe Biden,0
Barack Obama,702,Elizabeth Warren Richard Nixon,0
Barack Obama,702,Elizabeth Warren Ronald Reagan,0
Barack Obama,702,George W. Bush Hillary Clinton,1
Barack Obama,702,George W. Bush Joe Biden,0
Barack Obama,702,George W. Bush Richard Nixon,0
Barack Obama,702,George W. Bush Ronald Reagan,0
Barack Obama,702,Hillary Clinton Joe Biden,0
Barack Obama,702,Hillary Clinton Richard Nixon,0
Barack Obama,702,Hillary Clinton Ronald Reagan,0
Barack Obama,702,Joe Biden Richard Nixon,0
Barack Obama,702,Joe Biden Ronald Reagan,0
Barack Obama,702,Richard Nixon Ronald Reagan,0
George W. Bush,703,Abraham Lincoln Barack Obama,0
George W. Bush,703,Abraham Lincoln Bernie Sanders,0
George W. Bush,703,Abraham Lincoln Donald Trump,0
George W. Bush,703,Abraham Lincoln Elizabeth Warren,0
George W. Bush,703,Abraham Lincoln Hillary Clinton,1
George W. Bush,703,Abraham Lincoln Joe Biden,0
George W. Bush,703,Abraham Lincoln Richard Nixon,0
George W. Bush,703,Abraham Lincoln Ronald Reagan,0
George W. Bush,703,Barack Obama Bernie Sanders,0
George W. Bush,703,Barack Obama Donald Trump,0
George W. Bush,703,Barack Obama Elizabeth Warren,0
George W. Bush,703,Barack Obama Hillary Clinton,0
George W. Bush,703,Barack Obama Ronald Reagan,0
George W. Bush,703,Bernie Sanders Donald Trump,0
George W. Bush,703,Bernie Sanders Elizabeth Warren,0
George W. Bush,703,Bernie Sanders Hillary Clinton,0
George W. Bush,703,Bernie Sanders Joe Biden,0
George W. Bush,703,Bernie Sanders Richard Nixon,0
George W. Bush,703,Bernie Sanders Ronald Reagan,0
George W. Bush,703,Donald Trump Elizabeth Warren,0
George W. Bush,703,Donald Trump Hillary Clinton,0
George W. Bush,703,Donald Trump Joe Biden,1
George W. Bush,703,Donald Trump Ronald Reagan,0
George W. Bush,703,Elizabeth Warren Hillary Clinton,0
George W. Bush,703,Elizabeth Warren Joe Biden,0
George W. Bush,703,Elizabeth Warren Richard Nixon,0
George W. Bush,703,Elizabeth Warren Ronald Reagan,0
George W. Bush,703,Hillary Clinton Joe Biden,0
George W. Bush,703,Hillary Clinton Richard Nixon,1
George W. Bush,703,Hillary Clinton Ronald Reagan,0
George W. Bush,703,Joe Biden Richard Nixon,0
George W. Bush,703,Joe Biden Ronald Reagan,0
George W. Bush,703,Richard Nixon Ronald Reagan,0
Barack Obama,704,Abraham Lincoln Bernie Sanders,0
Barack Obama,704,Abraham Lincoln Donald Trump,0
Barack Obama,704,Abraham Lincoln Elizabeth Warren,0
Barack Obama,704,Abraham Lincoln George W. Bush,0
Barack Obama,704,Abraham Lincoln Hillary Clinton,0
Barack Obama,704,Abraham Lincoln Joe Biden,0
Barack Obama,704,Abraham Lincoln Richard Nixon,0
Barack Obama,704,Abraham Lincoln Ronald Reagan,0
Barack Obama,704,Bernie Sanders Donald Trump,0
Barack Obama,704,Bernie Sanders Elizabeth Warren,0
Barack Obama,704,Bernie Sanders George W. Bush,0
Barack Obama,704,Bernie Sanders Hillary Clinton,0
Barack Obama,704,Bernie Sanders Joe Biden,0
Barack Obama,704,Bernie Sanders Richard Nixon,0
Barack Obama,704,Donald Trump Elizabeth Warren,0
Barack Obama,704,Donald Trump Joe Biden,0
Barack Obama,704,Donald Trump Richard Nixon,0
Barack Obama,704,Donald Trump Ronald Reagan,0
Barack Obama,704,Elizabeth Warren George W. Bush,0
Barack Obama,704,Elizabeth Warren Hillary Clinton,0
Barack Obama,704,Elizabeth Warren Joe Biden,0
Barack Obama,704,Elizabeth Warren Richard Nixon,0
Barack Obama,704,Elizabeth Warren Ronald Reagan,0
Barack Obama,704,George W. Bush Hillary Clinton,0
Barack Obama,704,George W. Bush Joe Biden,0
Barack Obama,704,George W. Bush Richard Nixon,0
Barack Obama,704,George W. Bush Ronald Reagan,1
Barack Obama,704,Hillary Clinton Joe Biden,0
Barack Obama,704,Hillary Clinton Richard Nixon,0
Barack Obama,704,Hillary Clinton Ronald Reagan,0
Barack Obama,704,Joe Biden Richard Nixon,0
Barack Obama,704,Richard Nixon Ronald Reagan,0
Barack Obama,705,Abraham Lincoln Bernie Sanders,0
Barack Obama,705,Abraham Lincoln Donald Trump,0
Barack Obama,705,Abraham Lincoln Elizabeth Warren,0
Barack Obama,705,Abraham Lincoln George W. Bush,0
Barack Obama,705,Abraham Lincoln Hillary Clinton,0
Barack Obama,705,Abraham Lincoln Joe Biden,0
Barack Obama,705,Abraham Lincoln Richard Nixon,0
Barack Obama,705,Abraham Lincoln Ronald Reagan,0
Barack Obama,705,Bernie Sanders Donald Trump,0
Barack Obama,705,Bernie Sanders Elizabeth Warren,0
Barack Obama,705,Bernie Sanders George W. Bush,0
Barack Obama,705,Bernie Sanders Hillary Clinton,0
Barack Obama,705,Bernie Sanders Richard Nixon,0
Barack Obama,705,Bernie Sanders Ronald Reagan,0
Barack Obama,705,Donald Trump Elizabeth Warren,0
Barack Obama,705,Donald Trump George W. Bush,0
Barack Obama,705,Donald Trump Hillary Clinton,0
Barack Obama,705,Donald Trump Richard Nixon,0
Barack Obama,705,Donald Trump Ronald Reagan,1
Barack Obama,705,Elizabeth Warren George W. Bush,0
Barack Obama,705,Elizabeth Warren Hillary Clinton,0
Barack Obama,705,Elizabeth Warren Richard Nixon,0
Barack Obama,705,Elizabeth Warren Ronald Reagan,0
Barack Obama,705,George W. Bush Hillary Clinton,0
Barack Obama,705,George W. Bush Joe Biden,0
Barack Obama,705,George W. Bush Richard Nixon,0
Barack Obama,705,George W. Bush Ronald Reagan,0
Barack Obama,705,Hillary Clinton Joe Biden,0
Barack Obama,705,Hillary Clinton Richard Nixon,0
Barack Obama,705,Hillary Clinton Ronald Reagan,0
Barack Obama,705,Joe Biden Richard Nixon,0
Barack Obama,705,Joe Biden Ronald Reagan,0
Barack Obama,705,Richard Nixon Ronald Reagan,0
Barack Obama,706,Abraham Lincoln Bernie Sanders,0
Barack Obama,706,Abraham Lincoln Donald Trump,0
Barack Obama,706,Abraham Lincoln Elizabeth Warren,0
Barack Obama,706,Abraham Lincoln George W. Bush,0
Barack Obama,706,Abraham Lincoln Hillary Clinton,0
Barack Obama,706,Abraham Lincoln Joe Biden,0
Barack Obama,706,Abraham Lincoln Richard Nixon,0
Barack Obama,706,Abraham Lincoln Ronald Reagan,0
Barack Obama,706,Bernie Sanders Donald Trump,0
Barack Obama,706,Bernie Sanders Elizabeth Warren,0
Barack Obama,706,Bernie Sanders George W. Bush,0
Barack Obama,706,Bernie Sanders Joe Biden,0
Barack Obama,706,Bernie Sanders Richard Nixon,0
Barack Obama,706,Bernie Sanders Ronald Reagan,0
Barack Obama,706,Donald Trump Elizabeth Warren,0
Barack Obama,706,Donald Trump George W. Bush,0
Barack Obama,706,Donald Trump Hillary Clinton,0
Barack Obama,706,Donald Trump Joe Biden,0
Barack Obama,706,Donald Trump Richard Nixon,1
Barack Obama,706,Donald Trump Ronald Reagan,0
Barack Obama,706,Elizabeth Warren George W. Bush,0
Barack Obama,706,Elizabeth Warren Joe Biden,0
Barack Obama,706,Elizabeth Warren Richard Nixon,0
Barack Obama,706,Elizabeth Warren Ronald Reagan,0
Barack Obama,706,George W. Bush Hillary Clinton,0
Barack Obama,706,George W. Bush Richard Nixon,1
Barack Obama,706,George W. Bush Ronald Reagan,0
Barack Obama,706,Hillary Clinton Richard Nixon,0
Barack Obama,706,Hillary Clinton Ronald Reagan,0
Barack Obama,706,Joe Biden Richard Nixon,0
Barack Obama,706,Joe Biden Ronald Reagan,0
Barack Obama,706,Richard Nixon Ronald Reagan,0
Bernie Sanders,707,Abraham Lincoln Barack Obama,0
Bernie Sanders,707,Abraham Lincoln Donald Trump,0
Bernie Sanders,707,Abraham Lincoln Elizabeth Warren,0
Bernie Sanders,707,Abraham Lincoln George W. Bush,0
Bernie Sanders,707,Abraham Lincoln Joe Biden,0
Bernie Sanders,707,Abraham Lincoln Richard Nixon,0
Bernie Sanders,707,Abraham Lincoln Ronald Reagan,0
Bernie Sanders,707,Barack Obama Donald Trump,0
Bernie Sanders,707,Barack Obama Elizabeth Warren,1
Bernie Sanders,707,Barack Obama George W. Bush,0
Bernie Sanders,707,Barack Obama Hillary Clinton,0
Bernie Sanders,707,Barack Obama Joe Biden,0
Bernie Sanders,707,Barack Obama Richard Nixon,0
Bernie Sanders,707,Barack Obama Ronald Reagan,0
Bernie Sanders,707,Donald Trump Elizabeth Warren,0
Bernie Sanders,707,Donald Trump George W. Bush,0
Bernie Sanders,707,Donald Trump Hillary Clinton,0
Bernie Sanders,707,Donald Trump Joe Biden,0
Bernie Sanders,707,Donald Trump Richard Nixon,0
Bernie Sanders,707,Donald Trump Ronald Reagan,0
Bernie Sanders,707,Elizabeth Warren George W. Bush,0
Bernie Sanders,707,Elizabeth Warren Hillary Clinton,0
Bernie Sanders,707,Elizabeth Warren Joe Biden,0
Bernie Sanders,707,Elizabeth Warren Richard Nixon,0
Bernie Sanders,707,Elizabeth Warren Ronald Reagan,0
Bernie Sanders,707,George W. Bush Hillary Clinton,1
Bernie Sanders,707,George W. Bush Joe Biden,0
Bernie Sanders,707,George W. Bush Richard Nixon,0
Bernie Sanders,707,George W. Bush Ronald Reagan,1
Bernie Sanders,707,Hillary Clinton Joe Biden,0
Bernie Sanders,707,Hillary Clinton Richard Nixon,0
Bernie Sanders,707,Hillary Clinton Ronald Reagan,0
Bernie Sanders,707,Joe Biden Richard Nixon,0
Bernie Sanders,707,Richard Nixon Ronald Reagan,0
Barack Obama,708,Abraham Lincoln Bernie Sanders,0
Barack Obama,708,Abraham Lincoln Donald Trump,0
Barack Obama,708,Abraham Lincoln Elizabeth Warren,0
Barack Obama,708,Abraham Lincoln George W. Bush,0
Barack Obama,708,Abraham Lincoln Hillary Clinton,0
Barack Obama,708,Abraham Lincoln Joe Biden,0
Barack Obama,708,Abraham Lincoln Richard Nixon,0
Barack Obama,708,Abraham Lincoln Ronald Reagan,0
Barack Obama,708,Bernie Sanders Elizabeth Warren,0
Barack Obama,708,Bernie Sanders George W. Bush,0
Barack Obama,708,Bernie Sanders Hillary Clinton,0
Barack Obama,708,Bernie Sanders Joe Biden,0
Barack Obama,708,Bernie Sanders Richard Nixon,0
Barack Obama,708,Bernie Sanders Ronald Reagan,0
Barack Obama,708,Donald Trump Elizabeth Warren,0
Barack Obama,708,Donald Trump George W. Bush,0
Barack Obama,708,Donald Trump Hillary Clinton,0
Barack Obama,708,Donald Trump Joe Biden,0
Barack Obama,708,Donald Trump Richard Nixon,1
Barack Obama,708,Donald Trump Ronald Reagan,0
Barack Obama,708,Elizabeth Warren George W. Bush,0
Barack Obama,708,Elizabeth Warren Hillary Clinton,0
Barack Obama,708,Elizabeth Warren Joe Biden,1
Barack Obama,708,Elizabeth Warren Richard Nixon,0
Barack Obama,708,Elizabeth Warren Ronald Reagan,0
Barack Obama,708,George W. Bush Hillary Clinton,0
Barack Obama,708,George W. Bush Joe Biden,0
Barack Obama,708,George W. Bush Richard Nixon,0
Barack Obama,708,George W. Bush Ronald Reagan,0
Barack Obama,708,Hillary Clinton Joe Biden,0
Barack Obama,708,Hillary Clinton Richard Nixon,0
Barack Obama,708,Hillary Clinton Ronald Reagan,0
Barack Obama,708,Joe Biden Richard Nixon,0
Barack Obama,708,Joe Biden Ronald Reagan,0
Barack Obama,708,Richard Nixon Ronald Reagan,1
Donald Trump,709,Abraham Lincoln Barack Obama,0
Donald Trump,709,Abraham Lincoln Bernie Sanders,0
Donald Trump,709,Abraham Lincoln George W. Bush,0
Donald Trump,709,Abraham Lincoln Hillary Clinton,0
Donald Trump,709,Abraham Lincoln Joe Biden,0
Donald Trump,709,Abraham Lincoln Richard Nixon,0
Donald Trump,709,Abraham Lincoln Ronald Reagan,0
Donald Trump,709,Barack Obama Bernie Sanders,0
Donald Trump,709,Barack Obama Elizabeth Warren,0
Donald Trump,709,Barack Obama George W. Bush,0
Donald Trump,709,Barack Obama Hillary Clinton,0
Donald Trump,709,Barack Obama Richard Nixon,1
Donald Trump,709,Barack Obama Ronald Reagan,0
Donald Trump,709,Bernie Sanders Elizabeth Warren,0
Donald Trump,709,Bernie Sanders George W. Bush,0
Donald Trump,709,Bernie Sanders Hillary Clinton,0
Donald Trump,709,Bernie Sanders Joe Biden,0
Donald Trump,709,Bernie Sanders Ronald Reagan,0
Donald Trump,709,Elizabeth Warren George W. Bush,0
Donald Trump,709,Elizabeth Warren Hillary Clinton,0
Donald Trump,709,Elizabeth Warren Joe Biden,0
Donald Trump,709,Elizabeth Warren Richard Nixon,0
Donald Trump,709,Elizabeth Warren Ronald Reagan,0
Donald Trump,709,George W. Bush Hillary Clinton,0
Donald Trump,709,George W. Bush Joe Biden,0
Donald Trump,709,George W. Bush Richard Nixon,0
Donald Trump,709,George W. Bush Ronald Reagan,0
Donald Trump,709,Hillary Clinton Joe Biden,0
Donald Trump,709,Hillary Clinton Richard Nixon,1
Donald Trump,709,Hillary Clinton Ronald Reagan,0
Donald Trump,709,Joe Biden Richard Nixon,0
Donald Trump,709,Joe Biden Ronald Reagan,0
Donald Trump,709,Richard Nixon Ronald Reagan,0
Richard Nixon,710,Abraham Lincoln Barack Obama,0
Richard Nixon,710,Abraham Lincoln Bernie Sanders,1
Richard Nixon,710,Abraham Lincoln Donald Trump,0
Richard Nixon,710,Abraham Lincoln Elizabeth Warren,0
Richard Nixon,710,Abraham Lincoln George W. Bush,0
Richard Nixon,710,Abraham Lincoln Hillary Clinton,0
Richard Nixon,710,Abraham Lincoln Joe Biden,0
Richard Nixon,710,Abraham Lincoln Ronald Reagan,0
Richard Nixon,710,Barack Obama Bernie Sanders,0
Richard Nixon,710,Barack Obama Elizabeth Warren,0
Richard Nixon,710,Barack Obama George W. Bush,0
Richard Nixon,710,Barack Obama Hillary Clinton,0
Richard Nixon,710,Barack Obama Ronald Reagan,0
Richard Nixon,710,Bernie Sanders Donald Trump,0
Richard Nixon,710,Bernie Sanders Elizabeth Warren,0
Richard Nixon,710,Bernie Sanders George W. Bush,0
Richard Nixon,710,Bernie Sanders Hillary Clinton,1
Richard Nixon,710,Bernie Sanders Joe Biden,1
Richard Nixon,710,Bernie Sanders Ronald Reagan,0
Richard Nixon,710,Donald Trump Elizabeth Warren,0
Richard Nixon,710,Donald Trump Hillary Clinton,0
Richard Nixon,710,Donald Trump Joe Biden,1
Richard Nixon,710,Donald Trump Ronald Reagan,0
Richard Nixon,710,Elizabeth Warren George W. Bush,0
Richard Nixon,710,Elizabeth Warren Hillary Clinton,0
Richard Nixon,710,Elizabeth Warren Joe Biden,1
Richard Nixon,710,Elizabeth Warren Ronald Reagan,0
Richard Nixon,710,George W. Bush Hillary Clinton,0
Richard Nixon,710,George W. Bush Joe Biden,0
Richard Nixon,710,George W. Bush Ronald Reagan,0
Richard Nixon,710,Hillary Clinton Joe Biden,0
Richard Nixon,710,Hillary Clinton Ronald Reagan,0
Richard Nixon,710,Joe Biden Ronald Reagan,0
George W. Bush,711,Abraham Lincoln Bernie Sanders,0
George W. Bush,711,Abraham Lincoln Donald Trump,0
George W. Bush,711,Abraham Lincoln Elizabeth Warren,0
George W. Bush,711,Abraham Lincoln Hillary Clinton,0
George W. Bush,711,Abraham Lincoln Joe Biden,0
George W. Bush,711,Abraham Lincoln Richard Nixon,0
George W. Bush,711,Abraham Lincoln Ronald Reagan,0
George W. Bush,711,Barack Obama Donald Trump,0
George W. Bush,711,Barack Obama Elizabeth Warren,0
George W. Bush,711,Barack Obama Hillary Clinton,0
George W. Bush,711,Barack Obama Joe Biden,0
George W. Bush,711,Barack Obama Ronald Reagan,1
George W. Bush,711,Bernie Sanders Donald Trump,0
George W. Bush,711,Bernie Sanders Elizabeth Warren,0
George W. Bush,711,Bernie Sanders Hillary Clinton,0
George W. Bush,711,Bernie Sanders Joe Biden,0
George W. Bush,711,Bernie Sanders Richard Nixon,0
George W. Bush,711,Bernie Sanders Ronald Reagan,0
George W. Bush,711,Donald Trump Elizabeth Warren,0
George W. Bush,711,Donald Trump Hillary Clinton,0
George W. Bush,711,Donald Trump Joe Biden,0
George W. Bush,711,Donald Trump Richard Nixon,0
George W. Bush,711,Donald Trump Ronald Reagan,0
George W. Bush,711,Elizabeth Warren Hillary Clinton,1
George W. Bush,711,Elizabeth Warren Joe Biden,0
George W. Bush,711,Elizabeth Warren Richard Nixon,0
George W. Bush,711,Elizabeth Warren Ronald Reagan,0
George W. Bush,711,Hillary Clinton Joe Biden,0
George W. Bush,711,Hillary Clinton Richard Nixon,0
George W. Bush,711,Hillary Clinton Ronald Reagan,0
George W. Bush,711,Joe Biden Richard Nixon,0
George W. Bush,711,Joe Biden Ronald Reagan,0
George W. Bush,711,Richard Nixon Ronald Reagan,0
Abraham Lincoln,712,Barack Obama Bernie Sanders,0
Abraham Lincoln,712,Barack Obama Donald Trump,0
Abraham Lincoln,712,Barack Obama Elizabeth Warren,0
Abraham Lincoln,712,Barack Obama George W. Bush,0
Abraham Lincoln,712,Barack Obama Hillary Clinton,0
Abraham Lincoln,712,Barack Obama Joe Biden,0
Abraham Lincoln,712,Barack Obama Richard Nixon,0
Abraham Lincoln,712,Barack Obama Ronald Reagan,0
Abraham Lincoln,712,Bernie Sanders Donald Trump,0
Abraham Lincoln,712,Bernie Sanders Elizabeth Warren,0
Abraham Lincoln,712,Bernie Sanders George W. Bush,0
Abraham Lincoln,712,Bernie Sanders Hillary Clinton,0
Abraham Lincoln,712,Bernie Sanders Joe Biden,0
Abraham Lincoln,712,Bernie Sanders Richard Nixon,0
Abraham Lincoln,712,Bernie Sanders Ronald Reagan,0
Abraham Lincoln,712,Donald Trump Elizabeth Warren,1
Abraham Lincoln,712,Donald Trump George W. Bush,0
Abraham Lincoln,712,Donald Trump Hillary Clinton,0
Abraham Lincoln,712,Donald Trump Joe Biden,0
Abraham Lincoln,712,Donald Trump Richard Nixon,0
Abraham Lincoln,712,Donald Trump Ronald Reagan,0
Abraham Lincoln,712,Elizabeth Warren George W. Bush,0
Abraham Lincoln,712,Elizabeth Warren Hillary Clinton,0
Abraham Lincoln,712,Elizabeth Warren Joe Biden,0
Abraham Lincoln,712,Elizabeth Warren Richard Nixon,0
Abraham Lincoln,712,Elizabeth Warren Ronald Reagan,0
Abraham Lincoln,712,George W. Bush Hillary Clinton,0
Abraham Lincoln,712,George W. Bush Joe Biden,0
Abraham Lincoln,712,George W. Bush Richard Nixon,0
Abraham Lincoln,712,George W. Bush Ronald Reagan,0
Abraham Lincoln,712,Hillary Clinton Joe Biden,0
Abraham Lincoln,712,Hillary Clinton Richard Nixon,0
Abraham Lincoln,712,Hillary Clinton Ronald Reagan,0
Abraham Lincoln,712,Joe Biden Richard Nixon,0
Abraham Lincoln,712,Joe Biden Ronald Reagan,0
Abraham Lincoln,712,Richard Nixon Ronald Reagan,0
Joe Biden,713,Abraham Lincoln Barack Obama,0
Joe Biden,713,Abraham Lincoln Bernie Sanders,0
Joe Biden,713,Abraham Lincoln Donald Trump,0
Joe Biden,713,Abraham Lincoln Elizabeth Warren,0
Joe Biden,713,Abraham Lincoln George W. Bush,0
Joe Biden,713,Abraham Lincoln Hillary Clinton,1
Joe Biden,713,Abraham Lincoln Richard Nixon,0
Joe Biden,713,Abraham Lincoln Ronald Reagan,0
Joe Biden,713,Barack Obama Bernie Sanders,0
Joe Biden,713,Barack Obama Donald Trump,0
Joe Biden,713,Barack Obama Elizabeth Warren,0
Joe Biden,713,Barack Obama George W. Bush,0
Joe Biden,713,Barack Obama Hillary Clinton,0
Joe Biden,713,Barack Obama Richard Nixon,0
Joe Biden,713,Barack Obama Ronald Reagan,0
Joe Biden,713,Bernie Sanders Donald Trump,0
Joe Biden,713,Bernie Sanders Elizabeth Warren,0
Joe Biden,713,Bernie Sanders George W. Bush,0
Joe Biden,713,Bernie Sanders Hillary Clinton,0
Joe Biden,713,Bernie Sanders Ronald Reagan,0
Joe Biden,713,Donald Trump Elizabeth Warren,0
Joe Biden,713,Donald Trump Hillary Clinton,1
Joe Biden,713,Donald Trump Richard Nixon,0
Joe Biden,713,Donald Trump Ronald Reagan,0
Joe Biden,713,Elizabeth Warren George W. Bush,0
Joe Biden,713,Elizabeth Warren Hillary Clinton,0
Joe Biden,713,Elizabeth Warren Richard Nixon,0
Joe Biden,713,Elizabeth Warren Ronald Reagan,0
Joe Biden,713,George W. Bush Hillary Clinton,0
Joe Biden,713,George W. Bush Richard Nixon,0
Joe Biden,713,George W. Bush Ronald Reagan,0
Joe Biden,713,Hillary Clinton Ronald Reagan,1
Joe Biden,713,Richard Nixon Ronald Reagan,0
Hillary Clinton,714,Abraham Lincoln Barack Obama,1
Hillary Clinton,714,Abraham Lincoln Bernie Sanders,0
Hillary Clinton,714,Abraham Lincoln Donald Trump,0
Hillary Clinton,714,Abraham Lincoln Elizabeth Warren,0
Hillary Clinton,714,Abraham Lincoln George W. Bush,0
Hillary Clinton,714,Abraham Lincoln Joe Biden,0
Hillary Clinton,714,Abraham Lincoln Richard Nixon,1
Hillary Clinton,714,Abraham Lincoln Ronald Reagan,0
Hillary Clinton,714,Barack Obama Bernie Sanders,0
Hillary Clinton,714,Barack Obama Elizabeth Warren,0
Hillary Clinton,714,Barack Obama George W. Bush,0
Hillary Clinton,714,Barack Obama Joe Biden,1
Hillary Clinton,714,Barack Obama Richard Nixon,0
Hillary Clinton,714,Barack Obama Ronald Reagan,0
Hillary Clinton,714,Bernie Sanders Donald Trump,0
Hillary Clinton,714,Bernie Sanders Elizabeth Warren,0
Hillary Clinton,714,Bernie Sanders George W. Bush,0
Hillary Clinton,714,Bernie Sanders Joe Biden,0
Hillary Clinton,714,Bernie Sanders Richard Nixon,0
Hillary Clinton,714,Bernie Sanders Ronald Reagan,0
Hillary Clinton,714,Donald Trump Elizabeth Warren,0
Hillary Clinton,714,Donald Trump George W. Bush,0
Hillary Clinton,714,Donald Trump Joe Biden,0
Hillary Clinton,714,Donald Trump Richard Nixon,0
Hillary Clinton,714,Elizabeth Warren George W. Bush,0
Hillary Clinton,714,Elizabeth Warren Joe Biden,0
Hillary Clinton,714,Elizabeth Warren Richard Nixon,0
Hillary Clinton,714,Elizabeth Warren Ronald Reagan,0
Hillary Clinton,714,George W. Bush Richard Nixon,0
Hillary Clinton,714,George W. Bush Ronald Reagan,0
Hillary Clinton,714,Joe Biden Richard Nixon,1
Hillary Clinton,714,Joe Biden Ronald Reagan,0
Hillary Clinton,714,Richard Nixon Ronald Reagan,0
Ronald Reagan,715,Abraham Lincoln Barack Obama,0
Ronald Reagan,715,Abraham Lincoln Bernie Sanders,0
Ronald Reagan,715,Abraham Lincoln Donald Trump,0
Ronald Reagan,715,Abraham Lincoln Elizabeth Warren,0
Ronald Reagan,715,Abraham Lincoln George W. Bush,0
Ronald Reagan,715,Abraham Lincoln Hillary Clinton,0
Ronald Reagan,715,Abraham Lincoln Joe Biden,0
Ronald Reagan,715,Abraham Lincoln Richard Nixon,0
Ronald Reagan,715,Barack Obama Bernie Sanders,0
Ronald Reagan,715,Barack Obama Donald Trump,0
Ronald Reagan,715,Barack Obama Elizabeth Warren,0
Ronald Reagan,715,Barack Obama George W. Bush,0
Ronald Reagan,715,Barack Obama Hillary Clinton,0
Ronald Reagan,715,Barack Obama Joe Biden,0
Ronald Reagan,715,Barack Obama Richard Nixon,0
Ronald Reagan,715,Bernie Sanders Donald Trump,0
Ronald Reagan,715,Bernie Sanders Elizabeth Warren,0
Ronald Reagan,715,Bernie Sanders George W. Bush,0
Ronald Reagan,715,Bernie Sanders Hillary Clinton,0
Ronald Reagan,715,Bernie Sanders Joe Biden,0
Ronald Reagan,715,Bernie Sanders Richard Nixon,0
Ronald Reagan,715,Donald Trump Elizabeth Warren,0
Ronald Reagan,715,Donald Trump George W. Bush,0
Ronald Reagan,715,Donald Trump Joe Biden,0
Ronald Reagan,715,Donald Trump Richard Nixon,0
Ronald Reagan,715,Elizabeth Warren George W. Bush,0
Ronald Reagan,715,Elizabeth Warren Hillary Clinton,1
Ronald Reagan,715,Elizabeth Warren Richard Nixon,0
Ronald Reagan,715,George W. Bush Hillary Clinton,0
Ronald Reagan,715,George W. Bush Joe Biden,0
Ronald Reagan,715,George W. Bush Richard Nixon,0
Ronald Reagan,715,Hillary Clinton Joe Biden,0
Ronald Reagan,715,Hillary Clinton Richard Nixon,0
Ronald Reagan,715,Joe Biden Richard Nixon,0
Bernie Sanders,716,Abraham Lincoln Barack Obama,0
Bernie Sanders,716,Abraham Lincoln Donald Trump,0
Bernie Sanders,716,Abraham Lincoln Elizabeth Warren,0
Bernie Sanders,716,Abraham Lincoln George W. Bush,0
Bernie Sanders,716,Abraham Lincoln Hillary Clinton,0
Bernie Sanders,716,Abraham Lincoln Joe Biden,0
Bernie Sanders,716,Abraham Lincoln Richard Nixon,0
Bernie Sanders,716,Abraham Lincoln Ronald Reagan,0
Bernie Sanders,716,Barack Obama Donald Trump,0
Bernie Sanders,716,Barack Obama Elizabeth Warren,0
Bernie Sanders,716,Barack Obama George W. Bush,0
Bernie Sanders,716,Barack Obama Hillary Clinton,0
Bernie Sanders,716,Barack Obama Joe Biden,0
Bernie Sanders,716,Barack Obama Richard Nixon,0
Bernie Sanders,716,Barack Obama Ronald Reagan,0
Bernie Sanders,716,Donald Trump Elizabeth Warren,0
Bernie Sanders,716,Donald Trump George W. Bush,0
Bernie Sanders,716,Donald Trump Hillary Clinton,0
Bernie Sanders,716,Donald Trump Joe Biden,0
Bernie Sanders,716,Donald Trump Richard Nixon,0
Bernie Sanders,716,Donald Trump Ronald Reagan,0
Bernie Sanders,716,Elizabeth Warren George W. Bush,0
Bernie Sanders,716,Elizabeth Warren Hillary Clinton,0
Bernie Sanders,716,Elizabeth Warren Joe Biden,0
Bernie Sanders,716,Elizabeth Warren Richard Nixon,0
Bernie Sanders,716,Elizabeth Warren Ronald Reagan,0
Bernie Sanders,716,George W. Bush Richard Nixon,1
Bernie Sanders,716,George W. Bush Ronald Reagan,0
Bernie Sanders,716,Hillary Clinton Joe Biden,0
Bernie Sanders,716,Hillary Clinton Richard Nixon,0
Bernie Sanders,716,Hillary Clinton Ronald Reagan,0
Bernie Sanders,716,Joe Biden Richard Nixon,0
Bernie Sanders,716,Joe Biden Ronald Reagan,0
Bernie Sanders,716,Richard Nixon Ronald Reagan,0
Abraham Lincoln,717,Barack Obama Bernie Sanders,0
Abraham Lincoln,717,Barack Obama Donald Trump,0
Abraham Lincoln,717,Barack Obama Elizabeth Warren,0
Abraham Lincoln,717,Barack Obama George W. Bush,0
Abraham Lincoln,717,Barack Obama Hillary Clinton,0
Abraham Lincoln,717,Barack Obama Joe Biden,0
Abraham Lincoln,717,Barack Obama Richard Nixon,0
Abraham Lincoln,717,Barack Obama Ronald Reagan,0
Abraham Lincoln,717,Bernie Sanders Donald Trump,0
Abraham Lincoln,717,Bernie Sanders Elizabeth Warren,0
Abraham Lincoln,717,Bernie Sanders George W. Bush,0
Abraham Lincoln,717,Bernie Sanders Hillary Clinton,0
Abraham Lincoln,717,Bernie Sanders Joe Biden,0
Abraham Lincoln,717,Bernie Sanders Richard Nixon,0
Abraham Lincoln,717,Bernie Sanders Ronald Reagan,0
Abraham Lincoln,717,Donald Trump Elizabeth Warren,1
Abraham Lincoln,717,Donald Trump George W. Bush,0
Abraham Lincoln,717,Donald Trump Hillary Clinton,0
Abraham Lincoln,717,Donald Trump Richard Nixon,0
Abraham Lincoln,717,Donald Trump Ronald Reagan,0
Abraham Lincoln,717,Elizabeth Warren George W. Bush,0
Abraham Lincoln,717,Elizabeth Warren Hillary Clinton,0
Abraham Lincoln,717,Elizabeth Warren Joe Biden,0
Abraham Lincoln,717,Elizabeth Warren Richard Nixon,0
Abraham Lincoln,717,Elizabeth Warren Ronald Reagan,0
Abraham Lincoln,717,George W. Bush Hillary Clinton,0
Abraham Lincoln,717,George W. Bush Joe Biden,0
Abraham Lincoln,717,George W. Bush Richard Nixon,0
Abraham Lincoln,717,George W. Bush Ronald Reagan,0
Abraham Lincoln,717,Hillary Clinton Joe Biden,1
Abraham Lincoln,717,Hillary Clinton Richard Nixon,0
Abraham Lincoln,717,Joe Biden Richard Nixon,0
Abraham Lincoln,717,Joe Biden Ronald Reagan,0
Elizabeth Warren,718,Abraham Lincoln Barack Obama,0
Elizabeth Warren,718,Abraham Lincoln Bernie Sanders,0
Elizabeth Warren,718,Abraham Lincoln Donald Trump,0
Elizabeth Warren,718,Abraham Lincoln George W. Bush,0
Elizabeth Warren,718,Abraham Lincoln Hillary Clinton,0
Elizabeth Warren,718,Abraham Lincoln Joe Biden,0
Elizabeth Warren,718,Abraham Lincoln Richard Nixon,0
Elizabeth Warren,718,Abraham Lincoln Ronald Reagan,0
Elizabeth Warren,718,Barack Obama Bernie Sanders,0
Elizabeth Warren,718,Barack Obama George W. Bush,0
Elizabeth Warren,718,Barack Obama Hillary Clinton,0
Elizabeth Warren,718,Barack Obama Joe Biden,1
Elizabeth Warren,718,Barack Obama Richard Nixon,0
Elizabeth Warren,718,Barack Obama Ronald Reagan,0
Elizabeth Warren,718,Bernie Sanders Donald Trump,0
Elizabeth Warren,718,Bernie Sanders George W. Bush,0
Elizabeth Warren,718,Bernie Sanders Hillary Clinton,0
Elizabeth Warren,718,Bernie Sanders Joe Biden,0
Elizabeth Warren,718,Bernie Sanders Richard Nixon,0
Elizabeth Warren,718,Bernie Sanders Ronald Reagan,0
Elizabeth Warren,718,Donald Trump George W. Bush,0
Elizabeth Warren,718,Donald Trump Joe Biden,0
Elizabeth Warren,718,Donald Trump Richard Nixon,0
Elizabeth Warren,718,Donald Trump Ronald Reagan,0
Elizabeth Warren,718,George W. Bush Hillary Clinton,0
Elizabeth Warren,718,George W. Bush Joe Biden,0
Elizabeth Warren,718,George W. Bush Richard Nixon,0
Elizabeth Warren,718,George W. Bush Ronald Reagan,0
Elizabeth Warren,718,Hillary Clinton Joe Biden,0
Elizabeth Warren,718,Hillary Clinton Richard Nixon,0
Elizabeth Warren,718,Hillary Clinton Ronald Reagan,0
Elizabeth Warren,718,Joe Biden Richard Nixon,1
Elizabeth Warren,718,Joe Biden Ronald Reagan,0
Elizabeth Warren,718,Richard Nixon Ronald Reagan,0
Donald Trump,719,Abraham Lincoln Barack Obama,0
Donald Trump,719,Abraham Lincoln Bernie Sanders,0
Donald Trump,719,Abraham Lincoln Elizabeth Warren,0
Donald Trump,719,Abraham Lincoln George W. Bush,1
Donald Trump,719,Abraham Lincoln Hillary Clinton,0
Donald Trump,719,Abraham Lincoln Joe Biden,0
Donald Trump,719,Abraham Lincoln Richard Nixon,0
Donald Trump,719,Abraham Lincoln Ronald Reagan,0
Donald Trump,719,Barack Obama Bernie Sanders,0
Donald Trump,719,Barack Obama Elizabeth Warren,0
Donald Trump,719,Barack Obama George W. Bush,0
Donald Trump,719,Barack Obama Joe Biden,0
Donald Trump,719,Barack Obama Richard Nixon,0
Donald Trump,719,Barack Obama Ronald Reagan,0
Donald Trump,719,Bernie Sanders Elizabeth Warren,0
Donald Trump,719,Bernie Sanders George W. Bush,0
Donald Trump,719,Bernie Sanders Hillary Clinton,0
Donald Trump,719,Bernie Sanders Joe Biden,0
Donald Trump,719,Bernie Sanders Richard Nixon,0
Donald Trump,719,Bernie Sanders Ronald Reagan,1
Donald Trump,719,Elizabeth Warren George W. Bush,0
Donald Trump,719,Elizabeth Warren Hillary Clinton,0
Donald Trump,719,Elizabeth Warren Joe Biden,0
Donald Trump,719,Elizabeth Warren Richard Nixon,0
Donald Trump,719,Elizabeth Warren Ronald Reagan,0
Donald Trump,719,George W. Bush Hillary Clinton,0
Donald Trump,719,George W. Bush Joe Biden,0
Donald Trump,719,George W. Bush Richard Nixon,0
Donald Trump,719,George W. Bush Ronald Reagan,1
Donald Trump,719,Hillary Clinton Richard Nixon,0
Donald Trump,719,Hillary Clinton Ronald Reagan,1
Donald Trump,719,Joe Biden Richard Nixon,0
Donald Trump,719,Joe Biden Ronald Reagan,0
Donald Trump,719,Richard Nixon Ronald Reagan,0
Ronald Reagan,720,Abraham Lincoln Barack Obama,0
Ronald Reagan,720,Abraham Lincoln Bernie Sanders,0
Ronald Reagan,720,Abraham Lincoln Donald Trump,0
Ronald Reagan,720,Abraham Lincoln Elizabeth Warren,0
Ronald Reagan,720,Abraham Lincoln George W. Bush,0
Ronald Reagan,720,Abraham Lincoln Hillary Clinton,0
Ronald Reagan,720,Abraham Lincoln Joe Biden,0
Ronald Reagan,720,Abraham Lincoln Richard Nixon,0
Ronald Reagan,720,Barack Obama Bernie Sanders,0
Ronald Reagan,720,Barack Obama Elizabeth Warren,0
Ronald Reagan,720,Barack Obama George W. Bush,0
Ronald Reagan,720,Barack Obama Hillary Clinton,0
Ronald Reagan,720,Barack Obama Joe Biden,0
Ronald Reagan,720,Barack Obama Richard Nixon,0
Ronald Reagan,720,Bernie Sanders Donald Trump,0
Ronald Reagan,720,Bernie Sanders Elizabeth Warren,0
Ronald Reagan,720,Bernie Sanders George W. Bush,0
Ronald Reagan,720,Bernie Sanders Hillary Clinton,0
Ronald Reagan,720,Bernie Sanders Joe Biden,0
Ronald Reagan,720,Bernie Sanders Richard Nixon,0
Ronald Reagan,720,Donald Trump Elizabeth Warren,0
Ronald Reagan,720,Donald Trump George W. Bush,0
Ronald Reagan,720,Donald Trump Hillary Clinton,0
Ronald Reagan,720,Donald Trump Joe Biden,0
Ronald Reagan,720,Donald Trump Richard Nixon,0
Ronald Reagan,720,Elizabeth Warren George W. Bush,0
Ronald Reagan,720,Elizabeth Warren Hillary Clinton,0
Ronald Reagan,720,Elizabeth Warren Joe Biden,0
Ronald Reagan,720,Elizabeth Warren Richard Nixon,0
Ronald Reagan,720,George W. Bush Hillary Clinton,0
Ronald Reagan,720,George W. Bush Joe Biden,0
Ronald Reagan,720,George W. Bush Richard Nixon,0
Ronald Reagan,720,Hillary Clinton Joe Biden,1
Ronald Reagan,720,Hillary Clinton Richard Nixon,0
Ronald Reagan,720,Joe Biden Richard Nixon,0
Joe Biden,721,Abraham Lincoln Barack Obama,0
Joe Biden,721,Abraham Lincoln Bernie Sanders,0
Joe Biden,721,Abraham Lincoln Donald Trump,0
Joe Biden,721,Abraham Lincoln Elizabeth Warren,0
Joe Biden,721,Abraham Lincoln Hillary Clinton,0
Joe Biden,721,Abraham Lincoln Richard Nixon,0
Joe Biden,721,Abraham Lincoln Ronald Reagan,0
Joe Biden,721,Barack Obama Bernie Sanders,0
Joe Biden,721,Barack Obama Donald Trump,0
Joe Biden,721,Barack Obama Elizabeth Warren,0
Joe Biden,721,Barack Obama Hillary Clinton,0
Joe Biden,721,Barack Obama Richard Nixon,0
Joe Biden,721,Barack Obama Ronald Reagan,0
Joe Biden,721,Bernie Sanders Donald Trump,0
Joe Biden,721,Bernie Sanders Elizabeth Warren,0
Joe Biden,721,Bernie Sanders George W. Bush,0
Joe Biden,721,Bernie Sanders Hillary Clinton,0
Joe Biden,721,Bernie Sanders Richard Nixon,0
Joe Biden,721,Bernie Sanders Ronald Reagan,0
Joe Biden,721,Donald Trump Elizabeth Warren,0
Joe Biden,721,Donald Trump George W. Bush,0
Joe Biden,721,Donald Trump Hillary Clinton,0
Joe Biden,721,Donald Trump Richard Nixon,0
Joe Biden,721,Donald Trump Ronald Reagan,0
Joe Biden,721,Elizabeth Warren George W. Bush,0
Joe Biden,721,Elizabeth Warren Hillary Clinton,0
Joe Biden,721,Elizabeth Warren Richard Nixon,0
Joe Biden,721,Elizabeth Warren Ronald Reagan,0
Joe Biden,721,George W. Bush Hillary Clinton,0
Joe Biden,721,George W. Bush Richard Nixon,1
Joe Biden,721,George W. Bush Ronald Reagan,0
Joe Biden,721,Hillary Clinton Richard Nixon,0
Joe Biden,721,Hillary Clinton Ronald Reagan,1
Joe Biden,721,Richard Nixon Ronald Reagan,0
Abraham Lincoln,722,Barack Obama Bernie Sanders,0
Abraham Lincoln,722,Barack Obama Donald Trump,0
Abraham Lincoln,722,Barack Obama Elizabeth Warren,0
Abraham Lincoln,722,Barack Obama George W. Bush,0
Abraham Lincoln,722,Barack Obama Hillary Clinton,0
Abraham Lincoln,722,Barack Obama Joe Biden,0
Abraham Lincoln,722,Barack Obama Richard Nixon,0
Abraham Lincoln,722,Barack Obama Ronald Reagan,0
Abraham Lincoln,722,Bernie Sanders Donald Trump,0
Abraham Lincoln,722,Bernie Sanders Elizabeth Warren,0
Abraham Lincoln,722,Bernie Sanders George W. Bush,0
Abraham Lincoln,722,Bernie Sanders Hillary Clinton,0
Abraham Lincoln,722,Bernie Sanders Joe Biden,0
Abraham Lincoln,722,Bernie Sanders Richard Nixon,0
Abraham Lincoln,722,Bernie Sanders Ronald Reagan,0
Abraham Lincoln,722,Donald Trump Elizabeth Warren,0
Abraham Lincoln,722,Donald Trump George W. Bush,0
Abraham Lincoln,722,Donald Trump Hillary Clinton,0
Abraham Lincoln,722,Donald Trump Joe Biden,0
Abraham Lincoln,722,Donald Trump Richard Nixon,0
Abraham Lincoln,722,Donald Trump Ronald Reagan,0
Abraham Lincoln,722,Elizabeth Warren George W. Bush,1
Abraham Lincoln,722,Elizabeth Warren Hillary Clinton,0
Abraham Lincoln,722,Elizabeth Warren Joe Biden,0
Abraham Lincoln,722,Elizabeth Warren Richard Nixon,0
Abraham Lincoln,722,Elizabeth Warren Ronald Reagan,0
Abraham Lincoln,722,George W. Bush Hillary Clinton,0
Abraham Lincoln,722,George W. Bush Joe Biden,0
Abraham Lincoln,722,George W. Bush Richard Nixon,0
Abraham Lincoln,722,George W. Bush Ronald Reagan,0
Abraham Lincoln,722,Hillary Clinton Joe Biden,1
Abraham Lincoln,722,Hillary Clinton Richard Nixon,0
Abraham Lincoln,722,Hillary Clinton Ronald Reagan,1
Abraham Lincoln,722,Joe Biden Richard Nixon,1
Abraham Lincoln,722,Joe Biden Ronald Reagan,0
Abraham Lincoln,722,Richard Nixon Ronald Reagan,0
Ronald Reagan,723,Abraham Lincoln Barack Obama,0
Ronald Reagan,723,Abraham Lincoln Bernie Sanders,0
Ronald Reagan,723,Abraham Lincoln Donald Trump,0
Ronald Reagan,723,Abraham Lincoln Elizabeth Warren,0
Ronald Reagan,723,Abraham Lincoln George W. Bush,0
Ronald Reagan,723,Abraham Lincoln Hillary Clinton,0
Ronald Reagan,723,Abraham Lincoln Joe Biden,0
Ronald Reagan,723,Abraham Lincoln Richard Nixon,0
Ronald Reagan,723,Barack Obama Bernie Sanders,0
Ronald Reagan,723,Barack Obama Elizabeth Warren,0
Ronald Reagan,723,Barack Obama George W. Bush,0
Ronald Reagan,723,Barack Obama Joe Biden,0
Ronald Reagan,723,Barack Obama Richard Nixon,1
Ronald Reagan,723,Bernie Sanders Donald Trump,0
Ronald Reagan,723,Bernie Sanders Elizabeth Warren,0
Ronald Reagan,723,Bernie Sanders George W. Bush,1
Ronald Reagan,723,Bernie Sanders Hillary Clinton,0
Ronald Reagan,723,Bernie Sanders Joe Biden,0
Ronald Reagan,723,Bernie Sanders Richard Nixon,0
Ronald Reagan,723,Donald Trump Elizabeth Warren,0
Ronald Reagan,723,Donald Trump George W. Bush,0
Ronald Reagan,723,Donald Trump Hillary Clinton,0
Ronald Reagan,723,Donald Trump Joe Biden,0
Ronald Reagan,723,Donald Trump Richard Nixon,0
Ronald Reagan,723,Elizabeth Warren George W. Bush,0
Ronald Reagan,723,Elizabeth Warren Hillary Clinton,0
Ronald Reagan,723,Elizabeth Warren Joe Biden,0
Ronald Reagan,723,Elizabeth Warren Richard Nixon,0
Ronald Reagan,723,George W. Bush Hillary Clinton,0
Ronald Reagan,723,George W. Bush Joe Biden,0
Ronald Reagan,723,George W. Bush Richard Nixon,0
Ronald Reagan,723,Hillary Clinton Joe Biden,0
Ronald Reagan,723,Hillary Clinton Richard Nixon,0
Ronald Reagan,723,Joe Biden Richard Nixon,0
Abraham Lincoln,724,Barack Obama Bernie Sanders,1
Abraham Lincoln,724,Barack Obama Elizabeth Warren,0
Abraham Lincoln,724,Barack Obama George W. Bush,0
Abraham Lincoln,724,Barack Obama Hillary Clinton,0
Abraham Lincoln,724,Barack Obama Joe Biden,0
Abraham Lincoln,724,Barack Obama Richard Nixon,0
Abraham Lincoln,724,Barack Obama Ronald Reagan,0
Abraham Lincoln,724,Bernie Sanders Donald Trump,0
Abraham Lincoln,724,Bernie Sanders Elizabeth Warren,0
Abraham Lincoln,724,Bernie Sanders George W. Bush,0
Abraham Lincoln,724,Bernie Sanders Hillary Clinton,0
Abraham Lincoln,724,Bernie Sanders Joe Biden,0
Abraham Lincoln,724,Bernie Sanders Ronald Reagan,0
Abraham Lincoln,724,Donald Trump Elizabeth Warren,0
Abraham Lincoln,724,Donald Trump George W. Bush,0
Abraham Lincoln,724,Donald Trump Hillary Clinton,0
Abraham Lincoln,724,Donald Trump Joe Biden,0
Abraham Lincoln,724,Donald Trump Richard Nixon,0
Abraham Lincoln,724,Donald Trump Ronald Reagan,0
Abraham Lincoln,724,Elizabeth Warren George W. Bush,0
Abraham Lincoln,724,Elizabeth Warren Hillary Clinton,0
Abraham Lincoln,724,Elizabeth Warren Richard Nixon,0
Abraham Lincoln,724,Elizabeth Warren Ronald Reagan,0
Abraham Lincoln,724,George W. Bush Hillary Clinton,0
Abraham Lincoln,724,George W. Bush Joe Biden,0
Abraham Lincoln,724,George W. Bush Richard Nixon,0
Abraham Lincoln,724,George W. Bush Ronald Reagan,0
Abraham Lincoln,724,Hillary Clinton Joe Biden,1
Abraham Lincoln,724,Hillary Clinton Richard Nixon,1
Abraham Lincoln,724,Joe Biden Richard Nixon,0
Abraham Lincoln,724,Richard Nixon Ronald Reagan,0
Donald Trump,725,Abraham Lincoln Barack Obama,0
Donald Trump,725,Abraham Lincoln Bernie Sanders,0
Donald Trump,725,Abraham Lincoln Elizabeth Warren,0
Donald Trump,725,Abraham Lincoln Hillary Clinton,0
Donald Trump,725,Abraham Lincoln Joe Biden,0
Donald Trump,725,Abraham Lincoln Richard Nixon,1
Donald Trump,725,Abraham Lincoln Ronald Reagan,0
Donald Trump,725,Barack Obama Bernie Sanders,0
Donald Trump,725,Barack Obama Elizabeth Warren,0
Donald Trump,725,Barack Obama George W. Bush,0
Donald Trump,725,Barack Obama Hillary Clinton,0
Donald Trump,725,Barack Obama Joe Biden,0
Donald Trump,725,Barack Obama Richard Nixon,0
Donald Trump,725,Barack Obama Ronald Reagan,0
Donald Trump,725,Bernie Sanders Elizabeth Warren,0
Donald Trump,725,Bernie Sanders George W. Bush,0
Donald Trump,725,Bernie Sanders Hillary Clinton,0
Donald Trump,725,Bernie Sanders Joe Biden,0
Donald Trump,725,Bernie Sanders Richard Nixon,1
Donald Trump,725,Bernie Sanders Ronald Reagan,0
Donald Trump,725,Elizabeth Warren Hillary Clinton,0
Donald Trump,725,Elizabeth Warren Joe Biden,0
Donald Trump,725,Elizabeth Warren Richard Nixon,0
Donald Trump,725,Elizabeth Warren Ronald Reagan,1
Donald Trump,725,George W. Bush Hillary Clinton,0
Donald Trump,725,George W. Bush Joe Biden,0
Donald Trump,725,George W. Bush Richard Nixon,1
Donald Trump,725,George W. Bush Ronald Reagan,0
Donald Trump,725,Hillary Clinton Joe Biden,0
Donald Trump,725,Hillary Clinton Richard Nixon,0
Donald Trump,725,Joe Biden Richard Nixon,0
Donald Trump,725,Joe Biden Ronald Reagan,0
Donald Trump,725,Richard Nixon Ronald Reagan,0
Joe Biden,726,Abraham Lincoln Barack Obama,0
Joe Biden,726,Abraham Lincoln Bernie Sanders,0
Joe Biden,726,Abraham Lincoln Donald Trump,0
Joe Biden,726,Abraham Lincoln Elizabeth Warren,0
Joe Biden,726,Abraham Lincoln George W. Bush,0
Joe Biden,726,Abraham Lincoln Hillary Clinton,0
Joe Biden,726,Abraham Lincoln Richard Nixon,0
Joe Biden,726,Abraham Lincoln Ronald Reagan,0
Joe Biden,726,Barack Obama Bernie Sanders,0
Joe Biden,726,Barack Obama Donald Trump,0
Joe Biden,726,Barack Obama Elizabeth Warren,0
Joe Biden,726,Barack Obama George W. Bush,0
Joe Biden,726,Barack Obama Hillary Clinton,0
Joe Biden,726,Barack Obama Richard Nixon,0
Joe Biden,726,Barack Obama Ronald Reagan,0
Joe Biden,726,Bernie Sanders Donald Trump,0
Joe Biden,726,Bernie Sanders Elizabeth Warren,0
Joe Biden,726,Bernie Sanders George W. Bush,0
Joe Biden,726,Bernie Sanders Richard Nixon,1
Joe Biden,726,Bernie Sanders Ronald Reagan,0
Joe Biden,726,Donald Trump Elizabeth Warren,1
Joe Biden,726,Donald Trump George W. Bush,1
Joe Biden,726,Donald Trump Hillary Clinton,0
Joe Biden,726,Donald Trump Richard Nixon,0
Joe Biden,726,Donald Trump Ronald Reagan,0
Joe Biden,726,Elizabeth Warren George W. Bush,0
Joe Biden,726,Elizabeth Warren Hillary Clinton,0
Joe Biden,726,Elizabeth Warren Richard Nixon,0
Joe Biden,726,Elizabeth Warren Ronald Reagan,0
Joe Biden,726,George W. Bush Hillary Clinton,0
Joe Biden,726,George W. Bush Richard Nixon,0
Joe Biden,726,George W. Bush Ronald Reagan,0
Joe Biden,726,Hillary Clinton Richard Nixon,0
Joe Biden,726,Hillary Clinton Ronald Reagan,0
Joe Biden,726,Richard Nixon Ronald Reagan,0
Elizabeth Warren,727,Abraham Lincoln Barack Obama,0
Elizabeth Warren,727,Abraham Lincoln Bernie Sanders,1
Elizabeth Warren,727,Abraham Lincoln Donald Trump,0
Elizabeth Warren,727,Abraham Lincoln Hillary Clinton,0
Elizabeth Warren,727,Abraham Lincoln Joe Biden,0
Elizabeth Warren,727,Abraham Lincoln Richard Nixon,0
Elizabeth Warren,727,Abraham Lincoln Ronald Reagan,0
Elizabeth Warren,727,Barack Obama Bernie Sanders,0
Elizabeth Warren,727,Barack Obama Donald Trump,0
Elizabeth Warren,727,Barack Obama George W. Bush,0
Elizabeth Warren,727,Barack Obama Hillary Clinton,0
Elizabeth Warren,727,Barack Obama Joe Biden,0
Elizabeth Warren,727,Barack Obama Richard Nixon,0
Elizabeth Warren,727,Barack Obama Ronald Reagan,0
Elizabeth Warren,727,Bernie Sanders Donald Trump,0
Elizabeth Warren,727,Bernie Sanders George W. Bush,0
Elizabeth Warren,727,Bernie Sanders Hillary Clinton,0
Elizabeth Warren,727,Bernie Sanders Joe Biden,0
Elizabeth Warren,727,Bernie Sanders Richard Nixon,0
Elizabeth Warren,727,Bernie Sanders Ronald Reagan,0
Elizabeth Warren,727,Donald Trump George W. Bush,0
Elizabeth Warren,727,Donald Trump Hillary Clinton,0
Elizabeth Warren,727,Donald Trump Joe Biden,1
Elizabeth Warren,727,Donald Trump Richard Nixon,0
Elizabeth Warren,727,Donald Trump Ronald Reagan,0
Elizabeth Warren,727,George W. Bush Hillary Clinton,0
Elizabeth Warren,727,George W. Bush Joe Biden,0
Elizabeth Warren,727,George W. Bush Richard Nixon,0
Elizabeth Warren,727,George W. Bush Ronald Reagan,0
Elizabeth Warren,727,Hillary Clinton Joe Biden,0
Elizabeth Warren,727,Hillary Clinton Richard Nixon,0
Elizabeth Warren,727,Hillary Clinton Ronald Reagan,0
Elizabeth Warren,727,Joe Biden Richard Nixon,0
Elizabeth Warren,727,Joe Biden Ronald Reagan,0
Elizabeth Warren,727,Richard Nixon Ronald Reagan,0
Barack Obama,728,Abraham Lincoln Bernie Sanders,0
Barack Obama,728,Abraham Lincoln Donald Trump,0
Barack Obama,728,Abraham Lincoln Elizabeth Warren,0
Barack Obama,728,Abraham Lincoln George W. Bush,0
Barack Obama,728,Abraham Lincoln Hillary Clinton,0
Barack Obama,728,Abraham Lincoln Joe Biden,0
Barack Obama,728,Abraham Lincoln Richard Nixon,1
Barack Obama,728,Abraham Lincoln Ronald Reagan,0
Barack Obama,728,Bernie Sanders Donald Trump,0
Barack Obama,728,Bernie Sanders Elizabeth Warren,0
Barack Obama,728,Bernie Sanders George W. Bush,0
Barack Obama,728,Bernie Sanders Joe Biden,0
Barack Obama,728,Bernie Sanders Richard Nixon,0
Barack Obama,728,Bernie Sanders Ronald Reagan,0
Barack Obama,728,Donald Trump Elizabeth Warren,0
Barack Obama,728,Donald Trump Hillary Clinton,0
Barack Obama,728,Donald Trump Joe Biden,0
Barack Obama,728,Donald Trump Richard Nixon,0
Barack Obama,728,Donald Trump Ronald Reagan,0
Barack Obama,728,Elizabeth Warren George W. Bush,0
Barack Obama,728,Elizabeth Warren Hillary Clinton,0
Barack Obama,728,Elizabeth Warren Joe Biden,0
Barack Obama,728,Elizabeth Warren Richard Nixon,0
Barack Obama,728,Elizabeth Warren Ronald Reagan,0
Barack Obama,728,George W. Bush Hillary Clinton,0
Barack Obama,728,George W. Bush Richard Nixon,0
Barack Obama,728,George W. Bush Ronald Reagan,0
Barack Obama,728,Hillary Clinton Joe Biden,0
Barack Obama,728,Hillary Clinton Richard Nixon,0
Barack Obama,728,Hillary Clinton Ronald Reagan,1
Barack Obama,728,Joe Biden Richard Nixon,0
Barack Obama,728,Joe Biden Ronald Reagan,0
Barack Obama,728,Richard Nixon Ronald Reagan,0
George W. Bush,729,Abraham Lincoln Barack Obama,0
George W. Bush,729,Abraham Lincoln Bernie Sanders,0
George W. Bush,729,Abraham Lincoln Elizabeth Warren,0
George W. Bush,729,Abraham Lincoln Hillary Clinton,0
George W. Bush,729,Abraham Lincoln Joe Biden,0
George W. Bush,729,Abraham Lincoln Richard Nixon,0
George W. Bush,729,Abraham Lincoln Ronald Reagan,0
George W. Bush,729,Barack Obama Bernie Sanders,0
George W. Bush,729,Barack Obama Donald Trump,0
George W. Bush,729,Barack Obama Elizabeth Warren,0
George W. Bush,729,Barack Obama Hillary Clinton,0
George W. Bush,729,Barack Obama Joe Biden,0
George W. Bush,729,Barack Obama Richard Nixon,0
George W. Bush,729,Barack Obama Ronald Reagan,0
George W. Bush,729,Bernie Sanders Donald Trump,0
George W. Bush,729,Bernie Sanders Elizabeth Warren,0
George W. Bush,729,Bernie Sanders Hillary Clinton,0
George W. Bush,729,Bernie Sanders Joe Biden,0
George W. Bush,729,Bernie Sanders Richard Nixon,0
George W. Bush,729,Bernie Sanders Ronald Reagan,0
George W. Bush,729,Donald Trump Elizabeth Warren,0
George W. Bush,729,Donald Trump Hillary Clinton,0
George W. Bush,729,Donald Trump Joe Biden,0
George W. Bush,729,Donald Trump Richard Nixon,0
George W. Bush,729,Donald Trump Ronald Reagan,0
George W. Bush,729,Elizabeth Warren Hillary Clinton,0
George W. Bush,729,Elizabeth Warren Joe Biden,0
George W. Bush,729,Elizabeth Warren Richard Nixon,0
George W. Bush,729,Elizabeth Warren Ronald Reagan,0
George W. Bush,729,Hillary Clinton Joe Biden,0
George W. Bush,729,Hillary Clinton Richard Nixon,0
George W. Bush,729,Hillary Clinton Ronald Reagan,0
George W. Bush,729,Joe Biden Richard Nixon,0
George W. Bush,729,Joe Biden Ronald Reagan,0
George W. Bush,729,Richard Nixon Ronald Reagan,0
Elizabeth Warren,730,Abraham Lincoln Barack Obama,1
Elizabeth Warren,730,Abraham Lincoln Bernie Sanders,0
Elizabeth Warren,730,Abraham Lincoln Donald Trump,0
Elizabeth Warren,730,Abraham Lincoln George W. Bush,0
Elizabeth Warren,730,Abraham Lincoln Hillary Clinton,0
Elizabeth Warren,730,Abraham Lincoln Joe Biden,0
Elizabeth Warren,730,Abraham Lincoln Richard Nixon,0
Elizabeth Warren,730,Abraham Lincoln Ronald Reagan,0
Elizabeth Warren,730,Barack Obama Bernie Sanders,1
Elizabeth Warren,730,Barack Obama Donald Trump,0
Elizabeth Warren,730,Barack Obama George W. Bush,0
Elizabeth Warren,730,Barack Obama Hillary Clinton,0
Elizabeth Warren,730,Barack Obama Richard Nixon,0
Elizabeth Warren,730,Barack Obama Ronald Reagan,0
Elizabeth Warren,730,Bernie Sanders Donald Trump,0
Elizabeth Warren,730,Bernie Sanders George W. Bush,0
Elizabeth Warren,730,Bernie Sanders Hillary Clinton,0
Elizabeth Warren,730,Bernie Sanders Richard Nixon,0
Elizabeth Warren,730,Bernie Sanders Ronald Reagan,0
Elizabeth Warren,730,Donald Trump George W. Bush,0
Elizabeth Warren,730,Donald Trump Hillary Clinton,0
Elizabeth Warren,730,Donald Trump Joe Biden,0
Elizabeth Warren,730,Donald Trump Ronald Reagan,0
Elizabeth Warren,730,George W. Bush Hillary Clinton,0
Elizabeth Warren,730,George W. Bush Joe Biden,0
Elizabeth Warren,730,George W. Bush Richard Nixon,0
Elizabeth Warren,730,George W. Bush Ronald Reagan,1
Elizabeth Warren,730,Hillary Clinton Joe Biden,0
Elizabeth Warren,730,Hillary Clinton Richard Nixon,0
Elizabeth Warren,730,Joe Biden Richard Nixon,0
Elizabeth Warren,730,Joe Biden Ronald Reagan,0
Elizabeth Warren,730,Richard Nixon Ronald Reagan,0
Barack Obama,731,Abraham Lincoln Bernie Sanders,0
Barack Obama,731,Abraham Lincoln Donald Trump,0
Barack Obama,731,Abraham Lincoln Elizabeth Warren,0
Barack Obama,731,Abraham Lincoln George W. Bush,0
Barack Obama,731,Abraham Lincoln Hillary Clinton,0
Barack Obama,731,Abraham Lincoln Joe Biden,0
Barack Obama,731,Abraham Lincoln Richard Nixon,0
Barack Obama,731,Abraham Lincoln Ronald Reagan,0
Barack Obama,731,Bernie Sanders Elizabeth Warren,0
Barack Obama,731,Bernie Sanders George W. Bush,1
Barack Obama,731,Bernie Sanders Hillary Clinton,0
Barack Obama,731,Bernie Sanders Joe Biden,0
Barack Obama,731,Bernie Sanders Richard Nixon,0
Barack Obama,731,Bernie Sanders Ronald Reagan,0
Barack Obama,731,Donald Trump Elizabeth Warren,0
Barack Obama,731,Donald Trump George W. Bush,0
Barack Obama,731,Donald Trump Hillary Clinton,0
Barack Obama,731,Donald Trump Joe Biden,1
Barack Obama,731,Donald Trump Richard Nixon,0
Barack Obama,731,Donald Trump Ronald Reagan,0
Barack Obama,731,Elizabeth Warren George W. Bush,0
Barack Obama,731,Elizabeth Warren Hillary Clinton,0
Barack Obama,731,Elizabeth Warren Joe Biden,0
Barack Obama,731,Elizabeth Warren Richard Nixon,0
Barack Obama,731,Elizabeth Warren Ronald Reagan,0
Barack Obama,731,George W. Bush Hillary Clinton,0
Barack Obama,731,George W. Bush Joe Biden,0
Barack Obama,731,George W. Bush Richard Nixon,0
Barack Obama,731,George W. Bush Ronald Reagan,0
Barack Obama,731,Hillary Clinton Joe Biden,0
Barack Obama,731,Hillary Clinton Richard Nixon,0
Barack Obama,731,Hillary Clinton Ronald Reagan,0
Barack Obama,731,Joe Biden Richard Nixon,0
Barack Obama,731,Joe Biden Ronald Reagan,0
Barack Obama,731,Richard Nixon Ronald Reagan,0
Bernie Sanders,732,Abraham Lincoln Barack Obama,0
Bernie Sanders,732,Abraham Lincoln Elizabeth Warren,0
Bernie Sanders,732,Abraham Lincoln George W. Bush,0
Bernie Sanders,732,Abraham Lincoln Hillary Clinton,0
Bernie Sanders,732,Abraham Lincoln Joe Biden,0
Bernie Sanders,732,Abraham Lincoln Ronald Reagan,0
Bernie Sanders,732,Barack Obama Donald Trump,0
Bernie Sanders,732,Barack Obama Elizabeth Warren,0
Bernie Sanders,732,Barack Obama George W. Bush,0
Bernie Sanders,732,Barack Obama Hillary Clinton,0
Bernie Sanders,732,Barack Obama Joe Biden,0
Bernie Sanders,732,Barack Obama Richard Nixon,0
Bernie Sanders,732,Barack Obama Ronald Reagan,0
Bernie Sanders,732,Donald Trump Elizabeth Warren,0
Bernie Sanders,732,Donald Trump Hillary Clinton,0
Bernie Sanders,732,Donald Trump Joe Biden,1
Bernie Sanders,732,Donald Trump Richard Nixon,0
Bernie Sanders,732,Donald Trump Ronald Reagan,0
Bernie Sanders,732,Elizabeth Warren George W. Bush,0
Bernie Sanders,732,Elizabeth Warren Hillary Clinton,0
Bernie Sanders,732,Elizabeth Warren Joe Biden,0
Bernie Sanders,732,Elizabeth Warren Richard Nixon,0
Bernie Sanders,732,Elizabeth Warren Ronald Reagan,0
Bernie Sanders,732,George W. Bush Hillary Clinton,0
Bernie Sanders,732,George W. Bush Joe Biden,0
Bernie Sanders,732,George W. Bush Richard Nixon,0
Bernie Sanders,732,George W. Bush Ronald Reagan,0
Bernie Sanders,732,Hillary Clinton Joe Biden,0
Bernie Sanders,732,Hillary Clinton Richard Nixon,0
Bernie Sanders,732,Hillary Clinton Ronald Reagan,0
Bernie Sanders,732,Joe Biden Richard Nixon,0
Bernie Sanders,732,Joe Biden Ronald Reagan,0
Bernie Sanders,732,Richard Nixon Ronald Reagan,0
Richard Nixon,733,Abraham Lincoln Barack Obama,0
Richard Nixon,733,Abraham Lincoln Bernie Sanders,0
Richard Nixon,733,Abraham Lincoln Donald Trump,0
Richard Nixon,733,Abraham Lincoln Elizabeth Warren,0
Richard Nixon,733,Abraham Lincoln George W. Bush,0
Richard Nixon,733,Abraham Lincoln Joe Biden,0
Richard Nixon,733,Abraham Lincoln Ronald Reagan,0
Richard Nixon,733,Barack Obama Bernie Sanders,0
Richard Nixon,733,Barack Obama Elizabeth Warren,0
Richard Nixon,733,Barack Obama George W. Bush,0
Richard Nixon,733,Barack Obama Hillary Clinton,0
Richard Nixon,733,Barack Obama Ronald Reagan,0
Richard Nixon,733,Bernie Sanders Donald Trump,0
Richard Nixon,733,Bernie Sanders Elizabeth Warren,0
Richard Nixon,733,Bernie Sanders George W. Bush,0
Richard Nixon,733,Bernie Sanders Joe Biden,0
Richard Nixon,733,Bernie Sanders Ronald Reagan,0
Richard Nixon,733,Donald Trump Elizabeth Warren,0
Richard Nixon,733,Donald Trump George W. Bush,0
Richard Nixon,733,Donald Trump Hillary Clinton,1
Richard Nixon,733,Donald Trump Ronald Reagan,0
Richard Nixon,733,Elizabeth Warren George W. Bush,0
Richard Nixon,733,Elizabeth Warren Joe Biden,0
Richard Nixon,733,Elizabeth Warren Ronald Reagan,0
Richard Nixon,733,George W. Bush Hillary Clinton,0
Richard Nixon,733,George W. Bush Joe Biden,1
Richard Nixon,733,George W. Bush Ronald Reagan,0
Richard Nixon,733,Hillary Clinton Joe Biden,0
Richard Nixon,733,Hillary Clinton Ronald Reagan,0
Richard Nixon,733,Joe Biden Ronald Reagan,0
Hillary Clinton,734,Abraham Lincoln Barack Obama,0
Hillary Clinton,734,Abraham Lincoln Bernie Sanders,0
Hillary Clinton,734,Abraham Lincoln Donald Trump,0
Hillary Clinton,734,Abraham Lincoln Elizabeth Warren,0
Hillary Clinton,734,Abraham Lincoln George W. Bush,0
Hillary Clinton,734,Abraham Lincoln Joe Biden,0
Hillary Clinton,734,Abraham Lincoln Richard Nixon,0
Hillary Clinton,734,Abraham Lincoln Ronald Reagan,0
Hillary Clinton,734,Barack Obama Bernie Sanders,0
Hillary Clinton,734,Barack Obama Donald Trump,0
Hillary Clinton,734,Barack Obama Elizabeth Warren,0
Hillary Clinton,734,Barack Obama George W. Bush,0
Hillary Clinton,734,Barack Obama Richard Nixon,0
Hillary Clinton,734,Barack Obama Ronald Reagan,0
Hillary Clinton,734,Bernie Sanders Donald Trump,0
Hillary Clinton,734,Bernie Sanders Elizabeth Warren,0
Hillary Clinton,734,Bernie Sanders George W. Bush,0
Hillary Clinton,734,Bernie Sanders Joe Biden,0
Hillary Clinton,734,Bernie Sanders Richard Nixon,0
Hillary Clinton,734,Bernie Sanders Ronald Reagan,0
Hillary Clinton,734,Donald Trump Elizabeth Warren,0
Hillary Clinton,734,Donald Trump George W. Bush,0
Hillary Clinton,734,Donald Trump Joe Biden,0
Hillary Clinton,734,Donald Trump Richard Nixon,0
Hillary Clinton,734,Donald Trump Ronald Reagan,0
Hillary Clinton,734,Elizabeth Warren George W. Bush,0
Hillary Clinton,734,Elizabeth Warren Joe Biden,0
Hillary Clinton,734,Elizabeth Warren Richard Nixon,0
Hillary Clinton,734,Elizabeth Warren Ronald Reagan,0
Hillary Clinton,734,George W. Bush Joe Biden,0
Hillary Clinton,734,George W. Bush Richard Nixon,0
Hillary Clinton,734,George W. Bush Ronald Reagan,0
Hillary Clinton,734,Joe Biden Richard Nixon,0
Hillary Clinton,734,Joe Biden Ronald Reagan,0
Hillary Clinton,734,Richard Nixon Ronald Reagan,0
Hillary Clinton,735,Abraham Lincoln Barack Obama,0
Hillary Clinton,735,Abraham Lincoln Bernie Sanders,0
Hillary Clinton,735,Abraham Lincoln Donald Trump,0
Hillary Clinton,735,Abraham Lincoln Elizabeth Warren,0
Hillary Clinton,735,Abraham Lincoln George W. Bush,0
Hillary Clinton,735,Abraham Lincoln Joe Biden,0
Hillary Clinton,735,Abraham Lincoln Richard Nixon,0
Hillary Clinton,735,Abraham Lincoln Ronald Reagan,0
Hillary Clinton,735,Barack Obama Donald Trump,0
Hillary Clinton,735,Barack Obama Elizabeth Warren,0
Hillary Clinton,735,Barack Obama George W. Bush,0
Hillary Clinton,735,Barack Obama Joe Biden,0
Hillary Clinton,735,Barack Obama Ronald Reagan,1
Hillary Clinton,735,Bernie Sanders Donald Trump,0
Hillary Clinton,735,Bernie Sanders Elizabeth Warren,0
Hillary Clinton,735,Bernie Sanders George W. Bush,0
Hillary Clinton,735,Bernie Sanders Joe Biden,0
Hillary Clinton,735,Bernie Sanders Richard Nixon,0
Hillary Clinton,735,Bernie Sanders Ronald Reagan,0
Hillary Clinton,735,Donald Trump Elizabeth Warren,0
Hillary Clinton,735,Donald Trump George W. Bush,0
Hillary Clinton,735,Donald Trump Joe Biden,0
Hillary Clinton,735,Donald Trump Richard Nixon,0
Hillary Clinton,735,Donald Trump Ronald Reagan,0
Hillary Clinton,735,Elizabeth Warren George W. Bush,0
Hillary Clinton,735,Elizabeth Warren Joe Biden,0
Hillary Clinton,735,Elizabeth Warren Richard Nixon,0
Hillary Clinton,735,Elizabeth Warren Ronald Reagan,0
Hillary Clinton,735,George W. Bush Joe Biden,0
Hillary Clinton,735,George W. Bush Richard Nixon,0
Hillary Clinton,735,George W. Bush Ronald Reagan,0
Hillary Clinton,735,Joe Biden Richard Nixon,0
Hillary Clinton,735,Joe Biden Ronald Reagan,0
Hillary Clinton,735,Richard Nixon Ronald Reagan,0
George W. Bush,736,Abraham Lincoln Barack Obama,0
George W. Bush,736,Abraham Lincoln Bernie Sanders,0
George W. Bush,736,Abraham Lincoln Donald Trump,0
George W. Bush,736,Abraham Lincoln Elizabeth Warren,0
George W. Bush,736,Abraham Lincoln Hillary Clinton,0
George W. Bush,736,Abraham Lincoln Joe Biden,0
George W. Bush,736,Abraham Lincoln Richard Nixon,1
George W. Bush,736,Barack Obama Bernie Sanders,0
George W. Bush,736,Barack Obama Donald Trump,0
George W. Bush,736,Barack Obama Elizabeth Warren,0
George W. Bush,736,Barack Obama Hillary Clinton,0
George W. Bush,736,Barack Obama Joe Biden,0
George W. Bush,736,Barack Obama Richard Nixon,0
George W. Bush,736,Barack Obama Ronald Reagan,1
George W. Bush,736,Bernie Sanders Donald Trump,0
George W. Bush,736,Bernie Sanders Elizabeth Warren,0
George W. Bush,736,Bernie Sanders Joe Biden,0
George W. Bush,736,Bernie Sanders Richard Nixon,0
George W. Bush,736,Bernie Sanders Ronald Reagan,0
George W. Bush,736,Donald Trump Elizabeth Warren,0
George W. Bush,736,Donald Trump Hillary Clinton,0
George W. Bush,736,Donald Trump Joe Biden,0
George W. Bush,736,Donald Trump Richard Nixon,0
George W. Bush,736,Donald Trump Ronald Reagan,0
George W. Bush,736,Elizabeth Warren Hillary Clinton,0
George W. Bush,736,Elizabeth Warren Joe Biden,0
George W. Bush,736,Elizabeth Warren Richard Nixon,0
George W. Bush,736,Elizabeth Warren Ronald Reagan,0
George W. Bush,736,Hillary Clinton Joe Biden,0
George W. Bush,736,Hillary Clinton Richard Nixon,0
George W. Bush,736,Hillary Clinton Ronald Reagan,0
George W. Bush,736,Joe Biden Richard Nixon,0
George W. Bush,736,Joe Biden Ronald Reagan,1
George W. Bush,736,Richard Nixon Ronald Reagan,0
Joe Biden,737,Abraham Lincoln Barack Obama,0
Joe Biden,737,Abraham Lincoln Bernie Sanders,0
Joe Biden,737,Abraham Lincoln Donald Trump,0
Joe Biden,737,Abraham Lincoln Elizabeth Warren,0
Joe Biden,737,Abraham Lincoln George W. Bush,0
Joe Biden,737,Abraham Lincoln Hillary Clinton,0
Joe Biden,737,Abraham Lincoln Ronald Reagan,0
Joe Biden,737,Barack Obama Bernie Sanders,0
Joe Biden,737,Barack Obama Donald Trump,0
Joe Biden,737,Barack Obama Elizabeth Warren,0
Joe Biden,737,Barack Obama George W. Bush,0
Joe Biden,737,Barack Obama Hillary Clinton,0
Joe Biden,737,Barack Obama Richard Nixon,1
Joe Biden,737,Barack Obama Ronald Reagan,0
Joe Biden,737,Bernie Sanders Donald Trump,0
Joe Biden,737,Bernie Sanders George W. Bush,0
Joe Biden,737,Bernie Sanders Hillary Clinton,0
Joe Biden,737,Bernie Sanders Richard Nixon,0
Joe Biden,737,Bernie Sanders Ronald Reagan,0
Joe Biden,737,Donald Trump Elizabeth Warren,0
Joe Biden,737,Donald Trump George W. Bush,0
Joe Biden,737,Donald Trump Hillary Clinton,0
Joe Biden,737,Donald Trump Richard Nixon,0
Joe Biden,737,Donald Trump Ronald Reagan,0
Joe Biden,737,Elizabeth Warren George W. Bush,0
Joe Biden,737,Elizabeth Warren Hillary Clinton,0
Joe Biden,737,Elizabeth Warren Richard Nixon,0
Joe Biden,737,Elizabeth Warren Ronald Reagan,0
Joe Biden,737,George W. Bush Hillary Clinton,0
Joe Biden,737,George W. Bush Richard Nixon,0
Joe Biden,737,George W. Bush Ronald Reagan,0
Joe Biden,737,Hillary Clinton Richard Nixon,0
Joe Biden,737,Hillary Clinton Ronald Reagan,0
Joe Biden,737,Richard Nixon Ronald Reagan,0
Donald Trump,738,Abraham Lincoln Barack Obama,0
Donald Trump,738,Abraham Lincoln Bernie Sanders,0
Donald Trump,738,Abraham Lincoln Elizabeth Warren,0
Donald Trump,738,Abraham Lincoln George W. Bush,0
Donald Trump,738,Abraham Lincoln Hillary Clinton,0
Donald Trump,738,Abraham Lincoln Joe Biden,0
Donald Trump,738,Abraham Lincoln Richard Nixon,0
Donald Trump,738,Abraham Lincoln Ronald Reagan,1
Donald Trump,738,Barack Obama Bernie Sanders,1
Donald Trump,738,Barack Obama George W. Bush,1
Donald Trump,738,Barack Obama Hillary Clinton,0
Donald Trump,738,Barack Obama Joe Biden,0
Donald Trump,738,Barack Obama Richard Nixon,0
Donald Trump,738,Barack Obama Ronald Reagan,0
Donald Trump,738,Bernie Sanders Elizabeth Warren,0
Donald Trump,738,Bernie Sanders George W. Bush,0
Donald Trump,738,Bernie Sanders Hillary Clinton,0
Donald Trump,738,Bernie Sanders Joe Biden,0
Donald Trump,738,Bernie Sanders Richard Nixon,0
Donald Trump,738,Bernie Sanders Ronald Reagan,0
Donald Trump,738,Elizabeth Warren George W. Bush,0
Donald Trump,738,Elizabeth Warren Hillary Clinton,0
Donald Trump,738,Elizabeth Warren Joe Biden,0
Donald Trump,738,Elizabeth Warren Richard Nixon,0
Donald Trump,738,Elizabeth Warren Ronald Reagan,1
Donald Trump,738,George W. Bush Hillary Clinton,0
Donald Trump,738,George W. Bush Joe Biden,0
Donald Trump,738,George W. Bush Ronald Reagan,0
Donald Trump,738,Hillary Clinton Joe Biden,0
Donald Trump,738,Hillary Clinton Richard Nixon,1
Donald Trump,738,Hillary Clinton Ronald Reagan,0
Donald Trump,738,Joe Biden Richard Nixon,0
Donald Trump,738,Joe Biden Ronald Reagan,0
Donald Trump,738,Richard Nixon Ronald Reagan,0
Joe Biden,739,Abraham Lincoln Barack Obama,0
Joe Biden,739,Abraham Lincoln Bernie Sanders,0
Joe Biden,739,Abraham Lincoln Donald Trump,0
Joe Biden,739,Abraham Lincoln Elizabeth Warren,0
Joe Biden,739,Abraham Lincoln George W. Bush,0
Joe Biden,739,Abraham Lincoln Hillary Clinton,0
Joe Biden,739,Abraham Lincoln Ronald Reagan,0
Joe Biden,739,Barack Obama Bernie Sanders,1
Joe Biden,739,Barack Obama Donald Trump,0
Joe Biden,739,Barack Obama Elizabeth Warren,0
Joe Biden,739,Barack Obama George W. Bush,0
Joe Biden,739,Barack Obama Hillary Clinton,0
Joe Biden,739,Barack Obama Richard Nixon,0
Joe Biden,739,Barack Obama Ronald Reagan,0
Joe Biden,739,Bernie Sanders Donald Trump,0
Joe Biden,739,Bernie Sanders Elizabeth Warren,0
Joe Biden,739,Bernie Sanders George W. Bush,0
Joe Biden,739,Bernie Sanders Hillary Clinton,0
Joe Biden,739,Bernie Sanders Richard Nixon,0
Joe Biden,739,Bernie Sanders Ronald Reagan,0
Joe Biden,739,Donald Trump Elizabeth Warren,0
Joe Biden,739,Donald Trump George W. Bush,0
Joe Biden,739,Donald Trump Hillary Clinton,0
Joe Biden,739,Donald Trump Richard Nixon,0
Joe Biden,739,Donald Trump Ronald Reagan,0
Joe Biden,739,Elizabeth Warren George W. Bush,0
Joe Biden,739,Elizabeth Warren Hillary Clinton,0
Joe Biden,739,Elizabeth Warren Richard Nixon,0
Joe Biden,739,Elizabeth Warren Ronald Reagan,0
Joe Biden,739,George W. Bush Hillary Clinton,0
Joe Biden,739,George W. Bush Richard Nixon,0
Joe Biden,739,Hillary Clinton Richard Nixon,0
Joe Biden,739,Richard Nixon Ronald Reagan,0
Donald Trump,740,Abraham Lincoln Barack Obama,0
Donald Trump,740,Abraham Lincoln Bernie Sanders,0
Donald Trump,740,Abraham Lincoln Elizabeth Warren,0
Donald Trump,740,Abraham Lincoln Hillary Clinton,0
Donald Trump,740,Abraham Lincoln Joe Biden,0
Donald Trump,740,Abraham Lincoln Richard Nixon,0
Donald Trump,740,Abraham Lincoln Ronald Reagan,0
Donald Trump,740,Barack Obama Bernie Sanders,0
Donald Trump,740,Barack Obama Elizabeth Warren,0
Donald Trump,740,Barack Obama George W. Bush,0
Donald Trump,740,Barack Obama Hillary Clinton,0
Donald Trump,740,Barack Obama Richard Nixon,0
Donald Trump,740,Barack Obama Ronald Reagan,0
Donald Trump,740,Bernie Sanders Elizabeth Warren,0
Donald Trump,740,Bernie Sanders George W. Bush,0
Donald Trump,740,Bernie Sanders Hillary Clinton,0
Donald Trump,740,Bernie Sanders Joe Biden,0
Donald Trump,740,Bernie Sanders Richard Nixon,0
Donald Trump,740,Bernie Sanders Ronald Reagan,0
Donald Trump,740,Elizabeth Warren George W. Bush,0
Donald Trump,740,Elizabeth Warren Hillary Clinton,0
Donald Trump,740,Elizabeth Warren Joe Biden,0
Donald Trump,740,Elizabeth Warren Richard Nixon,0
Donald Trump,740,Elizabeth Warren Ronald Reagan,0
Donald Trump,740,George W. Bush Hillary Clinton,0
Donald Trump,740,George W. Bush Joe Biden,0
Donald Trump,740,George W. Bush Richard Nixon,0
Donald Trump,740,George W. Bush Ronald Reagan,0
Donald Trump,740,Hillary Clinton Joe Biden,0
Donald Trump,740,Hillary Clinton Richard Nixon,0
Donald Trump,740,Joe Biden Richard Nixon,1
Donald Trump,740,Joe Biden Ronald Reagan,0
Donald Trump,740,Richard Nixon Ronald Reagan,0
Joe Biden,741,Abraham Lincoln Barack Obama,0
Joe Biden,741,Abraham Lincoln Bernie Sanders,0
Joe Biden,741,Abraham Lincoln Donald Trump,0
Joe Biden,741,Abraham Lincoln Elizabeth Warren,0
Joe Biden,741,Abraham Lincoln George W. Bush,0
Joe Biden,741,Abraham Lincoln Hillary Clinton,0
Joe Biden,741,Abraham Lincoln Richard Nixon,0
Joe Biden,741,Abraham Lincoln Ronald Reagan,0
Joe Biden,741,Barack Obama Bernie Sanders,1
Joe Biden,741,Barack Obama Donald Trump,0
Joe Biden,741,Barack Obama George W. Bush,0
Joe Biden,741,Barack Obama Hillary Clinton,0
Joe Biden,741,Barack Obama Richard Nixon,0
Joe Biden,741,Barack Obama Ronald Reagan,0
Joe Biden,741,Bernie Sanders Donald Trump,0
Joe Biden,741,Bernie Sanders Elizabeth Warren,0
Joe Biden,741,Bernie Sanders George W. Bush,0
Joe Biden,741,Bernie Sanders Hillary Clinton,0
Joe Biden,741,Bernie Sanders Richard Nixon,0
Joe Biden,741,Bernie Sanders Ronald Reagan,0
Joe Biden,741,Donald Trump Elizabeth Warren,0
Joe Biden,741,Donald Trump George W. Bush,0
Joe Biden,741,Donald Trump Hillary Clinton,1
Joe Biden,741,Donald Trump Richard Nixon,0
Joe Biden,741,Donald Trump Ronald Reagan,0
Joe Biden,741,Elizabeth Warren George W. Bush,0
Joe Biden,741,Elizabeth Warren Richard Nixon,0
Joe Biden,741,Elizabeth Warren Ronald Reagan,0
Joe Biden,741,George W. Bush Hillary Clinton,0
Joe Biden,741,George W. Bush Richard Nixon,0
Joe Biden,741,George W. Bush Ronald Reagan,0
Joe Biden,741,Hillary Clinton Richard Nixon,0
Joe Biden,741,Hillary Clinton Ronald Reagan,0
Joe Biden,741,Richard Nixon Ronald Reagan,0
Richard Nixon,742,Abraham Lincoln Barack Obama,0
Richard Nixon,742,Abraham Lincoln Bernie Sanders,0
Richard Nixon,742,Abraham Lincoln Donald Trump,0
Richard Nixon,742,Abraham Lincoln George W. Bush,1
Richard Nixon,742,Abraham Lincoln Hillary Clinton,0
Richard Nixon,742,Abraham Lincoln Joe Biden,0
Richard Nixon,742,Abraham Lincoln Ronald Reagan,0
Richard Nixon,742,Barack Obama Elizabeth Warren,0
Richard Nixon,742,Barack Obama George W. Bush,1
Richard Nixon,742,Barack Obama Hillary Clinton,0
Richard Nixon,742,Barack Obama Joe Biden,0
Richard Nixon,742,Bernie Sanders Donald Trump,0
Richard Nixon,742,Bernie Sanders Elizabeth Warren,0
Richard Nixon,742,Bernie Sanders George W. Bush,0
Richard Nixon,742,Bernie Sanders Hillary Clinton,0
Richard Nixon,742,Bernie Sanders Joe Biden,0
Richard Nixon,742,Bernie Sanders Ronald Reagan,1
Richard Nixon,742,Donald Trump George W. Bush,0
Richard Nixon,742,Donald Trump Hillary Clinton,0
Richard Nixon,742,Donald Trump Joe Biden,0
Richard Nixon,742,Donald Trump Ronald Reagan,0
Richard Nixon,742,Elizabeth Warren George W. Bush,0
Richard Nixon,742,Elizabeth Warren Hillary Clinton,0
Richard Nixon,742,Elizabeth Warren Joe Biden,0
Richard Nixon,742,Elizabeth Warren Ronald Reagan,0
Richard Nixon,742,George W. Bush Hillary Clinton,0
Richard Nixon,742,George W. Bush Joe Biden,0
Richard Nixon,742,George W. Bush Ronald Reagan,0
Richard Nixon,742,Hillary Clinton Ronald Reagan,0
Richard Nixon,742,Joe Biden Ronald Reagan,0
Bernie Sanders,743,Abraham Lincoln Barack Obama,0
Bernie Sanders,743,Abraham Lincoln Donald Trump,0
Bernie Sanders,743,Abraham Lincoln Elizabeth Warren,0
Bernie Sanders,743,Abraham Lincoln George W. Bush,0
Bernie Sanders,743,Abraham Lincoln Hillary Clinton,0
Bernie Sanders,743,Abraham Lincoln Joe Biden,0
Bernie Sanders,743,Abraham Lincoln Richard Nixon,0
Bernie Sanders,743,Abraham Lincoln Ronald Reagan,0
Bernie Sanders,743,Barack Obama Donald Trump,0
Bernie Sanders,743,Barack Obama Elizabeth Warren,1
Bernie Sanders,743,Barack Obama George W. Bush,0
Bernie Sanders,743,Barack Obama Hillary Clinton,0
Bernie Sanders,743,Barack Obama Joe Biden,0
Bernie Sanders,743,Barack Obama Richard Nixon,0
Bernie Sanders,743,Barack Obama Ronald Reagan,0
Bernie Sanders,743,Donald Trump Elizabeth Warren,0
Bernie Sanders,743,Donald Trump Hillary Clinton,0
Bernie Sanders,743,Donald Trump Richard Nixon,0
Bernie Sanders,743,Elizabeth Warren Hillary Clinton,0
Bernie Sanders,743,Elizabeth Warren Joe Biden,0
Bernie Sanders,743,Elizabeth Warren Richard Nixon,0
Bernie Sanders,743,Elizabeth Warren Ronald Reagan,0
Bernie Sanders,743,George W. Bush Hillary Clinton,0
Bernie Sanders,743,George W. Bush Joe Biden,0
Bernie Sanders,743,George W. Bush Richard Nixon,0
Bernie Sanders,743,George W. Bush Ronald Reagan,0
Bernie Sanders,743,Hillary Clinton Joe Biden,0
Bernie Sanders,743,Hillary Clinton Richard Nixon,0
Bernie Sanders,743,Hillary Clinton Ronald Reagan,0
Bernie Sanders,743,Joe Biden Richard Nixon,0
Bernie Sanders,743,Joe Biden Ronald Reagan,0
Bernie Sanders,743,Richard Nixon Ronald Reagan,0
Bernie Sanders,744,Abraham Lincoln Barack Obama,0
Bernie Sanders,744,Abraham Lincoln Donald Trump,0
Bernie Sanders,744,Abraham Lincoln Elizabeth Warren,0
Bernie Sanders,744,Abraham Lincoln Hillary Clinton,0
Bernie Sanders,744,Abraham Lincoln Joe Biden,0
Bernie Sanders,744,Abraham Lincoln Richard Nixon,0
Bernie Sanders,744,Abraham Lincoln Ronald Reagan,0
Bernie Sanders,744,Barack Obama Donald Trump,0
Bernie Sanders,744,Barack Obama Elizabeth Warren,0
Bernie Sanders,744,Barack Obama George W. Bush,0
Bernie Sanders,744,Barack Obama Hillary Clinton,0
Bernie Sanders,744,Barack Obama Joe Biden,0
Bernie Sanders,744,Barack Obama Richard Nixon,0
Bernie Sanders,744,Barack Obama Ronald Reagan,0
Bernie Sanders,744,Donald Trump Elizabeth Warren,0
Bernie Sanders,744,Donald Trump George W. Bush,0
Bernie Sanders,744,Donald Trump Hillary Clinton,0
Bernie Sanders,744,Donald Trump Joe Biden,0
Bernie Sanders,744,Donald Trump Richard Nixon,1
Bernie Sanders,744,Donald Trump Ronald Reagan,0
Bernie Sanders,744,Elizabeth Warren George W. Bush,0
Bernie Sanders,744,Elizabeth Warren Hillary Clinton,0
Bernie Sanders,744,Elizabeth Warren Joe Biden,0
Bernie Sanders,744,Elizabeth Warren Richard Nixon,0
Bernie Sanders,744,Elizabeth Warren Ronald Reagan,0
Bernie Sanders,744,George W. Bush Hillary Clinton,0
Bernie Sanders,744,George W. Bush Joe Biden,0
Bernie Sanders,744,George W. Bush Richard Nixon,1
Bernie Sanders,744,George W. Bush Ronald Reagan,0
Bernie Sanders,744,Hillary Clinton Joe Biden,0
Bernie Sanders,744,Hillary Clinton Richard Nixon,0
Bernie Sanders,744,Hillary Clinton Ronald Reagan,0
Bernie Sanders,744,Joe Biden Richard Nixon,0
Bernie Sanders,744,Joe Biden Ronald Reagan,0
Bernie Sanders,744,Richard Nixon Ronald Reagan,0
Barack Obama,745,Abraham Lincoln Bernie Sanders,0
Barack Obama,745,Abraham Lincoln Donald Trump,0
Barack Obama,745,Abraham Lincoln Elizabeth Warren,0
Barack Obama,745,Abraham Lincoln George W. Bush,0
Barack Obama,745,Abraham Lincoln Hillary Clinton,0
Barack Obama,745,Abraham Lincoln Joe Biden,0
Barack Obama,745,Abraham Lincoln Richard Nixon,0
Barack Obama,745,Abraham Lincoln Ronald Reagan,0
Barack Obama,745,Bernie Sanders Donald Trump,0
Barack Obama,745,Bernie Sanders Elizabeth Warren,0
Barack Obama,745,Bernie Sanders George W. Bush,0
Barack Obama,745,Bernie Sanders Hillary Clinton,0
Barack Obama,745,Bernie Sanders Joe Biden,0
Barack Obama,745,Bernie Sanders Richard Nixon,0
Barack Obama,745,Bernie Sanders Ronald Reagan,0
Barack Obama,745,Donald Trump Elizabeth Warren,0
Barack Obama,745,Donald Trump Hillary Clinton,0
Barack Obama,745,Donald Trump Joe Biden,0
Barack Obama,745,Donald Trump Richard Nixon,0
Barack Obama,745,Donald Trump Ronald Reagan,0
Barack Obama,745,Elizabeth Warren George W. Bush,1
Barack Obama,745,Elizabeth Warren Joe Biden,0
Barack Obama,745,Elizabeth Warren Richard Nixon,0
Barack Obama,745,Elizabeth Warren Ronald Reagan,0
Barack Obama,745,George W. Bush Hillary Clinton,0
Barack Obama,745,George W. Bush Joe Biden,0
Barack Obama,745,George W. Bush Richard Nixon,0
Barack Obama,745,George W. Bush Ronald Reagan,1
Barack Obama,745,Hillary Clinton Joe Biden,0
Barack Obama,745,Hillary Clinton Richard Nixon,0
Barack Obama,745,Hillary Clinton Ronald Reagan,0
Barack Obama,745,Joe Biden Richard Nixon,0
Barack Obama,745,Joe Biden Ronald Reagan,0
Barack Obama,745,Richard Nixon Ronald Reagan,0
Ronald Reagan,746,Abraham Lincoln Bernie Sanders,0
Ronald Reagan,746,Abraham Lincoln Donald Trump,0
Ronald Reagan,746,Abraham Lincoln Elizabeth Warren,0
Ronald Reagan,746,Abraham Lincoln George W. Bush,0
Ronald Reagan,746,Abraham Lincoln Hillary Clinton,0
Ronald Reagan,746,Abraham Lincoln Richard Nixon,0
Ronald Reagan,746,Barack Obama Bernie Sanders,0
Ronald Reagan,746,Barack Obama Donald Trump,0
Ronald Reagan,746,Barack Obama Elizabeth Warren,0
Ronald Reagan,746,Barack Obama George W. Bush,0
Ronald Reagan,746,Barack Obama Hillary Clinton,0
Ronald Reagan,746,Barack Obama Joe Biden,0
Ronald Reagan,746,Barack Obama Richard Nixon,0
Ronald Reagan,746,Bernie Sanders Donald Trump,0
Ronald Reagan,746,Bernie Sanders Elizabeth Warren,0
Ronald Reagan,746,Bernie Sanders George W. Bush,0
Ronald Reagan,746,Bernie Sanders Joe Biden,0
Ronald Reagan,746,Bernie Sanders Richard Nixon,0
Ronald Reagan,746,Donald Trump Elizabeth Warren,0
Ronald Reagan,746,Donald Trump Hillary Clinton,0
Ronald Reagan,746,Donald Trump Joe Biden,0
Ronald Reagan,746,Donald Trump Richard Nixon,0
Ronald Reagan,746,Elizabeth Warren George W. Bush,0
Ronald Reagan,746,Elizabeth Warren Hillary Clinton,0
Ronald Reagan,746,Elizabeth Warren Joe Biden,0
Ronald Reagan,746,Elizabeth Warren Richard Nixon,0
Ronald Reagan,746,George W. Bush Hillary Clinton,0
Ronald Reagan,746,George W. Bush Joe Biden,0
Ronald Reagan,746,George W. Bush Richard Nixon,0
Ronald Reagan,746,Hillary Clinton Joe Biden,1
Ronald Reagan,746,Hillary Clinton Richard Nixon,0
Ronald Reagan,746,Joe Biden Richard Nixon,0
Bernie Sanders,747,Abraham Lincoln Barack Obama,0
Bernie Sanders,747,Abraham Lincoln Donald Trump,0
Bernie Sanders,747,Abraham Lincoln Elizabeth Warren,0
Bernie Sanders,747,Abraham Lincoln George W. Bush,0
Bernie Sanders,747,Abraham Lincoln Hillary Clinton,0
Bernie Sanders,747,Abraham Lincoln Joe Biden,0
Bernie Sanders,747,Abraham Lincoln Richard Nixon,0
Bernie Sanders,747,Abraham Lincoln Ronald Reagan,0
Bernie Sanders,747,Barack Obama Elizabeth Warren,0
Bernie Sanders,747,Barack Obama George W. Bush,0
Bernie Sanders,747,Barack Obama Hillary Clinton,0
Bernie Sanders,747,Barack Obama Joe Biden,0
Bernie Sanders,747,Barack Obama Richard Nixon,0
Bernie Sanders,747,Barack Obama Ronald Reagan,0
Bernie Sanders,747,Donald Trump Elizabeth Warren,0
Bernie Sanders,747,Donald Trump George W. Bush,0
Bernie Sanders,747,Donald Trump Hillary Clinton,0
Bernie Sanders,747,Donald Trump Joe Biden,0
Bernie Sanders,747,Donald Trump Richard Nixon,0
Bernie Sanders,747,Donald Trump Ronald Reagan,0
Bernie Sanders,747,Elizabeth Warren Hillary Clinton,0
Bernie Sanders,747,Elizabeth Warren Joe Biden,0
Bernie Sanders,747,Elizabeth Warren Richard Nixon,0
Bernie Sanders,747,Elizabeth Warren Ronald Reagan,0
Bernie Sanders,747,George W. Bush Hillary Clinton,0
Bernie Sanders,747,George W. Bush Joe Biden,0
Bernie Sanders,747,George W. Bush Richard Nixon,0
Bernie Sanders,747,George W. Bush Ronald Reagan,0
Bernie Sanders,747,Hillary Clinton Joe Biden,0
Bernie Sanders,747,Hillary Clinton Richard Nixon,0
Bernie Sanders,747,Hillary Clinton Ronald Reagan,0
Bernie Sanders,747,Joe Biden Richard Nixon,1
Bernie Sanders,747,Joe Biden Ronald Reagan,0
Bernie Sanders,747,Richard Nixon Ronald Reagan,0
Bernie Sanders,748,Abraham Lincoln Barack Obama,0
Bernie Sanders,748,Abraham Lincoln Elizabeth Warren,0
Bernie Sanders,748,Abraham Lincoln George W. Bush,0
Bernie Sanders,748,Abraham Lincoln Hillary Clinton,0
Bernie Sanders,748,Abraham Lincoln Joe Biden,0
Bernie Sanders,748,Abraham Lincoln Richard Nixon,0
Bernie Sanders,748,Abraham Lincoln Ronald Reagan,0
Bernie Sanders,748,Barack Obama Donald Trump,0
Bernie Sanders,748,Barack Obama Elizabeth Warren,0
Bernie Sanders,748,Barack Obama George W. Bush,0
Bernie Sanders,748,Barack Obama Hillary Clinton,1
Bernie Sanders,748,Barack Obama Joe Biden,0
Bernie Sanders,748,Barack Obama Richard Nixon,0
Bernie Sanders,748,Barack Obama Ronald Reagan,0
Bernie Sanders,748,Donald Trump Elizabeth Warren,0
Bernie Sanders,748,Donald Trump George W. Bush,0
Bernie Sanders,748,Donald Trump Hillary Clinton,0
Bernie Sanders,748,Donald Trump Joe Biden,0
Bernie Sanders,748,Donald Trump Richard Nixon,0
Bernie Sanders,748,Donald Trump Ronald Reagan,0
Bernie Sanders,748,Elizabeth Warren George W. Bush,0
Bernie Sanders,748,Elizabeth Warren Hillary Clinton,0
Bernie Sanders,748,Elizabeth Warren Joe Biden,0
Bernie Sanders,748,Elizabeth Warren Richard Nixon,1
Bernie Sanders,748,Elizabeth Warren Ronald Reagan,0
Bernie Sanders,748,George W. Bush Hillary Clinton,0
Bernie Sanders,748,George W. Bush Joe Biden,0
Bernie Sanders,748,George W. Bush Richard Nixon,0
Bernie Sanders,748,George W. Bush Ronald Reagan,0
Bernie Sanders,748,Hillary Clinton Joe Biden,0
Bernie Sanders,748,Hillary Clinton Richard Nixon,0
Bernie Sanders,748,Hillary Clinton Ronald Reagan,0
Bernie Sanders,748,Joe Biden Richard Nixon,0
Bernie Sanders,748,Joe Biden Ronald Reagan,0
Bernie Sanders,748,Richard Nixon Ronald Reagan,0
Elizabeth Warren,749,Abraham Lincoln Barack Obama,0
Elizabeth Warren,749,Abraham Lincoln Bernie Sanders,0
Elizabeth Warren,749,Abraham Lincoln Donald Trump,0
Elizabeth Warren,749,Abraham Lincoln George W. Bush,0
Elizabeth Warren,749,Abraham Lincoln Hillary Clinton,0
Elizabeth Warren,749,Abraham Lincoln Joe Biden,0
Elizabeth Warren,749,Abraham Lincoln Richard Nixon,0
Elizabeth Warren,749,Abraham Lincoln Ronald Reagan,0
Elizabeth Warren,749,Barack Obama Bernie Sanders,0
Elizabeth Warren,749,Barack Obama Donald Trump,0
Elizabeth Warren,749,Barack Obama George W. Bush,0
Elizabeth Warren,749,Barack Obama Hillary Clinton,0
Elizabeth Warren,749,Barack Obama Joe Biden,0
Elizabeth Warren,749,Barack Obama Richard Nixon,0
Elizabeth Warren,749,Barack Obama Ronald Reagan,0
Elizabeth Warren,749,Bernie Sanders Donald Trump,0
Elizabeth Warren,749,Bernie Sanders George W. Bush,0
Elizabeth Warren,749,Bernie Sanders Hillary Clinton,0
Elizabeth Warren,749,Bernie Sanders Joe Biden,0
Elizabeth Warren,749,Bernie Sanders Richard Nixon,0
Elizabeth Warren,749,Bernie Sanders Ronald Reagan,0
Elizabeth Warren,749,Donald Trump Hillary Clinton,1
Elizabeth Warren,749,Donald Trump Joe Biden,0
Elizabeth Warren,749,Donald Trump Richard Nixon,0
Elizabeth Warren,749,Donald Trump Ronald Reagan,0
Elizabeth Warren,749,George W. Bush Hillary Clinton,0
Elizabeth Warren,749,George W. Bush Joe Biden,0
Elizabeth Warren,749,George W. Bush Richard Nixon,0
Elizabeth Warren,749,George W. Bush Ronald Reagan,0
Elizabeth Warren,749,Hillary Clinton Richard Nixon,0
Elizabeth Warren,749,Hillary Clinton Ronald Reagan,0
Elizabeth Warren,749,Joe Biden Richard Nixon,0
Elizabeth Warren,749,Joe Biden Ronald Reagan,0
Elizabeth Warren,749,Richard Nixon Ronald Reagan,0
Elizabeth Warren,750,Abraham Lincoln Barack Obama,0
Elizabeth Warren,750,Abraham Lincoln Bernie Sanders,0
Elizabeth Warren,750,Abraham Lincoln Donald Trump,0
Elizabeth Warren,750,Abraham Lincoln George W. Bush,0
Elizabeth Warren,750,Abraham Lincoln Hillary Clinton,0
Elizabeth Warren,750,Abraham Lincoln Joe Biden,0
Elizabeth Warren,750,Abraham Lincoln Richard Nixon,0
Elizabeth Warren,750,Abraham Lincoln Ronald Reagan,0
Elizabeth Warren,750,Barack Obama Bernie Sanders,0
Elizabeth Warren,750,Barack Obama Donald Trump,0
Elizabeth Warren,750,Barack Obama George W. Bush,0
Elizabeth Warren,750,Barack Obama Hillary Clinton,0
Elizabeth Warren,750,Barack Obama Joe Biden,0
Elizabeth Warren,750,Barack Obama Richard Nixon,0
Elizabeth Warren,750,Barack Obama Ronald Reagan,0
Elizabeth Warren,750,Bernie Sanders Donald Trump,0
Elizabeth Warren,750,Bernie Sanders George W. Bush,0
Elizabeth Warren,750,Bernie Sanders Hillary Clinton,0
Elizabeth Warren,750,Bernie Sanders Joe Biden,0
Elizabeth Warren,750,Bernie Sanders Richard Nixon,0
Elizabeth Warren,750,Bernie Sanders Ronald Reagan,0
Elizabeth Warren,750,Donald Trump George W. Bush,0
Elizabeth Warren,750,Donald Trump Hillary Clinton,0
Elizabeth Warren,750,Donald Trump Joe Biden,0
Elizabeth Warren,750,Donald Trump Richard Nixon,0
Elizabeth Warren,750,Donald Trump Ronald Reagan,0
Elizabeth Warren,750,George W. Bush Hillary Clinton,0
Elizabeth Warren,750,George W. Bush Joe Biden,0
Elizabeth Warren,750,George W. Bush Richard Nixon,0
Elizabeth Warren,750,George W. Bush Ronald Reagan,0
Elizabeth Warren,750,Hillary Clinton Joe Biden,0
Elizabeth Warren,750,Hillary Clinton Richard Nixon,0
Elizabeth Warren,750,Hillary Clinton Ronald Reagan,0
Elizabeth Warren,750,Joe Biden Richard Nixon,0
Elizabeth Warren,750,Joe Biden Ronald Reagan,0
Elizabeth Warren,750,Richard Nixon Ronald Reagan,0
Barack Obama,751,Abraham Lincoln Bernie Sanders,0
Barack Obama,751,Abraham Lincoln Donald Trump,0
Barack Obama,751,Abraham Lincoln Elizabeth Warren,0
Barack Obama,751,Abraham Lincoln George W. Bush,0
Barack Obama,751,Abraham Lincoln Hillary Clinton,0
Barack Obama,751,Abraham Lincoln Joe Biden,0
Barack Obama,751,Abraham Lincoln Richard Nixon,0
Barack Obama,751,Abraham Lincoln Ronald Reagan,0
Barack Obama,751,Bernie Sanders Donald Trump,0
Barack Obama,751,Bernie Sanders Elizabeth Warren,0
Barack Obama,751,Bernie Sanders George W. Bush,0
Barack Obama,751,Bernie Sanders Hillary Clinton,0
Barack Obama,751,Bernie Sanders Joe Biden,0
Barack Obama,751,Bernie Sanders Richard Nixon,0
Barack Obama,751,Bernie Sanders Ronald Reagan,0
Barack Obama,751,Donald Trump Elizabeth Warren,0
Barack Obama,751,Donald Trump Joe Biden,0
Barack Obama,751,Donald Trump Richard Nixon,0
Barack Obama,751,Donald Trump Ronald Reagan,0
Barack Obama,751,Elizabeth Warren George W. Bush,0
Barack Obama,751,Elizabeth Warren Hillary Clinton,0
Barack Obama,751,Elizabeth Warren Richard Nixon,0
Barack Obama,751,Elizabeth Warren Ronald Reagan,0
Barack Obama,751,George W. Bush Hillary Clinton,0
Barack Obama,751,George W. Bush Joe Biden,0
Barack Obama,751,George W. Bush Richard Nixon,0
Barack Obama,751,George W. Bush Ronald Reagan,0
Barack Obama,751,Hillary Clinton Joe Biden,0
Barack Obama,751,Hillary Clinton Richard Nixon,0
Barack Obama,751,Hillary Clinton Ronald Reagan,0
Barack Obama,751,Joe Biden Richard Nixon,1
Barack Obama,751,Joe Biden Ronald Reagan,0
Barack Obama,751,Richard Nixon Ronald Reagan,0
Ronald Reagan,752,Abraham Lincoln Barack Obama,0
Ronald Reagan,752,Abraham Lincoln Bernie Sanders,0
Ronald Reagan,752,Abraham Lincoln Donald Trump,0
Ronald Reagan,752,Abraham Lincoln Elizabeth Warren,0
Ronald Reagan,752,Abraham Lincoln George W. Bush,0
Ronald Reagan,752,Abraham Lincoln Hillary Clinton,0
Ronald Reagan,752,Abraham Lincoln Joe Biden,0
Ronald Reagan,752,Abraham Lincoln Richard Nixon,0
Ronald Reagan,752,Barack Obama Bernie Sanders,1
Ronald Reagan,752,Barack Obama Donald Trump,0
Ronald Reagan,752,Barack Obama Elizabeth Warren,0
Ronald Reagan,752,Barack Obama George W. Bush,0
Ronald Reagan,752,Barack Obama Hillary Clinton,0
Ronald Reagan,752,Barack Obama Joe Biden,0
Ronald Reagan,752,Barack Obama Richard Nixon,0
Ronald Reagan,752,Bernie Sanders Donald Trump,0
Ronald Reagan,752,Bernie Sanders Elizabeth Warren,0
Ronald Reagan,752,Bernie Sanders George W. Bush,0
Ronald Reagan,752,Bernie Sanders Hillary Clinton,0
Ronald Reagan,752,Bernie Sanders Joe Biden,0
Ronald Reagan,752,Bernie Sanders Richard Nixon,0
Ronald Reagan,752,Donald Trump Elizabeth Warren,0
Ronald Reagan,752,Donald Trump George W. Bush,0
Ronald Reagan,752,Donald Trump Hillary Clinton,0
Ronald Reagan,752,Donald Trump Joe Biden,0
Ronald Reagan,752,Donald Trump Richard Nixon,0
Ronald Reagan,752,Elizabeth Warren George W. Bush,0
Ronald Reagan,752,Elizabeth Warren Hillary Clinton,0
Ronald Reagan,752,Elizabeth Warren Joe Biden,0
Ronald Reagan,752,Elizabeth Warren Richard Nixon,0
Ronald Reagan,752,George W. Bush Hillary Clinton,0
Ronald Reagan,752,George W. Bush Joe Biden,0
Ronald Reagan,752,George W. Bush Richard Nixon,0
Ronald Reagan,752,Hillary Clinton Richard Nixon,1
Ronald Reagan,752,Joe Biden Richard Nixon,0
George W. Bush,753,Abraham Lincoln Barack Obama,0
George W. Bush,753,Abraham Lincoln Bernie Sanders,0
George W. Bush,753,Abraham Lincoln Donald Trump,0
George W. Bush,753,Abraham Lincoln Hillary Clinton,0
George W. Bush,753,Abraham Lincoln Joe Biden,0
George W. Bush,753,Abraham Lincoln Ronald Reagan,0
George W. Bush,753,Barack Obama Bernie Sanders,0
George W. Bush,753,Barack Obama Donald Trump,0
George W. Bush,753,Barack Obama Elizabeth Warren,0
George W. Bush,753,Barack Obama Hillary Clinton,1
George W. Bush,753,Barack Obama Joe Biden,0
George W. Bush,753,Barack Obama Richard Nixon,1
George W. Bush,753,Barack Obama Ronald Reagan,1
George W. Bush,753,Bernie Sanders Donald Trump,0
George W. Bush,753,Bernie Sanders Elizabeth Warren,0
George W. Bush,753,Bernie Sanders Hillary Clinton,0
George W. Bush,753,Bernie Sanders Joe Biden,0
George W. Bush,753,Bernie Sanders Richard Nixon,0
George W. Bush,753,Bernie Sanders Ronald Reagan,0
George W. Bush,753,Donald Trump Elizabeth Warren,0
George W. Bush,753,Donald Trump Hillary Clinton,0
George W. Bush,753,Donald Trump Joe Biden,1
George W. Bush,753,Donald Trump Richard Nixon,1
George W. Bush,753,Donald Trump Ronald Reagan,0
George W. Bush,753,Elizabeth Warren Hillary Clinton,0
George W. Bush,753,Elizabeth Warren Joe Biden,0
George W. Bush,753,Elizabeth Warren Richard Nixon,0
George W. Bush,753,Elizabeth Warren Ronald Reagan,0
George W. Bush,753,Hillary Clinton Richard Nixon,0
George W. Bush,753,Hillary Clinton Ronald Reagan,0
George W. Bush,753,Joe Biden Richard Nixon,0
George W. Bush,753,Joe Biden Ronald Reagan,0
George W. Bush,753,Richard Nixon Ronald Reagan,0
Elizabeth Warren,754,Abraham Lincoln Barack Obama,0
Elizabeth Warren,754,Abraham Lincoln Bernie Sanders,0
Elizabeth Warren,754,Abraham Lincoln Donald Trump,0
Elizabeth Warren,754,Abraham Lincoln George W. Bush,0
Elizabeth Warren,754,Abraham Lincoln Hillary Clinton,0
Elizabeth Warren,754,Abraham Lincoln Joe Biden,0
Elizabeth Warren,754,Abraham Lincoln Richard Nixon,0
Elizabeth Warren,754,Abraham Lincoln Ronald Reagan,0
Elizabeth Warren,754,Barack Obama Bernie Sanders,0
Elizabeth Warren,754,Barack Obama Donald Trump,0
Elizabeth Warren,754,Barack Obama George W. Bush,0
Elizabeth Warren,754,Barack Obama Hillary Clinton,0
Elizabeth Warren,754,Barack Obama Richard Nixon,0
Elizabeth Warren,754,Barack Obama Ronald Reagan,0
Elizabeth Warren,754,Bernie Sanders Donald Trump,0
Elizabeth Warren,754,Bernie Sanders George W. Bush,0
Elizabeth Warren,754,Bernie Sanders Hillary Clinton,0
Elizabeth Warren,754,Bernie Sanders Joe Biden,0
Elizabeth Warren,754,Bernie Sanders Richard Nixon,0
Elizabeth Warren,754,Bernie Sanders Ronald Reagan,0
Elizabeth Warren,754,Donald Trump Hillary Clinton,0
Elizabeth Warren,754,Donald Trump Joe Biden,0
Elizabeth Warren,754,Donald Trump Richard Nixon,0
Elizabeth Warren,754,Donald Trump Ronald Reagan,0
Elizabeth Warren,754,George W. Bush Hillary Clinton,0
Elizabeth Warren,754,George W. Bush Joe Biden,0
Elizabeth Warren,754,George W. Bush Richard Nixon,1
Elizabeth Warren,754,George W. Bush Ronald Reagan,0
Elizabeth Warren,754,Hillary Clinton Joe Biden,0
Elizabeth Warren,754,Hillary Clinton Richard Nixon,0
Elizabeth Warren,754,Hillary Clinton Ronald Reagan,0
Elizabeth Warren,754,Joe Biden Richard Nixon,1
Elizabeth Warren,754,Joe Biden Ronald Reagan,0
Elizabeth Warren,754,Richard Nixon Ronald Reagan,0
George W. Bush,755,Abraham Lincoln Barack Obama,0
George W. Bush,755,Abraham Lincoln Bernie Sanders,0
George W. Bush,755,Abraham Lincoln Donald Trump,0
George W. Bush,755,Abraham Lincoln Elizabeth Warren,0
George W. Bush,755,Abraham Lincoln Hillary Clinton,1
George W. Bush,755,Abraham Lincoln Joe Biden,0
George W. Bush,755,Abraham Lincoln Richard Nixon,0
George W. Bush,755,Abraham Lincoln Ronald Reagan,0
George W. Bush,755,Barack Obama Bernie Sanders,0
George W. Bush,755,Barack Obama Donald Trump,0
George W. Bush,755,Barack Obama Elizabeth Warren,0
George W. Bush,755,Barack Obama Hillary Clinton,0
George W. Bush,755,Barack Obama Joe Biden,0
George W. Bush,755,Barack Obama Richard Nixon,0
George W. Bush,755,Barack Obama Ronald Reagan,0
George W. Bush,755,Bernie Sanders Donald Trump,0
George W. Bush,755,Bernie Sanders Elizabeth Warren,1
George W. Bush,755,Bernie Sanders Hillary Clinton,0
George W. Bush,755,Bernie Sanders Joe Biden,0
George W. Bush,755,Bernie Sanders Richard Nixon,0
George W. Bush,755,Bernie Sanders Ronald Reagan,0
George W. Bush,755,Donald Trump Elizabeth Warren,1
George W. Bush,755,Donald Trump Hillary Clinton,0
George W. Bush,755,Donald Trump Joe Biden,0
George W. Bush,755,Donald Trump Richard Nixon,0
George W. Bush,755,Donald Trump Ronald Reagan,0
George W. Bush,755,Elizabeth Warren Hillary Clinton,0
George W. Bush,755,Elizabeth Warren Joe Biden,0
George W. Bush,755,Elizabeth Warren Richard Nixon,0
George W. Bush,755,Elizabeth Warren Ronald Reagan,1
George W. Bush,755,Hillary Clinton Joe Biden,0
George W. Bush,755,Hillary Clinton Richard Nixon,0
George W. Bush,755,Hillary Clinton Ronald Reagan,0
George W. Bush,755,Joe Biden Richard Nixon,0
George W. Bush,755,Joe Biden Ronald Reagan,0
George W. Bush,755,Richard Nixon Ronald Reagan,0
Abraham Lincoln,756,Barack Obama Bernie Sanders,0
Abraham Lincoln,756,Barack Obama Elizabeth Warren,0
Abraham Lincoln,756,Barack Obama George W. Bush,0
Abraham Lincoln,756,Barack Obama Hillary Clinton,0
Abraham Lincoln,756,Barack Obama Richard Nixon,0
Abraham Lincoln,756,Barack Obama Ronald Reagan,0
Abraham Lincoln,756,Bernie Sanders Donald Trump,0
Abraham Lincoln,756,Bernie Sanders Elizabeth Warren,0
Abraham Lincoln,756,Bernie Sanders George W. Bush,0
Abraham Lincoln,756,Bernie Sanders Hillary Clinton,0
Abraham Lincoln,756,Bernie Sanders Joe Biden,0
Abraham Lincoln,756,Bernie Sanders Richard Nixon,0
Abraham Lincoln,756,Bernie Sanders Ronald Reagan,0
Abraham Lincoln,756,Donald Trump Elizabeth Warren,0
Abraham Lincoln,756,Donald Trump George W. Bush,0
Abraham Lincoln,756,Donald Trump Hillary Clinton,0
Abraham Lincoln,756,Elizabeth Warren Hillary Clinton,0
Abraham Lincoln,756,Elizabeth Warren Joe Biden,0
Abraham Lincoln,756,Elizabeth Warren Richard Nixon,0
Abraham Lincoln,756,Elizabeth Warren Ronald Reagan,0
Abraham Lincoln,756,George W. Bush Hillary Clinton,0
Abraham Lincoln,756,George W. Bush Joe Biden,0
Abraham Lincoln,756,George W. Bush Richard Nixon,0
Abraham Lincoln,756,George W. Bush Ronald Reagan,0
Abraham Lincoln,756,Hillary Clinton Joe Biden,0
Abraham Lincoln,756,Hillary Clinton Richard Nixon,0
Abraham Lincoln,756,Hillary Clinton Ronald Reagan,0
Abraham Lincoln,756,Joe Biden Richard Nixon,0
Abraham Lincoln,756,Joe Biden Ronald Reagan,0
Abraham Lincoln,756,Richard Nixon Ronald Reagan,0
Elizabeth Warren,757,Abraham Lincoln Barack Obama,0
Elizabeth Warren,757,Abraham Lincoln Bernie Sanders,0
Elizabeth Warren,757,Abraham Lincoln Donald Trump,0
Elizabeth Warren,757,Abraham Lincoln George W. Bush,0
Elizabeth Warren,757,Abraham Lincoln Hillary Clinton,0
Elizabeth Warren,757,Abraham Lincoln Joe Biden,0
Elizabeth Warren,757,Abraham Lincoln Richard Nixon,0
Elizabeth Warren,757,Abraham Lincoln Ronald Reagan,0
Elizabeth Warren,757,Barack Obama Bernie Sanders,1
Elizabeth Warren,757,Barack Obama Donald Trump,0
Elizabeth Warren,757,Barack Obama George W. Bush,0
Elizabeth Warren,757,Barack Obama Hillary Clinton,0
Elizabeth Warren,757,Barack Obama Joe Biden,0
Elizabeth Warren,757,Barack Obama Richard Nixon,0
Elizabeth Warren,757,Barack Obama Ronald Reagan,0
Elizabeth Warren,757,Bernie Sanders Donald Trump,0
Elizabeth Warren,757,Bernie Sanders George W. Bush,0
Elizabeth Warren,757,Bernie Sanders Hillary Clinton,0
Elizabeth Warren,757,Bernie Sanders Joe Biden,0
Elizabeth Warren,757,Bernie Sanders Richard Nixon,0
Elizabeth Warren,757,Bernie Sanders Ronald Reagan,0
Elizabeth Warren,757,Donald Trump George W. Bush,0
Elizabeth Warren,757,Donald Trump Hillary Clinton,0
Elizabeth Warren,757,Donald Trump Joe Biden,0
Elizabeth Warren,757,Donald Trump Richard Nixon,0
Elizabeth Warren,757,Donald Trump Ronald Reagan,0
Elizabeth Warren,757,George W. Bush Hillary Clinton,0
Elizabeth Warren,757,George W. Bush Joe Biden,0
Elizabeth Warren,757,George W. Bush Richard Nixon,0
Elizabeth Warren,757,George W. Bush Ronald Reagan,0
Elizabeth Warren,757,Hillary Clinton Joe Biden,0
Elizabeth Warren,757,Hillary Clinton Richard Nixon,0
Elizabeth Warren,757,Hillary Clinton Ronald Reagan,0
Elizabeth Warren,757,Joe Biden Richard Nixon,0
Elizabeth Warren,757,Joe Biden Ronald Reagan,0
Elizabeth Warren,757,Richard Nixon Ronald Reagan,0
Richard Nixon,758,Abraham Lincoln Barack Obama,0
Richard Nixon,758,Abraham Lincoln Bernie Sanders,0
Richard Nixon,758,Abraham Lincoln Donald Trump,0
Richard Nixon,758,Abraham Lincoln Elizabeth Warren,0
Richard Nixon,758,Abraham Lincoln George W. Bush,0
Richard Nixon,758,Abraham Lincoln Hillary Clinton,0
Richard Nixon,758,Abraham Lincoln Joe Biden,0
Richard Nixon,758,Abraham Lincoln Ronald Reagan,0
Richard Nixon,758,Barack Obama Elizabeth Warren,0
Richard Nixon,758,Barack Obama George W. Bush,0
Richard Nixon,758,Barack Obama Hillary Clinton,0
Richard Nixon,758,Barack Obama Joe Biden,0
Richard Nixon,758,Barack Obama Ronald Reagan,0
Richard Nixon,758,Bernie Sanders Elizabeth Warren,0
Richard Nixon,758,Bernie Sanders George W. Bush,0
Richard Nixon,758,Bernie Sanders Hillary Clinton,0
Richard Nixon,758,Bernie Sanders Joe Biden,1
Richard Nixon,758,Bernie Sanders Ronald Reagan,0
Richard Nixon,758,Donald Trump Elizabeth Warren,0
Richard Nixon,758,Donald Trump George W. Bush,0
Richard Nixon,758,Donald Trump Hillary Clinton,0
Richard Nixon,758,Donald Trump Ronald Reagan,0
Richard Nixon,758,Elizabeth Warren George W. Bush,0
Richard Nixon,758,Elizabeth Warren Hillary Clinton,0
Richard Nixon,758,Elizabeth Warren Joe Biden,0
Richard Nixon,758,Elizabeth Warren Ronald Reagan,0
Richard Nixon,758,George W. Bush Hillary Clinton,1
Richard Nixon,758,George W. Bush Joe Biden,0
Richard Nixon,758,George W. Bush Ronald Reagan,0
Richard Nixon,758,Hillary Clinton Ronald Reagan,0
Richard Nixon,758,Joe Biden Ronald Reagan,0
Ronald Reagan,759,Abraham Lincoln Barack Obama,0
Ronald Reagan,759,Abraham Lincoln Bernie Sanders,0
Ronald Reagan,759,Abraham Lincoln Elizabeth Warren,0
Ronald Reagan,759,Abraham Lincoln George W. Bush,0
Ronald Reagan,759,Abraham Lincoln Hillary Clinton,0
Ronald Reagan,759,Abraham Lincoln Joe Biden,0
Ronald Reagan,759,Abraham Lincoln Richard Nixon,0
Ronald Reagan,759,Barack Obama Bernie Sanders,1
Ronald Reagan,759,Barack Obama Donald Trump,0
Ronald Reagan,759,Barack Obama Elizabeth Warren,0
Ronald Reagan,759,Barack Obama George W. Bush,0
Ronald Reagan,759,Barack Obama Hillary Clinton,0
Ronald Reagan,759,Barack Obama Joe Biden,0
Ronald Reagan,759,Barack Obama Richard Nixon,0
Ronald Reagan,759,Bernie Sanders Elizabeth Warren,0
Ronald Reagan,759,Bernie Sanders George W. Bush,0
Ronald Reagan,759,Bernie Sanders Hillary Clinton,0
Ronald Reagan,759,Bernie Sanders Joe Biden,0
Ronald Reagan,759,Bernie Sanders Richard Nixon,0
Ronald Reagan,759,Donald Trump Elizabeth Warren,0
Ronald Reagan,759,Donald Trump Hillary Clinton,0
Ronald Reagan,759,Donald Trump Joe Biden,0
Ronald Reagan,759,Donald Trump Richard Nixon,0
Ronald Reagan,759,Elizabeth Warren George W. Bush,0
Ronald Reagan,759,Elizabeth Warren Hillary Clinton,0
Ronald Reagan,759,Elizabeth Warren Joe Biden,0
Ronald Reagan,759,Elizabeth Warren Richard Nixon,0
Ronald Reagan,759,George W. Bush Hillary Clinton,0
Ronald Reagan,759,George W. Bush Joe Biden,0
Ronald Reagan,759,George W. Bush Richard Nixon,0
Ronald Reagan,759,Hillary Clinton Joe Biden,1
Ronald Reagan,759,Hillary Clinton Richard Nixon,0
Ronald Reagan,759,Joe Biden Richard Nixon,0
Barack Obama,760,Abraham Lincoln Bernie Sanders,0
Barack Obama,760,Abraham Lincoln Donald Trump,0
Barack Obama,760,Abraham Lincoln Elizabeth Warren,0
Barack Obama,760,Abraham Lincoln George W. Bush,0
Barack Obama,760,Abraham Lincoln Hillary Clinton,0
Barack Obama,760,Abraham Lincoln Richard Nixon,0
Barack Obama,760,Abraham Lincoln Ronald Reagan,0
Barack Obama,760,Bernie Sanders Donald Trump,0
Barack Obama,760,Bernie Sanders Elizabeth Warren,0
Barack Obama,760,Bernie Sanders George W. Bush,0
Barack Obama,760,Bernie Sanders Hillary Clinton,0
Barack Obama,760,Bernie Sanders Joe Biden,0
Barack Obama,760,Bernie Sanders Richard Nixon,0
Barack Obama,760,Bernie Sanders Ronald Reagan,0
Barack Obama,760,Donald Trump Elizabeth Warren,0
Barack Obama,760,Donald Trump George W. Bush,0
Barack Obama,760,Donald Trump Joe Biden,0
Barack Obama,760,Donald Trump Richard Nixon,0
Barack Obama,760,Donald Trump Ronald Reagan,0
Barack Obama,760,Elizabeth Warren George W. Bush,0
Barack Obama,760,Elizabeth Warren Hillary Clinton,0
Barack Obama,760,Elizabeth Warren Joe Biden,0
Barack Obama,760,Elizabeth Warren Richard Nixon,0
Barack Obama,760,Elizabeth Warren Ronald Reagan,0
Barack Obama,760,George W. Bush Hillary Clinton,0
Barack Obama,760,George W. Bush Joe Biden,0
Barack Obama,760,George W. Bush Richard Nixon,0
Barack Obama,760,George W. Bush Ronald Reagan,0
Barack Obama,760,Hillary Clinton Richard Nixon,0
Barack Obama,760,Hillary Clinton Ronald Reagan,0
Barack Obama,760,Joe Biden Richard Nixon,0
Barack Obama,760,Joe Biden Ronald Reagan,0
Barack Obama,760,Richard Nixon Ronald Reagan,0
Abraham Lincoln,761,Barack Obama Bernie Sanders,0
Abraham Lincoln,761,Barack Obama Donald Trump,0
Abraham Lincoln,761,Barack Obama Elizabeth Warren,0
Abraham Lincoln,761,Barack Obama George W. Bush,0
Abraham Lincoln,761,Barack Obama Hillary Clinton,0
Abraham Lincoln,761,Barack Obama Joe Biden,0
Abraham Lincoln,761,Barack Obama Richard Nixon,0
Abraham Lincoln,761,Barack Obama Ronald Reagan,0
Abraham Lincoln,761,Bernie Sanders Donald Trump,0
Abraham Lincoln,761,Bernie Sanders Elizabeth Warren,1
Abraham Lincoln,761,Bernie Sanders George W. Bush,0
Abraham Lincoln,761,Bernie Sanders Hillary Clinton,0
Abraham Lincoln,761,Bernie Sanders Joe Biden,0
Abraham Lincoln,761,Bernie Sanders Richard Nixon,0
Abraham Lincoln,761,Bernie Sanders Ronald Reagan,0
Abraham Lincoln,761,Donald Trump Elizabeth Warren,0
Abraham Lincoln,761,Donald Trump George W. Bush,0
Abraham Lincoln,761,Donald Trump Hillary Clinton,0
Abraham Lincoln,761,Donald Trump Richard Nixon,0
Abraham Lincoln,761,Donald Trump Ronald Reagan,0
Abraham Lincoln,761,Elizabeth Warren George W. Bush,0
Abraham Lincoln,761,Elizabeth Warren Hillary Clinton,0
Abraham Lincoln,761,Elizabeth Warren Joe Biden,0
Abraham Lincoln,761,Elizabeth Warren Richard Nixon,0
Abraham Lincoln,761,Elizabeth Warren Ronald Reagan,0
Abraham Lincoln,761,George W. Bush Hillary Clinton,0
Abraham Lincoln,761,George W. Bush Joe Biden,0
Abraham Lincoln,761,George W. Bush Richard Nixon,0
Abraham Lincoln,761,George W. Bush Ronald Reagan,0
Abraham Lincoln,761,Hillary Clinton Joe Biden,0
Abraham Lincoln,761,Hillary Clinton Richard Nixon,1
Abraham Lincoln,761,Joe Biden Ronald Reagan,0
Ronald Reagan,762,Abraham Lincoln Barack Obama,0
Ronald Reagan,762,Abraham Lincoln Bernie Sanders,0
Ronald Reagan,762,Abraham Lincoln Elizabeth Warren,0
Ronald Reagan,762,Abraham Lincoln George W. Bush,0
Ronald Reagan,762,Abraham Lincoln Hillary Clinton,0
Ronald Reagan,762,Abraham Lincoln Joe Biden,0
Ronald Reagan,762,Abraham Lincoln Richard Nixon,0
Ronald Reagan,762,Barack Obama Bernie Sanders,0
Ronald Reagan,762,Barack Obama Elizabeth Warren,0
Ronald Reagan,762,Barack Obama George W. Bush,1
Ronald Reagan,762,Barack Obama Hillary Clinton,0
Ronald Reagan,762,Barack Obama Joe Biden,1
Ronald Reagan,762,Barack Obama Richard Nixon,0
Ronald Reagan,762,Bernie Sanders Donald Trump,0
Ronald Reagan,762,Bernie Sanders Elizabeth Warren,0
Ronald Reagan,762,Bernie Sanders George W. Bush,0
Ronald Reagan,762,Bernie Sanders Hillary Clinton,0
Ronald Reagan,762,Bernie Sanders Joe Biden,0
Ronald Reagan,762,Donald Trump Elizabeth Warren,0
Ronald Reagan,762,Donald Trump George W. Bush,0
Ronald Reagan,762,Donald Trump Hillary Clinton,0
Ronald Reagan,762,Donald Trump Joe Biden,0
Ronald Reagan,762,Donald Trump Richard Nixon,0
Ronald Reagan,762,Elizabeth Warren George W. Bush,0
Ronald Reagan,762,Elizabeth Warren Hillary Clinton,0
Ronald Reagan,762,Elizabeth Warren Joe Biden,0
Ronald Reagan,762,Elizabeth Warren Richard Nixon,0
Ronald Reagan,762,George W. Bush Hillary Clinton,0
Ronald Reagan,762,George W. Bush Joe Biden,0
Ronald Reagan,762,George W. Bush Richard Nixon,0
Ronald Reagan,762,Hillary Clinton Joe Biden,0
Ronald Reagan,762,Hillary Clinton Richard Nixon,1
Ronald Reagan,762,Joe Biden Richard Nixon,1
Richard Nixon,763,Abraham Lincoln Barack Obama,0
Richard Nixon,763,Abraham Lincoln Bernie Sanders,0
Richard Nixon,763,Abraham Lincoln Donald Trump,0
Richard Nixon,763,Abraham Lincoln Elizabeth Warren,0
Richard Nixon,763,Abraham Lincoln George W. Bush,0
Richard Nixon,763,Abraham Lincoln Hillary Clinton,0
Richard Nixon,763,Abraham Lincoln Joe Biden,0
Richard Nixon,763,Abraham Lincoln Ronald Reagan,0
Richard Nixon,763,Barack Obama Bernie Sanders,0
Richard Nixon,763,Barack Obama Elizabeth Warren,0
Richard Nixon,763,Barack Obama George W. Bush,0
Richard Nixon,763,Barack Obama Hillary Clinton,0
Richard Nixon,763,Barack Obama Joe Biden,1
Richard Nixon,763,Barack Obama Ronald Reagan,0
Richard Nixon,763,Bernie Sanders Donald Trump,0
Richard Nixon,763,Bernie Sanders Elizabeth Warren,0
Richard Nixon,763,Bernie Sanders George W. Bush,0
Richard Nixon,763,Bernie Sanders Hillary Clinton,0
Richard Nixon,763,Bernie Sanders Joe Biden,0
Richard Nixon,763,Bernie Sanders Ronald Reagan,0
Richard Nixon,763,Donald Trump Elizabeth Warren,0
Richard Nixon,763,Donald Trump Hillary Clinton,1
Richard Nixon,763,Donald Trump Joe Biden,0
Richard Nixon,763,Elizabeth Warren George W. Bush,1
Richard Nixon,763,Elizabeth Warren Hillary Clinton,0
Richard Nixon,763,Elizabeth Warren Joe Biden,0
Richard Nixon,763,Elizabeth Warren Ronald Reagan,0
Richard Nixon,763,George W. Bush Hillary Clinton,0
Richard Nixon,763,George W. Bush Joe Biden,0
Richard Nixon,763,George W. Bush Ronald Reagan,0
Richard Nixon,763,Hillary Clinton Joe Biden,1
Richard Nixon,763,Hillary Clinton Ronald Reagan,0
Richard Nixon,763,Joe Biden Ronald Reagan,0
Ronald Reagan,764,Abraham Lincoln Barack Obama,0
Ronald Reagan,764,Abraham Lincoln Bernie Sanders,0
Ronald Reagan,764,Abraham Lincoln Donald Trump,0
Ronald Reagan,764,Abraham Lincoln Elizabeth Warren,0
Ronald Reagan,764,Abraham Lincoln George W. Bush,0
Ronald Reagan,764,Abraham Lincoln Hillary Clinton,0
Ronald Reagan,764,Abraham Lincoln Joe Biden,0
Ronald Reagan,764,Abraham Lincoln Richard Nixon,0
Ronald Reagan,764,Barack Obama Bernie Sanders,0
Ronald Reagan,764,Barack Obama Donald Trump,0
Ronald Reagan,764,Barack Obama Hillary Clinton,0
Ronald Reagan,764,Barack Obama Joe Biden,0
Ronald Reagan,764,Barack Obama Richard Nixon,0
Ronald Reagan,764,Bernie Sanders Donald Trump,0
Ronald Reagan,764,Bernie Sanders Elizabeth Warren,0
Ronald Reagan,764,Bernie Sanders George W. Bush,0
Ronald Reagan,764,Bernie Sanders Hillary Clinton,0
Ronald Reagan,764,Bernie Sanders Joe Biden,0
Ronald Reagan,764,Bernie Sanders Richard Nixon,1
Ronald Reagan,764,Donald Trump Elizabeth Warren,0
Ronald Reagan,764,Donald Trump George W. Bush,0
Ronald Reagan,764,Donald Trump Hillary Clinton,1
Ronald Reagan,764,Donald Trump Joe Biden,0
Ronald Reagan,764,Donald Trump Richard Nixon,0
Ronald Reagan,764,Elizabeth Warren George W. Bush,0
Ronald Reagan,764,Elizabeth Warren Hillary Clinton,0
Ronald Reagan,764,Elizabeth Warren Joe Biden,0
Ronald Reagan,764,Elizabeth Warren Richard Nixon,0
Ronald Reagan,764,George W. Bush Hillary Clinton,0
Ronald Reagan,764,George W. Bush Joe Biden,0
Ronald Reagan,764,George W. Bush Richard Nixon,0
Ronald Reagan,764,Hillary Clinton Richard Nixon,0
Ronald Reagan,764,Joe Biden Richard Nixon,0
Richard Nixon,765,Abraham Lincoln Barack Obama,0
Richard Nixon,765,Abraham Lincoln Bernie Sanders,1
Richard Nixon,765,Abraham Lincoln Donald Trump,0
Richard Nixon,765,Abraham Lincoln Elizabeth Warren,1
Richard Nixon,765,Abraham Lincoln George W. Bush,0
Richard Nixon,765,Abraham Lincoln Hillary Clinton,0
Richard Nixon,765,Abraham Lincoln Joe Biden,0
Richard Nixon,765,Abraham Lincoln Ronald Reagan,0
Richard Nixon,765,Barack Obama Bernie Sanders,0
Richard Nixon,765,Barack Obama Donald Trump,0
Richard Nixon,765,Barack Obama George W. Bush,0
Richard Nixon,765,Barack Obama Hillary Clinton,0
Richard Nixon,765,Barack Obama Ronald Reagan,0
Richard Nixon,765,Bernie Sanders Donald Trump,0
Richard Nixon,765,Bernie Sanders Elizabeth Warren,0
Richard Nixon,765,Bernie Sanders George W. Bush,1
Richard Nixon,765,Bernie Sanders Hillary Clinton,0
Richard Nixon,765,Bernie Sanders Joe Biden,0
Richard Nixon,765,Bernie Sanders Ronald Reagan,0
Richard Nixon,765,Donald Trump Elizabeth Warren,0
Richard Nixon,765,Donald Trump George W. Bush,0
Richard Nixon,765,Donald Trump Hillary Clinton,0
Richard Nixon,765,Donald Trump Joe Biden,0
Richard Nixon,765,Donald Trump Ronald Reagan,0
Richard Nixon,765,Elizabeth Warren George W. Bush,0
Richard Nixon,765,Elizabeth Warren Hillary Clinton,0
Richard Nixon,765,Elizabeth Warren Joe Biden,0
Richard Nixon,765,Elizabeth Warren Ronald Reagan,0
Richard Nixon,765,George W. Bush Hillary Clinton,0
Richard Nixon,765,George W. Bush Joe Biden,0
Richard Nixon,765,George W. Bush Ronald Reagan,0
Richard Nixon,765,Hillary Clinton Joe Biden,0
Richard Nixon,765,Hillary Clinton Ronald Reagan,0
Richard Nixon,765,Joe Biden Ronald Reagan,0
Richard Nixon,766,Abraham Lincoln Barack Obama,0
Richard Nixon,766,Abraham Lincoln Bernie Sanders,0
Richard Nixon,766,Abraham Lincoln Donald Trump,0
Richard Nixon,766,Abraham Lincoln Elizabeth Warren,0
Richard Nixon,766,Abraham Lincoln George W. Bush,0
Richard Nixon,766,Abraham Lincoln Hillary Clinton,0
Richard Nixon,766,Abraham Lincoln Joe Biden,0
Richard Nixon,766,Abraham Lincoln Ronald Reagan,0
Richard Nixon,766,Barack Obama Bernie Sanders,0
Richard Nixon,766,Barack Obama Donald Trump,0
Richard Nixon,766,Barack Obama Elizabeth Warren,0
Richard Nixon,766,Barack Obama George W. Bush,0
Richard Nixon,766,Barack Obama Hillary Clinton,0
Richard Nixon,766,Barack Obama Joe Biden,0
Richard Nixon,766,Barack Obama Ronald Reagan,0
Richard Nixon,766,Bernie Sanders Donald Trump,0
Richard Nixon,766,Bernie Sanders Elizabeth Warren,0
Richard Nixon,766,Bernie Sanders George W. Bush,0
Richard Nixon,766,Bernie Sanders Hillary Clinton,0
Richard Nixon,766,Bernie Sanders Joe Biden,1
Richard Nixon,766,Bernie Sanders Ronald Reagan,0
Richard Nixon,766,Donald Trump Elizabeth Warren,0
Richard Nixon,766,Donald Trump Hillary Clinton,0
Richard Nixon,766,Donald Trump Joe Biden,1
Richard Nixon,766,Elizabeth Warren George W. Bush,0
Richard Nixon,766,Elizabeth Warren Hillary Clinton,0
Richard Nixon,766,Elizabeth Warren Joe Biden,0
Richard Nixon,766,Elizabeth Warren Ronald Reagan,0
Richard Nixon,766,George W. Bush Hillary Clinton,0
Richard Nixon,766,George W. Bush Joe Biden,0
Richard Nixon,766,George W. Bush Ronald Reagan,0
Richard Nixon,766,Hillary Clinton Joe Biden,0
Richard Nixon,766,Joe Biden Ronald Reagan,1
George W. Bush,767,Abraham Lincoln Barack Obama,0
George W. Bush,767,Abraham Lincoln Bernie Sanders,0
George W. Bush,767,Abraham Lincoln Donald Trump,0
George W. Bush,767,Abraham Lincoln Elizabeth Warren,0
George W. Bush,767,Abraham Lincoln Hillary Clinton,0
George W. Bush,767,Abraham Lincoln Joe Biden,0
George W. Bush,767,Abraham Lincoln Richard Nixon,0
George W. Bush,767,Abraham Lincoln Ronald Reagan,0
George W. Bush,767,Barack Obama Bernie Sanders,0
George W. Bush,767,Barack Obama Donald Trump,0
George W. Bush,767,Barack Obama Elizabeth Warren,0
George W. Bush,767,Barack Obama Hillary Clinton,0
George W. Bush,767,Barack Obama Joe Biden,0
George W. Bush,767,Barack Obama Richard Nixon,0
George W. Bush,767,Barack Obama Ronald Reagan,0
George W. Bush,767,Bernie Sanders Donald Trump,0
George W. Bush,767,Bernie Sanders Elizabeth Warren,0
George W. Bush,767,Bernie Sanders Hillary Clinton,1
George W. Bush,767,Bernie Sanders Joe Biden,0
George W. Bush,767,Bernie Sanders Richard Nixon,0
George W. Bush,767,Bernie Sanders Ronald Reagan,0
George W. Bush,767,Donald Trump Elizabeth Warren,0
George W. Bush,767,Donald Trump Joe Biden,1
George W. Bush,767,Donald Trump Richard Nixon,0
George W. Bush,767,Donald Trump Ronald Reagan,0
George W. Bush,767,Elizabeth Warren Joe Biden,0
George W. Bush,767,Elizabeth Warren Richard Nixon,1
George W. Bush,767,Elizabeth Warren Ronald Reagan,0
George W. Bush,767,Hillary Clinton Joe Biden,0
George W. Bush,767,Hillary Clinton Richard Nixon,0
George W. Bush,767,Hillary Clinton Ronald Reagan,1
George W. Bush,767,Joe Biden Richard Nixon,0
George W. Bush,767,Joe Biden Ronald Reagan,0
George W. Bush,767,Richard Nixon Ronald Reagan,0
Joe Biden,768,Abraham Lincoln Barack Obama,0
Joe Biden,768,Abraham Lincoln Bernie Sanders,0
Joe Biden,768,Abraham Lincoln Donald Trump,0
Joe Biden,768,Abraham Lincoln Elizabeth Warren,0
Joe Biden,768,Abraham Lincoln George W. Bush,0
Joe Biden,768,Abraham Lincoln Hillary Clinton,0
Joe Biden,768,Abraham Lincoln Richard Nixon,0
Joe Biden,768,Abraham Lincoln Ronald Reagan,0
Joe Biden,768,Barack Obama Bernie Sanders,0
Joe Biden,768,Barack Obama Elizabeth Warren,0
Joe Biden,768,Barack Obama George W. Bush,0
Joe Biden,768,Barack Obama Hillary Clinton,0
Joe Biden,768,Barack Obama Richard Nixon,0
Joe Biden,768,Barack Obama Ronald Reagan,0
Joe Biden,768,Bernie Sanders Donald Trump,0
Joe Biden,768,Bernie Sanders Elizabeth Warren,0
Joe Biden,768,Bernie Sanders George W. Bush,0
Joe Biden,768,Bernie Sanders Hillary Clinton,0
Joe Biden,768,Bernie Sanders Richard Nixon,0
Joe Biden,768,Bernie Sanders Ronald Reagan,0
Joe Biden,768,Donald Trump Elizabeth Warren,1
Joe Biden,768,Donald Trump George W. Bush,0
Joe Biden,768,Donald Trump Hillary Clinton,0
Joe Biden,768,Donald Trump Richard Nixon,0
Joe Biden,768,Donald Trump Ronald Reagan,0
Joe Biden,768,Elizabeth Warren George W. Bush,0
Joe Biden,768,Elizabeth Warren Hillary Clinton,0
Joe Biden,768,Elizabeth Warren Richard Nixon,0
Joe Biden,768,Elizabeth Warren Ronald Reagan,0
Joe Biden,768,George W. Bush Hillary Clinton,0
Joe Biden,768,George W. Bush Richard Nixon,0
Joe Biden,768,George W. Bush Ronald Reagan,0
Joe Biden,768,Hillary Clinton Richard Nixon,1
Joe Biden,768,Hillary Clinton Ronald Reagan,0
Joe Biden,768,Richard Nixon Ronald Reagan,0
Abraham Lincoln,769,Barack Obama Bernie Sanders,0
Abraham Lincoln,769,Barack Obama Donald Trump,0
Abraham Lincoln,769,Barack Obama Elizabeth Warren,0
Abraham Lincoln,769,Barack Obama George W. Bush,0
Abraham Lincoln,769,Barack Obama Hillary Clinton,0
Abraham Lincoln,769,Barack Obama Joe Biden,0
Abraham Lincoln,769,Barack Obama Richard Nixon,0
Abraham Lincoln,769,Barack Obama Ronald Reagan,0
Abraham Lincoln,769,Bernie Sanders Elizabeth Warren,0
Abraham Lincoln,769,Bernie Sanders George W. Bush,0
Abraham Lincoln,769,Bernie Sanders Hillary Clinton,1
Abraham Lincoln,769,Bernie Sanders Joe Biden,0
Abraham Lincoln,769,Bernie Sanders Ronald Reagan,0
Abraham Lincoln,769,Donald Trump Elizabeth Warren,0
Abraham Lincoln,769,Donald Trump George W. Bush,0
Abraham Lincoln,769,Donald Trump Hillary Clinton,0
Abraham Lincoln,769,Donald Trump Joe Biden,0
Abraham Lincoln,769,Donald Trump Richard Nixon,0
Abraham Lincoln,769,Donald Trump Ronald Reagan,0
Abraham Lincoln,769,Elizabeth Warren George W. Bush,0
Abraham Lincoln,769,Elizabeth Warren Hillary Clinton,0
Abraham Lincoln,769,Elizabeth Warren Joe Biden,0
Abraham Lincoln,769,Elizabeth Warren Ronald Reagan,0
Abraham Lincoln,769,George W. Bush Hillary Clinton,0
Abraham Lincoln,769,George W. Bush Joe Biden,0
Abraham Lincoln,769,George W. Bush Richard Nixon,0
Abraham Lincoln,769,George W. Bush Ronald Reagan,0
Abraham Lincoln,769,Hillary Clinton Joe Biden,1
Abraham Lincoln,769,Hillary Clinton Richard Nixon,0
Abraham Lincoln,769,Hillary Clinton Ronald Reagan,1
Abraham Lincoln,769,Joe Biden Richard Nixon,0
Abraham Lincoln,769,Joe Biden Ronald Reagan,0
Abraham Lincoln,769,Richard Nixon Ronald Reagan,0
Ronald Reagan,770,Abraham Lincoln Barack Obama,0
Ronald Reagan,770,Abraham Lincoln Bernie Sanders,0
Ronald Reagan,770,Abraham Lincoln Donald Trump,0
Ronald Reagan,770,Abraham Lincoln Elizabeth Warren,0
Ronald Reagan,770,Abraham Lincoln George W. Bush,0
Ronald Reagan,770,Abraham Lincoln Joe Biden,0
Ronald Reagan,770,Abraham Lincoln Richard Nixon,0
Ronald Reagan,770,Barack Obama Bernie Sanders,0
Ronald Reagan,770,Barack Obama Donald Trump,0
Ronald Reagan,770,Barack Obama Elizabeth Warren,0
Ronald Reagan,770,Barack Obama George W. Bush,0
Ronald Reagan,770,Barack Obama Hillary Clinton,1
Ronald Reagan,770,Barack Obama Joe Biden,0
Ronald Reagan,770,Barack Obama Richard Nixon,0
Ronald Reagan,770,Bernie Sanders Donald Trump,0
Ronald Reagan,770,Bernie Sanders Elizabeth Warren,0
Ronald Reagan,770,Bernie Sanders George W. Bush,0
Ronald Reagan,770,Bernie Sanders Hillary Clinton,0
Ronald Reagan,770,Bernie Sanders Joe Biden,0
Ronald Reagan,770,Bernie Sanders Richard Nixon,0
Ronald Reagan,770,Donald Trump Elizabeth Warren,0
Ronald Reagan,770,Donald Trump George W. Bush,0
Ronald Reagan,770,Donald Trump Hillary Clinton,0
Ronald Reagan,770,Donald Trump Joe Biden,0
Ronald Reagan,770,Donald Trump Richard Nixon,0
Ronald Reagan,770,Elizabeth Warren George W. Bush,0
Ronald Reagan,770,Elizabeth Warren Hillary Clinton,0
Ronald Reagan,770,Elizabeth Warren Joe Biden,1
Ronald Reagan,770,Elizabeth Warren Richard Nixon,0
Ronald Reagan,770,George W. Bush Hillary Clinton,0
Ronald Reagan,770,George W. Bush Richard Nixon,1
Ronald Reagan,770,Hillary Clinton Joe Biden,0
Ronald Reagan,770,Hillary Clinton Richard Nixon,0
Ronald Reagan,770,Joe Biden Richard Nixon,0
Donald Trump,771,Abraham Lincoln Barack Obama,0
Donald Trump,771,Abraham Lincoln Bernie Sanders,0
Donald Trump,771,Abraham Lincoln Elizabeth Warren,0
Donald Trump,771,Abraham Lincoln George W. Bush,0
Donald Trump,771,Abraham Lincoln Hillary Clinton,0
Donald Trump,771,Abraham Lincoln Joe Biden,0
Donald Trump,771,Abraham Lincoln Richard Nixon,0
Donald Trump,771,Abraham Lincoln Ronald Reagan,0
Donald Trump,771,Barack Obama Bernie Sanders,0
Donald Trump,771,Barack Obama Elizabeth Warren,0
Donald Trump,771,Barack Obama George W. Bush,1
Donald Trump,771,Barack Obama Hillary Clinton,0
Donald Trump,771,Barack Obama Joe Biden,0
Donald Trump,771,Barack Obama Richard Nixon,0
Donald Trump,771,Barack Obama Ronald Reagan,1
Donald Trump,771,Bernie Sanders Elizabeth Warren,0
Donald Trump,771,Bernie Sanders Hillary Clinton,0
Donald Trump,771,Bernie Sanders Joe Biden,0
Donald Trump,771,Bernie Sanders Richard Nixon,0
Donald Trump,771,Bernie Sanders Ronald Reagan,0
Donald Trump,771,Elizabeth Warren George W. Bush,0
Donald Trump,771,Elizabeth Warren Hillary Clinton,0
Donald Trump,771,Elizabeth Warren Joe Biden,0
Donald Trump,771,Elizabeth Warren Richard Nixon,0
Donald Trump,771,Elizabeth Warren Ronald Reagan,0
Donald Trump,771,George W. Bush Hillary Clinton,0
Donald Trump,771,George W. Bush Joe Biden,0
Donald Trump,771,George W. Bush Richard Nixon,0
Donald Trump,771,Hillary Clinton Joe Biden,0
Donald Trump,771,Hillary Clinton Richard Nixon,0
Donald Trump,771,Hillary Clinton Ronald Reagan,0
Donald Trump,771,Joe Biden Richard Nixon,0
Donald Trump,771,Joe Biden Ronald Reagan,0
Donald Trump,771,Richard Nixon Ronald Reagan,0
Abraham Lincoln,772,Barack Obama Donald Trump,0
Abraham Lincoln,772,Barack Obama Elizabeth Warren,0
Abraham Lincoln,772,Barack Obama George W. Bush,0
Abraham Lincoln,772,Barack Obama Hillary Clinton,0
Abraham Lincoln,772,Barack Obama Joe Biden,0
Abraham Lincoln,772,Barack Obama Richard Nixon,0
Abraham Lincoln,772,Barack Obama Ronald Reagan,0
Abraham Lincoln,772,Bernie Sanders Donald Trump,0
Abraham Lincoln,772,Bernie Sanders Elizabeth Warren,0
Abraham Lincoln,772,Bernie Sanders George W. Bush,0
Abraham Lincoln,772,Bernie Sanders Hillary Clinton,0
Abraham Lincoln,772,Bernie Sanders Joe Biden,0
Abraham Lincoln,772,Bernie Sanders Richard Nixon,0
Abraham Lincoln,772,Bernie Sanders Ronald Reagan,0
Abraham Lincoln,772,Donald Trump Elizabeth Warren,0
Abraham Lincoln,772,Donald Trump George W. Bush,0
Abraham Lincoln,772,Donald Trump Hillary Clinton,0
Abraham Lincoln,772,Donald Trump Joe Biden,0
Abraham Lincoln,772,Donald Trump Richard Nixon,0
Abraham Lincoln,772,Elizabeth Warren Hillary Clinton,0
Abraham Lincoln,772,Elizabeth Warren Joe Biden,0
Abraham Lincoln,772,Elizabeth Warren Richard Nixon,0
Abraham Lincoln,772,Elizabeth Warren Ronald Reagan,0
Abraham Lincoln,772,George W. Bush Hillary Clinton,0
Abraham Lincoln,772,George W. Bush Richard Nixon,0
Abraham Lincoln,772,George W. Bush Ronald Reagan,0
Abraham Lincoln,772,Hillary Clinton Joe Biden,0
Abraham Lincoln,772,Hillary Clinton Richard Nixon,0
Abraham Lincoln,772,Hillary Clinton Ronald Reagan,0
Abraham Lincoln,772,Joe Biden Richard Nixon,0
Abraham Lincoln,772,Joe Biden Ronald Reagan,0
Abraham Lincoln,772,Richard Nixon Ronald Reagan,0
Joe Biden,773,Abraham Lincoln Barack Obama,0
Joe Biden,773,Abraham Lincoln Bernie Sanders,0
Joe Biden,773,Abraham Lincoln Donald Trump,0
Joe Biden,773,Abraham Lincoln Elizabeth Warren,0
Joe Biden,773,Abraham Lincoln George W. Bush,0
Joe Biden,773,Abraham Lincoln Hillary Clinton,0
Joe Biden,773,Abraham Lincoln Ronald Reagan,0
Joe Biden,773,Barack Obama Bernie Sanders,0
Joe Biden,773,Barack Obama Donald Trump,0
Joe Biden,773,Barack Obama Elizabeth Warren,0
Joe Biden,773,Barack Obama George W. Bush,0
Joe Biden,773,Barack Obama Hillary Clinton,0
Joe Biden,773,Barack Obama Richard Nixon,0
Joe Biden,773,Barack Obama Ronald Reagan,0
Joe Biden,773,Bernie Sanders Donald Trump,0
Joe Biden,773,Bernie Sanders Elizabeth Warren,0
Joe Biden,773,Bernie Sanders George W. Bush,0
Joe Biden,773,Bernie Sanders Hillary Clinton,0
Joe Biden,773,Bernie Sanders Richard Nixon,0
Joe Biden,773,Donald Trump Elizabeth Warren,0
Joe Biden,773,Donald Trump George W. Bush,0
Joe Biden,773,Donald Trump Hillary Clinton,0
Joe Biden,773,Donald Trump Richard Nixon,0
Joe Biden,773,Donald Trump Ronald Reagan,0
Joe Biden,773,Elizabeth Warren George W. Bush,0
Joe Biden,773,Elizabeth Warren Hillary Clinton,0
Joe Biden,773,Elizabeth Warren Richard Nixon,0
Joe Biden,773,Elizabeth Warren Ronald Reagan,0
Joe Biden,773,George W. Bush Hillary Clinton,1
Joe Biden,773,George W. Bush Richard Nixon,0
Joe Biden,773,George W. Bush Ronald Reagan,0
Joe Biden,773,Hillary Clinton Ronald Reagan,0
Joe Biden,773,Richard Nixon Ronald Reagan,0
Abraham Lincoln,774,Barack Obama Bernie Sanders,0
Abraham Lincoln,774,Barack Obama Donald Trump,0
Abraham Lincoln,774,Barack Obama Elizabeth Warren,0
Abraham Lincoln,774,Barack Obama George W. Bush,0
Abraham Lincoln,774,Barack Obama Hillary Clinton,0
Abraham Lincoln,774,Barack Obama Joe Biden,0
Abraham Lincoln,774,Barack Obama Richard Nixon,0
Abraham Lincoln,774,Barack Obama Ronald Reagan,0
Abraham Lincoln,774,Bernie Sanders Donald Trump,0
Abraham Lincoln,774,Bernie Sanders Elizabeth Warren,0
Abraham Lincoln,774,Bernie Sanders George W. Bush,0
Abraham Lincoln,774,Bernie Sanders Hillary Clinton,0
Abraham Lincoln,774,Bernie Sanders Joe Biden,0
Abraham Lincoln,774,Bernie Sanders Richard Nixon,0
Abraham Lincoln,774,Bernie Sanders Ronald Reagan,0
Abraham Lincoln,774,Donald Trump Elizabeth Warren,0
Abraham Lincoln,774,Donald Trump George W. Bush,0
Abraham Lincoln,774,Donald Trump Hillary Clinton,0
Abraham Lincoln,774,Donald Trump Joe Biden,0
Abraham Lincoln,774,Donald Trump Ronald Reagan,0
Abraham Lincoln,774,Elizabeth Warren George W. Bush,0
Abraham Lincoln,774,Elizabeth Warren Hillary Clinton,0
Abraham Lincoln,774,Elizabeth Warren Joe Biden,0
Abraham Lincoln,774,Elizabeth Warren Richard Nixon,0
Abraham Lincoln,774,Elizabeth Warren Ronald Reagan,0
Abraham Lincoln,774,George W. Bush Hillary Clinton,0
Abraham Lincoln,774,George W. Bush Joe Biden,0
Abraham Lincoln,774,George W. Bush Richard Nixon,0
Abraham Lincoln,774,George W. Bush Ronald Reagan,0
Abraham Lincoln,774,Hillary Clinton Richard Nixon,0
Abraham Lincoln,774,Hillary Clinton Ronald Reagan,0
Abraham Lincoln,774,Joe Biden Richard Nixon,0
Abraham Lincoln,774,Joe Biden Ronald Reagan,0
Abraham Lincoln,774,Richard Nixon Ronald Reagan,1
Bernie Sanders,775,Abraham Lincoln Barack Obama,0
Bernie Sanders,775,Abraham Lincoln Donald Trump,0
Bernie Sanders,775,Abraham Lincoln Elizabeth Warren,0
Bernie Sanders,775,Abraham Lincoln George W. Bush,0
Bernie Sanders,775,Abraham Lincoln Hillary Clinton,0
Bernie Sanders,775,Abraham Lincoln Joe Biden,0
Bernie Sanders,775,Abraham Lincoln Richard Nixon,0
Bernie Sanders,775,Abraham Lincoln Ronald Reagan,0
Bernie Sanders,775,Barack Obama Donald Trump,0
Bernie Sanders,775,Barack Obama Elizabeth Warren,0
Bernie Sanders,775,Barack Obama George W. Bush,0
Bernie Sanders,775,Barack Obama Hillary Clinton,0
Bernie Sanders,775,Barack Obama Joe Biden,0
Bernie Sanders,775,Barack Obama Richard Nixon,0
Bernie Sanders,775,Barack Obama Ronald Reagan,0
Bernie Sanders,775,Donald Trump Elizabeth Warren,0
Bernie Sanders,775,Donald Trump Hillary Clinton,0
Bernie Sanders,775,Donald Trump Joe Biden,0
Bernie Sanders,775,Donald Trump Richard Nixon,0
Bernie Sanders,775,Donald Trump Ronald Reagan,0
Bernie Sanders,775,Elizabeth Warren George W. Bush,0
Bernie Sanders,775,Elizabeth Warren Hillary Clinton,0
Bernie Sanders,775,Elizabeth Warren Joe Biden,0
Bernie Sanders,775,Elizabeth Warren Richard Nixon,0
Bernie Sanders,775,Elizabeth Warren Ronald Reagan,0
Bernie Sanders,775,George W. Bush Hillary Clinton,0
Bernie Sanders,775,George W. Bush Joe Biden,0
Bernie Sanders,775,George W. Bush Ronald Reagan,0
Bernie Sanders,775,Hillary Clinton Joe Biden,0
Bernie Sanders,775,Hillary Clinton Richard Nixon,0
Bernie Sanders,775,Hillary Clinton Ronald Reagan,0
Bernie Sanders,775,Joe Biden Richard Nixon,0
Bernie Sanders,775,Joe Biden Ronald Reagan,0
Bernie Sanders,775,Richard Nixon Ronald Reagan,0
Donald Trump,776,Abraham Lincoln Barack Obama,0
Donald Trump,776,Abraham Lincoln Bernie Sanders,0
Donald Trump,776,Abraham Lincoln Elizabeth Warren,0
Donald Trump,776,Abraham Lincoln George W. Bush,0
Donald Trump,776,Abraham Lincoln Joe Biden,0
Donald Trump,776,Abraham Lincoln Richard Nixon,0
Donald Trump,776,Abraham Lincoln Ronald Reagan,0
Donald Trump,776,Barack Obama Bernie Sanders,0
Donald Trump,776,Barack Obama Elizabeth Warren,0
Donald Trump,776,Barack Obama George W. Bush,1
Donald Trump,776,Barack Obama Hillary Clinton,0
Donald Trump,776,Barack Obama Joe Biden,0
Donald Trump,776,Barack Obama Richard Nixon,0
Donald Trump,776,Barack Obama Ronald Reagan,0
Donald Trump,776,Bernie Sanders Elizabeth Warren,0
Donald Trump,776,Bernie Sanders George W. Bush,1
Donald Trump,776,Bernie Sanders Hillary Clinton,0
Donald Trump,776,Bernie Sanders Joe Biden,0
Donald Trump,776,Bernie Sanders Richard Nixon,1
Donald Trump,776,Bernie Sanders Ronald Reagan,0
Donald Trump,776,Elizabeth Warren Hillary Clinton,0
Donald Trump,776,Elizabeth Warren Joe Biden,0
Donald Trump,776,Elizabeth Warren Richard Nixon,1
Donald Trump,776,Elizabeth Warren Ronald Reagan,0
Donald Trump,776,George W. Bush Hillary Clinton,0
Donald Trump,776,George W. Bush Joe Biden,0
Donald Trump,776,George W. Bush Richard Nixon,1
Donald Trump,776,George W. Bush Ronald Reagan,0
Donald Trump,776,Hillary Clinton Joe Biden,1
Donald Trump,776,Hillary Clinton Richard Nixon,1
Donald Trump,776,Hillary Clinton Ronald Reagan,0
Donald Trump,776,Joe Biden Richard Nixon,0
Donald Trump,776,Joe Biden Ronald Reagan,0
Donald Trump,776,Richard Nixon Ronald Reagan,0
Joe Biden,777,Abraham Lincoln Barack Obama,0
Joe Biden,777,Abraham Lincoln Bernie Sanders,0
Joe Biden,777,Abraham Lincoln Donald Trump,0
Joe Biden,777,Abraham Lincoln Elizabeth Warren,0
Joe Biden,777,Abraham Lincoln George W. Bush,0
Joe Biden,777,Abraham Lincoln Hillary Clinton,0
Joe Biden,777,Abraham Lincoln Richard Nixon,0
Joe Biden,777,Abraham Lincoln Ronald Reagan,0
Joe Biden,777,Barack Obama Bernie Sanders,0
Joe Biden,777,Barack Obama Donald Trump,0
Joe Biden,777,Barack Obama Elizabeth Warren,0
Joe Biden,777,Barack Obama George W. Bush,0
Joe Biden,777,Barack Obama Richard Nixon,0
Joe Biden,777,Barack Obama Ronald Reagan,0
Joe Biden,777,Bernie Sanders Donald Trump,0
Joe Biden,777,Bernie Sanders Elizabeth Warren,0
Joe Biden,777,Bernie Sanders George W. Bush,0
Joe Biden,777,Bernie Sanders Hillary Clinton,0
Joe Biden,777,Bernie Sanders Richard Nixon,0
Joe Biden,777,Bernie Sanders Ronald Reagan,0
Joe Biden,777,Donald Trump Elizabeth Warren,0
Joe Biden,777,Donald Trump George W. Bush,0
Joe Biden,777,Donald Trump Hillary Clinton,0
Joe Biden,777,Donald Trump Richard Nixon,0
Joe Biden,777,Donald Trump Ronald Reagan,0
Joe Biden,777,Elizabeth Warren George W. Bush,0
Joe Biden,777,Elizabeth Warren Hillary Clinton,0
Joe Biden,777,Elizabeth Warren Richard Nixon,0
Joe Biden,777,Elizabeth Warren Ronald Reagan,0
Joe Biden,777,George W. Bush Hillary Clinton,0
Joe Biden,777,George W. Bush Richard Nixon,0
Joe Biden,777,George W. Bush Ronald Reagan,0
Joe Biden,777,Hillary Clinton Richard Nixon,0
Joe Biden,777,Hillary Clinton Ronald Reagan,0
Joe Biden,777,Richard Nixon Ronald Reagan,0
George W. Bush,778,Abraham Lincoln Barack Obama,0
George W. Bush,778,Abraham Lincoln Bernie Sanders,0
George W. Bush,778,Abraham Lincoln Donald Trump,0
George W. Bush,778,Abraham Lincoln Elizabeth Warren,0
George W. Bush,778,Abraham Lincoln Hillary Clinton,0
George W. Bush,778,Abraham Lincoln Joe Biden,0
George W. Bush,778,Abraham Lincoln Richard Nixon,0
George W. Bush,778,Abraham Lincoln Ronald Reagan,0
George W. Bush,778,Barack Obama Donald Trump,0
George W. Bush,778,Barack Obama Elizabeth Warren,0
George W. Bush,778,Barack Obama Hillary Clinton,0
George W. Bush,778,Barack Obama Joe Biden,0
George W. Bush,778,Barack Obama Richard Nixon,0
George W. Bush,778,Barack Obama Ronald Reagan,0
George W. Bush,778,Bernie Sanders Donald Trump,0
George W. Bush,778,Bernie Sanders Elizabeth Warren,0
George W. Bush,778,Bernie Sanders Hillary Clinton,0
George W. Bush,778,Bernie Sanders Joe Biden,0
George W. Bush,778,Bernie Sanders Richard Nixon,0
George W. Bush,778,Bernie Sanders Ronald Reagan,0
George W. Bush,778,Donald Trump Elizabeth Warren,0
George W. Bush,778,Donald Trump Hillary Clinton,0
George W. Bush,778,Donald Trump Joe Biden,0
George W. Bush,778,Donald Trump Richard Nixon,0
George W. Bush,778,Donald Trump Ronald Reagan,0
George W. Bush,778,Elizabeth Warren Hillary Clinton,0
George W. Bush,778,Elizabeth Warren Joe Biden,0
George W. Bush,778,Elizabeth Warren Richard Nixon,0
George W. Bush,778,Elizabeth Warren Ronald Reagan,0
George W. Bush,778,Hillary Clinton Joe Biden,0
George W. Bush,778,Hillary Clinton Richard Nixon,0
George W. Bush,778,Hillary Clinton Ronald Reagan,0
George W. Bush,778,Joe Biden Richard Nixon,0
Ronald Reagan,779,Abraham Lincoln Barack Obama,0
Ronald Reagan,779,Abraham Lincoln Bernie Sanders,0
Ronald Reagan,779,Abraham Lincoln Donald Trump,0
Ronald Reagan,779,Abraham Lincoln Elizabeth Warren,0
Ronald Reagan,779,Abraham Lincoln George W. Bush,0
Ronald Reagan,779,Abraham Lincoln Hillary Clinton,0
Ronald Reagan,779,Abraham Lincoln Joe Biden,0
Ronald Reagan,779,Abraham Lincoln Richard Nixon,0
Ronald Reagan,779,Barack Obama Bernie Sanders,0
Ronald Reagan,779,Barack Obama Donald Trump,0
Ronald Reagan,779,Barack Obama Elizabeth Warren,0
Ronald Reagan,779,Barack Obama George W. Bush,0
Ronald Reagan,779,Barack Obama Hillary Clinton,0
Ronald Reagan,779,Barack Obama Joe Biden,0
Ronald Reagan,779,Barack Obama Richard Nixon,0
Ronald Reagan,779,Bernie Sanders Donald Trump,0
Ronald Reagan,779,Bernie Sanders Elizabeth Warren,0
Ronald Reagan,779,Bernie Sanders George W. Bush,1
Ronald Reagan,779,Bernie Sanders Hillary Clinton,0
Ronald Reagan,779,Bernie Sanders Joe Biden,0
Ronald Reagan,779,Bernie Sanders Richard Nixon,0
Ronald Reagan,779,Donald Trump Elizabeth Warren,0
Ronald Reagan,779,Donald Trump George W. Bush,0
Ronald Reagan,779,Donald Trump Hillary Clinton,0
Ronald Reagan,779,Donald Trump Joe Biden,0
Ronald Reagan,779,Donald Trump Richard Nixon,0
Ronald Reagan,779,Elizabeth Warren George W. Bush,0
Ronald Reagan,779,Elizabeth Warren Hillary Clinton,0
Ronald Reagan,779,Elizabeth Warren Joe Biden,0
Ronald Reagan,779,Elizabeth Warren Richard Nixon,0
Ronald Reagan,779,George W. Bush Hillary Clinton,0
Ronald Reagan,779,George W. Bush Joe Biden,0
Ronald Reagan,779,George W. Bush Richard Nixon,0
Ronald Reagan,779,Hillary Clinton Joe Biden,0
Ronald Reagan,779,Joe Biden Richard Nixon,0
Hillary Clinton,780,Abraham Lincoln Barack Obama,0
Hillary Clinton,780,Abraham Lincoln Bernie Sanders,0
Hillary Clinton,780,Abraham Lincoln Donald Trump,0
Hillary Clinton,780,Abraham Lincoln Elizabeth Warren,0
Hillary Clinton,780,Abraham Lincoln George W. Bush,0
Hillary Clinton,780,Abraham Lincoln Joe Biden,0
Hillary Clinton,780,Abraham Lincoln Richard Nixon,0
Hillary Clinton,780,Abraham Lincoln Ronald Reagan,0
Hillary Clinton,780,Barack Obama Bernie Sanders,0
Hillary Clinton,780,Barack Obama Donald Trump,0
Hillary Clinton,780,Barack Obama Elizabeth Warren,0
Hillary Clinton,780,Barack Obama George W. Bush,0
Hillary Clinton,780,Barack Obama Joe Biden,0
Hillary Clinton,780,Barack Obama Richard Nixon,0
Hillary Clinton,780,Barack Obama Ronald Reagan,0
Hillary Clinton,780,Bernie Sanders Donald Trump,1
Hillary Clinton,780,Bernie Sanders Elizabeth Warren,0
Hillary Clinton,780,Bernie Sanders George W. Bush,0
Hillary Clinton,780,Bernie Sanders Joe Biden,0
Hillary Clinton,780,Bernie Sanders Ronald Reagan,0
Hillary Clinton,780,Donald Trump Elizabeth Warren,0
Hillary Clinton,780,Donald Trump George W. Bush,0
Hillary Clinton,780,Donald Trump Joe Biden,0
Hillary Clinton,780,Donald Trump Richard Nixon,0
Hillary Clinton,780,Donald Trump Ronald Reagan,0
Hillary Clinton,780,Elizabeth Warren George W. Bush,0
Hillary Clinton,780,Elizabeth Warren Joe Biden,0
Hillary Clinton,780,Elizabeth Warren Richard Nixon,0
Hillary Clinton,780,Elizabeth Warren Ronald Reagan,0
Hillary Clinton,780,George W. Bush Joe Biden,0
Hillary Clinton,780,George W. Bush Richard Nixon,0
Hillary Clinton,780,George W. Bush Ronald Reagan,1
Hillary Clinton,780,Joe Biden Richard Nixon,0
Hillary Clinton,780,Joe Biden Ronald Reagan,0
Hillary Clinton,780,Richard Nixon Ronald Reagan,0
Joe Biden,781,Abraham Lincoln Barack Obama,0
Joe Biden,781,Abraham Lincoln Bernie Sanders,0
Joe Biden,781,Abraham Lincoln Donald Trump,0
Joe Biden,781,Abraham Lincoln Elizabeth Warren,0
Joe Biden,781,Abraham Lincoln George W. Bush,0
Joe Biden,781,Abraham Lincoln Hillary Clinton,0
Joe Biden,781,Abraham Lincoln Richard Nixon,0
Joe Biden,781,Abraham Lincoln Ronald Reagan,0
Joe Biden,781,Barack Obama Bernie Sanders,0
Joe Biden,781,Barack Obama Donald Trump,0
Joe Biden,781,Barack Obama Elizabeth Warren,0
Joe Biden,781,Barack Obama George W. Bush,0
Joe Biden,781,Barack Obama Hillary Clinton,0
Joe Biden,781,Barack Obama Richard Nixon,0
Joe Biden,781,Barack Obama Ronald Reagan,0
Joe Biden,781,Bernie Sanders Donald Trump,0
Joe Biden,781,Bernie Sanders Elizabeth Warren,0
Joe Biden,781,Bernie Sanders George W. Bush,0
Joe Biden,781,Bernie Sanders Hillary Clinton,0
Joe Biden,781,Bernie Sanders Richard Nixon,0
Joe Biden,781,Bernie Sanders Ronald Reagan,0
Joe Biden,781,Donald Trump Elizabeth Warren,0
Joe Biden,781,Donald Trump George W. Bush,0
Joe Biden,781,Donald Trump Hillary Clinton,1
Joe Biden,781,Donald Trump Ronald Reagan,0
Joe Biden,781,Elizabeth Warren George W. Bush,0
Joe Biden,781,Elizabeth Warren Hillary Clinton,0
Joe Biden,781,Elizabeth Warren Richard Nixon,0
Joe Biden,781,Elizabeth Warren Ronald Reagan,0
Joe Biden,781,George W. Bush Hillary Clinton,0
Joe Biden,781,George W. Bush Richard Nixon,0
Joe Biden,781,George W. Bush Ronald Reagan,0
Joe Biden,781,Hillary Clinton Richard Nixon,0
Joe Biden,781,Hillary Clinton Ronald Reagan,0
Joe Biden,781,Richard Nixon Ronald Reagan,0
Barack Obama,782,Abraham Lincoln Bernie Sanders,0
Barack Obama,782,Abraham Lincoln Donald Trump,0
Barack Obama,782,Abraham Lincoln Elizabeth Warren,0
Barack Obama,782,Abraham Lincoln George W. Bush,0
Barack Obama,782,Abraham Lincoln Hillary Clinton,0
Barack Obama,782,Abraham Lincoln Joe Biden,0
Barack Obama,782,Abraham Lincoln Richard Nixon,0
Barack Obama,782,Bernie Sanders Donald Trump,0
Barack Obama,782,Bernie Sanders Elizabeth Warren,0
Barack Obama,782,Bernie Sanders George W. Bush,1
Barack Obama,782,Bernie Sanders Hillary Clinton,0
Barack Obama,782,Bernie Sanders Joe Biden,0
Barack Obama,782,Bernie Sanders Richard Nixon,0
Barack Obama,782,Bernie Sanders Ronald Reagan,0
Barack Obama,782,Donald Trump Elizabeth Warren,0
Barack Obama,782,Donald Trump Joe Biden,0
Barack Obama,782,Donald Trump Richard Nixon,1
Barack Obama,782,Donald Trump Ronald Reagan,0
Barack Obama,782,Elizabeth Warren George W. Bush,0
Barack Obama,782,Elizabeth Warren Hillary Clinton,0
Barack Obama,782,Elizabeth Warren Joe Biden,0
Barack Obama,782,Elizabeth Warren Richard Nixon,0
Barack Obama,782,Elizabeth Warren Ronald Reagan,1
Barack Obama,782,George W. Bush Hillary Clinton,0
Barack Obama,782,George W. Bush Joe Biden,0
Barack Obama,782,George W. Bush Ronald Reagan,0
Barack Obama,782,Hillary Clinton Joe Biden,0
Barack Obama,782,Hillary Clinton Richard Nixon,0
Barack Obama,782,Hillary Clinton Ronald Reagan,0
Barack Obama,782,Joe Biden Richard Nixon,1
Barack Obama,782,Joe Biden Ronald Reagan,0
Barack Obama,782,Richard Nixon Ronald Reagan,0
Ronald Reagan,783,Abraham Lincoln Barack Obama,0
Ronald Reagan,783,Abraham Lincoln Bernie Sanders,0
Ronald Reagan,783,Abraham Lincoln Donald Trump,0
Ronald Reagan,783,Abraham Lincoln Elizabeth Warren,0
Ronald Reagan,783,Abraham Lincoln Hillary Clinton,0
Ronald Reagan,783,Abraham Lincoln Joe Biden,0
Ronald Reagan,783,Abraham Lincoln Richard Nixon,0
Ronald Reagan,783,Barack Obama Bernie Sanders,0
Ronald Reagan,783,Barack Obama Donald Trump,0
Ronald Reagan,783,Barack Obama Elizabeth Warren,0
Ronald Reagan,783,Barack Obama Hillary Clinton,0
Ronald Reagan,783,Barack Obama Joe Biden,0
Ronald Reagan,783,Barack Obama Richard Nixon,0
Ronald Reagan,783,Bernie Sanders Donald Trump,0
Ronald Reagan,783,Bernie Sanders Elizabeth Warren,0
Ronald Reagan,783,Bernie Sanders George W. Bush,0
Ronald Reagan,783,Bernie Sanders Hillary Clinton,0
Ronald Reagan,783,Bernie Sanders Joe Biden,1
Ronald Reagan,783,Bernie Sanders Richard Nixon,0
Ronald Reagan,783,Donald Trump Elizabeth Warren,0
Ronald Reagan,783,Donald Trump George W. Bush,0
Ronald Reagan,783,Donald Trump Hillary Clinton,0
Ronald Reagan,783,Donald Trump Joe Biden,0
Ronald Reagan,783,Donald Trump Richard Nixon,1
Ronald Reagan,783,Elizabeth Warren George W. Bush,0
Ronald Reagan,783,Elizabeth Warren Hillary Clinton,0
Ronald Reagan,783,Elizabeth Warren Joe Biden,0
Ronald Reagan,783,Elizabeth Warren Richard Nixon,0
Ronald Reagan,783,George W. Bush Hillary Clinton,0
Ronald Reagan,783,George W. Bush Joe Biden,0
Ronald Reagan,783,George W. Bush Richard Nixon,0
Ronald Reagan,783,Hillary Clinton Joe Biden,0
Ronald Reagan,783,Hillary Clinton Richard Nixon,0
Ronald Reagan,783,Joe Biden Richard Nixon,0
Joe Biden,784,Abraham Lincoln Barack Obama,1
Joe Biden,784,Abraham Lincoln Bernie Sanders,0
Joe Biden,784,Abraham Lincoln Donald Trump,0
Joe Biden,784,Abraham Lincoln Elizabeth Warren,0
Joe Biden,784,Abraham Lincoln George W. Bush,0
Joe Biden,784,Abraham Lincoln Hillary Clinton,0
Joe Biden,784,Abraham Lincoln Richard Nixon,0
Joe Biden,784,Abraham Lincoln Ronald Reagan,0
Joe Biden,784,Barack Obama Bernie Sanders,0
Joe Biden,784,Barack Obama Donald Trump,0
Joe Biden,784,Barack Obama Elizabeth Warren,1
Joe Biden,784,Barack Obama George W. Bush,0
Joe Biden,784,Barack Obama Hillary Clinton,0
Joe Biden,784,Barack Obama Richard Nixon,0
Joe Biden,784,Barack Obama Ronald Reagan,0
Joe Biden,784,Bernie Sanders Donald Trump,0
Joe Biden,784,Bernie Sanders Elizabeth Warren,0
Joe Biden,784,Bernie Sanders George W. Bush,0
Joe Biden,784,Bernie Sanders Hillary Clinton,0
Joe Biden,784,Bernie Sanders Richard Nixon,0
Joe Biden,784,Bernie Sanders Ronald Reagan,0
Joe Biden,784,Donald Trump Elizabeth Warren,0
Joe Biden,784,Donald Trump George W. Bush,0
Joe Biden,784,Donald Trump Hillary Clinton,1
Joe Biden,784,Donald Trump Richard Nixon,0
Joe Biden,784,Donald Trump Ronald Reagan,0
Joe Biden,784,Elizabeth Warren George W. Bush,0
Joe Biden,784,Elizabeth Warren Hillary Clinton,0
Joe Biden,784,Elizabeth Warren Richard Nixon,0
Joe Biden,784,Elizabeth Warren Ronald Reagan,0
Joe Biden,784,George W. Bush Hillary Clinton,0
Joe Biden,784,George W. Bush Richard Nixon,0
Joe Biden,784,George W. Bush Ronald Reagan,0
Joe Biden,784,Hillary Clinton Richard Nixon,0
Joe Biden,784,Hillary Clinton Ronald Reagan,0
Joe Biden,784,Richard Nixon Ronald Reagan,0
Bernie Sanders,785,Abraham Lincoln Barack Obama,0
Bernie Sanders,785,Abraham Lincoln Donald Trump,0
Bernie Sanders,785,Abraham Lincoln Elizabeth Warren,0
Bernie Sanders,785,Abraham Lincoln George W. Bush,0
Bernie Sanders,785,Abraham Lincoln Hillary Clinton,0
Bernie Sanders,785,Abraham Lincoln Joe Biden,0
Bernie Sanders,785,Abraham Lincoln Richard Nixon,0
Bernie Sanders,785,Abraham Lincoln Ronald Reagan,0
Bernie Sanders,785,Barack Obama Donald Trump,0
Bernie Sanders,785,Barack Obama Elizabeth Warren,0
Bernie Sanders,785,Barack Obama George W. Bush,0
Bernie Sanders,785,Barack Obama Hillary Clinton,0
Bernie Sanders,785,Barack Obama Joe Biden,0
Bernie Sanders,785,Barack Obama Richard Nixon,0
Bernie Sanders,785,Barack Obama Ronald Reagan,0
Bernie Sanders,785,Donald Trump Elizabeth Warren,0
Bernie Sanders,785,Donald Trump George W. Bush,0
Bernie Sanders,785,Donald Trump Hillary Clinton,0
Bernie Sanders,785,Donald Trump Joe Biden,0
Bernie Sanders,785,Donald Trump Richard Nixon,0
Bernie Sanders,785,Donald Trump Ronald Reagan,0
Bernie Sanders,785,Elizabeth Warren George W. Bush,1
Bernie Sanders,785,Elizabeth Warren Hillary Clinton,0
Bernie Sanders,785,Elizabeth Warren Joe Biden,0
Bernie Sanders,785,Elizabeth Warren Ronald Reagan,0
Bernie Sanders,785,George W. Bush Hillary Clinton,0
Bernie Sanders,785,George W. Bush Joe Biden,0
Bernie Sanders,785,George W. Bush Richard Nixon,0
Bernie Sanders,785,George W. Bush Ronald Reagan,0
Bernie Sanders,785,Hillary Clinton Joe Biden,0
Bernie Sanders,785,Hillary Clinton Richard Nixon,0
Bernie Sanders,785,Hillary Clinton Ronald Reagan,0
Bernie Sanders,785,Joe Biden Richard Nixon,0
Bernie Sanders,785,Joe Biden Ronald Reagan,0
Bernie Sanders,785,Richard Nixon Ronald Reagan,0
Hillary Clinton,786,Abraham Lincoln Barack Obama,0
Hillary Clinton,786,Abraham Lincoln Bernie Sanders,0
Hillary Clinton,786,Abraham Lincoln Donald Trump,0
Hillary Clinton,786,Abraham Lincoln Elizabeth Warren,0
Hillary Clinton,786,Abraham Lincoln Joe Biden,0
Hillary Clinton,786,Abraham Lincoln Richard Nixon,1
Hillary Clinton,786,Abraham Lincoln Ronald Reagan,0
Hillary Clinton,786,Barack Obama Bernie Sanders,0
Hillary Clinton,786,Barack Obama Donald Trump,0
Hillary Clinton,786,Barack Obama Elizabeth Warren,0
Hillary Clinton,786,Barack Obama George W. Bush,0
Hillary Clinton,786,Barack Obama Joe Biden,0
Hillary Clinton,786,Barack Obama Richard Nixon,0
Hillary Clinton,786,Barack Obama Ronald Reagan,0
Hillary Clinton,786,Bernie Sanders Donald Trump,0
Hillary Clinton,786,Bernie Sanders Elizabeth Warren,1
Hillary Clinton,786,Bernie Sanders George W. Bush,0
Hillary Clinton,786,Bernie Sanders Joe Biden,0
Hillary Clinton,786,Bernie Sanders Richard Nixon,0
Hillary Clinton,786,Bernie Sanders Ronald Reagan,0
Hillary Clinton,786,Donald Trump Elizabeth Warren,1
Hillary Clinton,786,Donald Trump George W. Bush,0
Hillary Clinton,786,Donald Trump Joe Biden,0
Hillary Clinton,786,Donald Trump Richard Nixon,0
Hillary Clinton,786,Donald Trump Ronald Reagan,0
Hillary Clinton,786,Elizabeth Warren George W. Bush,0
Hillary Clinton,786,Elizabeth Warren Joe Biden,0
Hillary Clinton,786,Elizabeth Warren Richard Nixon,0
Hillary Clinton,786,Elizabeth Warren Ronald Reagan,0
Hillary Clinton,786,George W. Bush Joe Biden,0
Hillary Clinton,786,George W. Bush Ronald Reagan,0
Hillary Clinton,786,Joe Biden Richard Nixon,1
Hillary Clinton,786,Joe Biden Ronald Reagan,0
Hillary Clinton,786,Richard Nixon Ronald Reagan,0
Bernie Sanders,787,Abraham Lincoln Barack Obama,0
Bernie Sanders,787,Abraham Lincoln Donald Trump,0
Bernie Sanders,787,Abraham Lincoln Elizabeth Warren,0
Bernie Sanders,787,Abraham Lincoln George W. Bush,0
Bernie Sanders,787,Abraham Lincoln Hillary Clinton,0
Bernie Sanders,787,Abraham Lincoln Joe Biden,0
Bernie Sanders,787,Abraham Lincoln Richard Nixon,0
Bernie Sanders,787,Abraham Lincoln Ronald Reagan,0
Bernie Sanders,787,Barack Obama Donald Trump,0
Bernie Sanders,787,Barack Obama Elizabeth Warren,0
Bernie Sanders,787,Barack Obama George W. Bush,0
Bernie Sanders,787,Barack Obama Hillary Clinton,1
Bernie Sanders,787,Barack Obama Joe Biden,0
Bernie Sanders,787,Barack Obama Richard Nixon,0
Bernie Sanders,787,Barack Obama Ronald Reagan,0
Bernie Sanders,787,Donald Trump Elizabeth Warren,0
Bernie Sanders,787,Donald Trump George W. Bush,0
Bernie Sanders,787,Donald Trump Hillary Clinton,0
Bernie Sanders,787,Donald Trump Joe Biden,1
Bernie Sanders,787,Donald Trump Ronald Reagan,0
Bernie Sanders,787,Elizabeth Warren George W. Bush,0
Bernie Sanders,787,Elizabeth Warren Hillary Clinton,0
Bernie Sanders,787,Elizabeth Warren Joe Biden,0
Bernie Sanders,787,Elizabeth Warren Richard Nixon,0
Bernie Sanders,787,Elizabeth Warren Ronald Reagan,0
Bernie Sanders,787,George W. Bush Hillary Clinton,0
Bernie Sanders,787,George W. Bush Richard Nixon,1
Bernie Sanders,787,George W. Bush Ronald Reagan,0
Bernie Sanders,787,Hillary Clinton Joe Biden,0
Bernie Sanders,787,Hillary Clinton Richard Nixon,0
Bernie Sanders,787,Hillary Clinton Ronald Reagan,0
Bernie Sanders,787,Joe Biden Richard Nixon,0
Bernie Sanders,787,Joe Biden Ronald Reagan,0
Bernie Sanders,787,Richard Nixon Ronald Reagan,0
Hillary Clinton,788,Abraham Lincoln Barack Obama,0
Hillary Clinton,788,Abraham Lincoln Bernie Sanders,0
Hillary Clinton,788,Abraham Lincoln Donald Trump,0
Hillary Clinton,788,Abraham Lincoln Elizabeth Warren,0
Hillary Clinton,788,Abraham Lincoln George W. Bush,0
Hillary Clinton,788,Abraham Lincoln Joe Biden,0
Hillary Clinton,788,Abraham Lincoln Richard Nixon,0
Hillary Clinton,788,Abraham Lincoln Ronald Reagan,0
Hillary Clinton,788,Barack Obama Bernie Sanders,0
Hillary Clinton,788,Barack Obama Donald Trump,0
Hillary Clinton,788,Barack Obama Elizabeth Warren,0
Hillary Clinton,788,Barack Obama George W. Bush,0
Hillary Clinton,788,Barack Obama Joe Biden,0
Hillary Clinton,788,Barack Obama Richard Nixon,0
Hillary Clinton,788,Barack Obama Ronald Reagan,0
Hillary Clinton,788,Bernie Sanders Donald Trump,0
Hillary Clinton,788,Bernie Sanders Elizabeth Warren,0
Hillary Clinton,788,Bernie Sanders George W. Bush,0
Hillary Clinton,788,Bernie Sanders Joe Biden,0
Hillary Clinton,788,Bernie Sanders Richard Nixon,0
Hillary Clinton,788,Bernie Sanders Ronald Reagan,0
Hillary Clinton,788,Donald Trump Elizabeth Warren,1
Hillary Clinton,788,Donald Trump George W. Bush,0
Hillary Clinton,788,Donald Trump Joe Biden,1
Hillary Clinton,788,Donald Trump Richard Nixon,0
Hillary Clinton,788,Donald Trump Ronald Reagan,0
Hillary Clinton,788,Elizabeth Warren George W. Bush,0
Hillary Clinton,788,Elizabeth Warren Joe Biden,0
Hillary Clinton,788,Elizabeth Warren Richard Nixon,0
Hillary Clinton,788,Elizabeth Warren Ronald Reagan,0
Hillary Clinton,788,George W. Bush Joe Biden,0
Hillary Clinton,788,George W. Bush Richard Nixon,0
Hillary Clinton,788,George W. Bush Ronald Reagan,0
Hillary Clinton,788,Joe Biden Richard Nixon,0
Hillary Clinton,788,Joe Biden Ronald Reagan,0
Hillary Clinton,788,Richard Nixon Ronald Reagan,0
Barack Obama,789,Abraham Lincoln Bernie Sanders,0
Barack Obama,789,Abraham Lincoln Donald Trump,0
Barack Obama,789,Abraham Lincoln Elizabeth Warren,0
Barack Obama,789,Abraham Lincoln George W. Bush,0
Barack Obama,789,Abraham Lincoln Hillary Clinton,0
Barack Obama,789,Abraham Lincoln Joe Biden,0
Barack Obama,789,Abraham Lincoln Richard Nixon,0
Barack Obama,789,Abraham Lincoln Ronald Reagan,0
Barack Obama,789,Bernie Sanders Elizabeth Warren,0
Barack Obama,789,Bernie Sanders George W. Bush,0
Barack Obama,789,Bernie Sanders Hillary Clinton,0
Barack Obama,789,Bernie Sanders Joe Biden,0
Barack Obama,789,Bernie Sanders Richard Nixon,0
Barack Obama,789,Bernie Sanders Ronald Reagan,0
Barack Obama,789,Donald Trump Elizabeth Warren,0
Barack Obama,789,Donald Trump George W. Bush,0
Barack Obama,789,Donald Trump Joe Biden,0
Barack Obama,789,Donald Trump Richard Nixon,0
Barack Obama,789,Donald Trump Ronald Reagan,0
Barack Obama,789,Elizabeth Warren George W. Bush,0
Barack Obama,789,Elizabeth Warren Hillary Clinton,0
Barack Obama,789,Elizabeth Warren Joe Biden,0
Barack Obama,789,Elizabeth Warren Richard Nixon,0
Barack Obama,789,Elizabeth Warren Ronald Reagan,0
Barack Obama,789,George W. Bush Hillary Clinton,1
Barack Obama,789,George W. Bush Joe Biden,1
Barack Obama,789,George W. Bush Richard Nixon,0
Barack Obama,789,George W. Bush Ronald Reagan,0
Barack Obama,789,Hillary Clinton Joe Biden,0
Barack Obama,789,Hillary Clinton Richard Nixon,0
Barack Obama,789,Hillary Clinton Ronald Reagan,0
Barack Obama,789,Joe Biden Richard Nixon,0
Barack Obama,789,Joe Biden Ronald Reagan,0
Barack Obama,789,Richard Nixon Ronald Reagan,0
Ronald Reagan,790,Abraham Lincoln Barack Obama,0
Ronald Reagan,790,Abraham Lincoln Bernie Sanders,0
Ronald Reagan,790,Abraham Lincoln Donald Trump,0
Ronald Reagan,790,Abraham Lincoln Elizabeth Warren,0
Ronald Reagan,790,Abraham Lincoln George W. Bush,0
Ronald Reagan,790,Abraham Lincoln Hillary Clinton,0
Ronald Reagan,790,Abraham Lincoln Richard Nixon,0
Ronald Reagan,790,Barack Obama Bernie Sanders,0
Ronald Reagan,790,Barack Obama Donald Trump,0
Ronald Reagan,790,Barack Obama Elizabeth Warren,0
Ronald Reagan,790,Barack Obama Hillary Clinton,1
Ronald Reagan,790,Barack Obama Joe Biden,0
Ronald Reagan,790,Bernie Sanders Donald Trump,0
Ronald Reagan,790,Bernie Sanders Elizabeth Warren,1
Ronald Reagan,790,Bernie Sanders George W. Bush,0
Ronald Reagan,790,Bernie Sanders Hillary Clinton,0
Ronald Reagan,790,Bernie Sanders Joe Biden,0
Ronald Reagan,790,Bernie Sanders Richard Nixon,0
Ronald Reagan,790,Donald Trump Elizabeth Warren,0
Ronald Reagan,790,Donald Trump George W. Bush,0
Ronald Reagan,790,Donald Trump Hillary Clinton,0
Ronald Reagan,790,Donald Trump Joe Biden,0
Ronald Reagan,790,Donald Trump Richard Nixon,0
Ronald Reagan,790,Elizabeth Warren George W. Bush,0
Ronald Reagan,790,Elizabeth Warren Hillary Clinton,0
Ronald Reagan,790,Elizabeth Warren Richard Nixon,0
Ronald Reagan,790,George W. Bush Hillary Clinton,0
Ronald Reagan,790,George W. Bush Joe Biden,0
Ronald Reagan,790,George W. Bush Richard Nixon,0
Ronald Reagan,790,Hillary Clinton Joe Biden,0
Ronald Reagan,790,Hillary Clinton Richard Nixon,0
Ronald Reagan,790,Joe Biden Richard Nixon,0
George W. Bush,791,Abraham Lincoln Bernie Sanders,0
George W. Bush,791,Abraham Lincoln Donald Trump,0
George W. Bush,791,Abraham Lincoln Elizabeth Warren,0
George W. Bush,791,Abraham Lincoln Hillary Clinton,0
George W. Bush,791,Abraham Lincoln Joe Biden,0
George W. Bush,791,Abraham Lincoln Richard Nixon,0
George W. Bush,791,Abraham Lincoln Ronald Reagan,0
George W. Bush,791,Barack Obama Bernie Sanders,0
George W. Bush,791,Barack Obama Donald Trump,0
George W. Bush,791,Barack Obama Elizabeth Warren,0
George W. Bush,791,Barack Obama Hillary Clinton,0
George W. Bush,791,Barack Obama Joe Biden,0
George W. Bush,791,Barack Obama Ronald Reagan,0
George W. Bush,791,Bernie Sanders Donald Trump,0
George W. Bush,791,Bernie Sanders Elizabeth Warren,0
George W. Bush,791,Bernie Sanders Hillary Clinton,0
George W. Bush,791,Bernie Sanders Joe Biden,0
George W. Bush,791,Bernie Sanders Richard Nixon,0
George W. Bush,791,Bernie Sanders Ronald Reagan,0
George W. Bush,791,Donald Trump Elizabeth Warren,0
George W. Bush,791,Donald Trump Joe Biden,0
George W. Bush,791,Donald Trump Richard Nixon,0
George W. Bush,791,Donald Trump Ronald Reagan,0
George W. Bush,791,Elizabeth Warren Joe Biden,0
George W. Bush,791,Elizabeth Warren Richard Nixon,0
George W. Bush,791,Elizabeth Warren Ronald Reagan,0
George W. Bush,791,Hillary Clinton Joe Biden,0
George W. Bush,791,Hillary Clinton Richard Nixon,0
George W. Bush,791,Hillary Clinton Ronald Reagan,1
George W. Bush,791,Joe Biden Richard Nixon,0
George W. Bush,791,Joe Biden Ronald Reagan,0
George W. Bush,791,Richard Nixon Ronald Reagan,0
Bernie Sanders,792,Abraham Lincoln Barack Obama,0
Bernie Sanders,792,Abraham Lincoln Donald Trump,0
Bernie Sanders,792,Abraham Lincoln Elizabeth Warren,0
Bernie Sanders,792,Abraham Lincoln Hillary Clinton,0
Bernie Sanders,792,Abraham Lincoln Joe Biden,0
Bernie Sanders,792,Abraham Lincoln Richard Nixon,0
Bernie Sanders,792,Abraham Lincoln Ronald Reagan,0
Bernie Sanders,792,Barack Obama Donald Trump,0
Bernie Sanders,792,Barack Obama Elizabeth Warren,0
Bernie Sanders,792,Barack Obama George W. Bush,0
Bernie Sanders,792,Barack Obama Hillary Clinton,0
Bernie Sanders,792,Barack Obama Joe Biden,0
Bernie Sanders,792,Barack Obama Richard Nixon,1
Bernie Sanders,792,Barack Obama Ronald Reagan,0
Bernie Sanders,792,Donald Trump Elizabeth Warren,1
Bernie Sanders,792,Donald Trump George W. Bush,0
Bernie Sanders,792,Donald Trump Joe Biden,0
Bernie Sanders,792,Donald Trump Ronald Reagan,0
Bernie Sanders,792,Elizabeth Warren George W. Bush,0
Bernie Sanders,792,Elizabeth Warren Hillary Clinton,0
Bernie Sanders,792,Elizabeth Warren Joe Biden,0
Bernie Sanders,792,Elizabeth Warren Richard Nixon,0
Bernie Sanders,792,Elizabeth Warren Ronald Reagan,0
Bernie Sanders,792,George W. Bush Hillary Clinton,0
Bernie Sanders,792,George W. Bush Joe Biden,0
Bernie Sanders,792,George W. Bush Richard Nixon,0
Bernie Sanders,792,George W. Bush Ronald Reagan,0
Bernie Sanders,792,Hillary Clinton Joe Biden,0
Bernie Sanders,792,Hillary Clinton Richard Nixon,0
Bernie Sanders,792,Hillary Clinton Ronald Reagan,0
Bernie Sanders,792,Joe Biden Richard Nixon,0
Bernie Sanders,792,Joe Biden Ronald Reagan,0
Bernie Sanders,792,Richard Nixon Ronald Reagan,0
Bernie Sanders,793,Abraham Lincoln Barack Obama,0
Bernie Sanders,793,Abraham Lincoln Donald Trump,0
Bernie Sanders,793,Abraham Lincoln Elizabeth Warren,0
Bernie Sanders,793,Abraham Lincoln George W. Bush,0
Bernie Sanders,793,Abraham Lincoln Hillary Clinton,0
Bernie Sanders,793,Abraham Lincoln Joe Biden,0
Bernie Sanders,793,Abraham Lincoln Richard Nixon,0
Bernie Sanders,793,Abraham Lincoln Ronald Reagan,0
Bernie Sanders,793,Barack Obama Donald Trump,0
Bernie Sanders,793,Barack Obama Elizabeth Warren,0
Bernie Sanders,793,Barack Obama George W. Bush,0
Bernie Sanders,793,Barack Obama Joe Biden,0
Bernie Sanders,793,Barack Obama Richard Nixon,0
Bernie Sanders,793,Barack Obama Ronald Reagan,0
Bernie Sanders,793,Donald Trump Elizabeth Warren,0
Bernie Sanders,793,Donald Trump George W. Bush,0
Bernie Sanders,793,Donald Trump Joe Biden,0
Bernie Sanders,793,Donald Trump Richard Nixon,0
Bernie Sanders,793,Donald Trump Ronald Reagan,0
Bernie Sanders,793,Elizabeth Warren George W. Bush,0
Bernie Sanders,793,Elizabeth Warren Hillary Clinton,0
Bernie Sanders,793,Elizabeth Warren Joe Biden,0
Bernie Sanders,793,Elizabeth Warren Richard Nixon,0
Bernie Sanders,793,Elizabeth Warren Ronald Reagan,0
Bernie Sanders,793,George W. Bush Hillary Clinton,0
Bernie Sanders,793,George W. Bush Joe Biden,0
Bernie Sanders,793,George W. Bush Richard Nixon,1
Bernie Sanders,793,George W. Bush Ronald Reagan,0
Bernie Sanders,793,Hillary Clinton Joe Biden,0
Bernie Sanders,793,Hillary Clinton Richard Nixon,0
Bernie Sanders,793,Hillary Clinton Ronald Reagan,0
Bernie Sanders,793,Joe Biden Richard Nixon,0
Bernie Sanders,793,Joe Biden Ronald Reagan,0
Bernie Sanders,793,Richard Nixon Ronald Reagan,0
Richard Nixon,794,Abraham Lincoln Barack Obama,0
Richard Nixon,794,Abraham Lincoln Bernie Sanders,0
Richard Nixon,794,Abraham Lincoln Donald Trump,0
Richard Nixon,794,Abraham Lincoln Elizabeth Warren,0
Richard Nixon,794,Abraham Lincoln George W. Bush,0
Richard Nixon,794,Abraham Lincoln Joe Biden,0
Richard Nixon,794,Abraham Lincoln Ronald Reagan,0
Richard Nixon,794,Barack Obama Bernie Sanders,0
Richard Nixon,794,Barack Obama Donald Trump,1
Richard Nixon,794,Barack Obama Elizabeth Warren,0
Richard Nixon,794,Barack Obama George W. Bush,0
Richard Nixon,794,Barack Obama Hillary Clinton,0
Richard Nixon,794,Barack Obama Joe Biden,0
Richard Nixon,794,Barack Obama Ronald Reagan,0
Richard Nixon,794,Bernie Sanders Donald Trump,0
Richard Nixon,794,Bernie Sanders Elizabeth Warren,0
Richard Nixon,794,Bernie Sanders George W. Bush,1
Richard Nixon,794,Bernie Sanders Hillary Clinton,0
Richard Nixon,794,Bernie Sanders Joe Biden,0
Richard Nixon,794,Bernie Sanders Ronald Reagan,0
Richard Nixon,794,Donald Trump Elizabeth Warren,0
Richard Nixon,794,Donald Trump George W. Bush,0
Richard Nixon,794,Donald Trump Hillary Clinton,0
Richard Nixon,794,Donald Trump Joe Biden,1
Richard Nixon,794,Elizabeth Warren George W. Bush,0
Richard Nixon,794,Elizabeth Warren Hillary Clinton,0
Richard Nixon,794,Elizabeth Warren Joe Biden,1
Richard Nixon,794,Elizabeth Warren Ronald Reagan,0
Richard Nixon,794,George W. Bush Hillary Clinton,0
Richard Nixon,794,George W. Bush Joe Biden,0
Richard Nixon,794,George W. Bush Ronald Reagan,0
Richard Nixon,794,Hillary Clinton Joe Biden,0
Richard Nixon,794,Hillary Clinton Ronald Reagan,0
Richard Nixon,794,Joe Biden Ronald Reagan,0
Hillary Clinton,795,Abraham Lincoln Barack Obama,0
Hillary Clinton,795,Abraham Lincoln Bernie Sanders,0
Hillary Clinton,795,Abraham Lincoln Donald Trump,0
Hillary Clinton,795,Abraham Lincoln Elizabeth Warren,0
Hillary Clinton,795,Abraham Lincoln George W. Bush,0
Hillary Clinton,795,Abraham Lincoln Joe Biden,0
Hillary Clinton,795,Abraham Lincoln Richard Nixon,0
Hillary Clinton,795,Abraham Lincoln Ronald Reagan,0
Hillary Clinton,795,Barack Obama Bernie Sanders,0
Hillary Clinton,795,Barack Obama Donald Trump,0
Hillary Clinton,795,Barack Obama Elizabeth Warren,0
Hillary Clinton,795,Barack Obama George W. Bush,0
Hillary Clinton,795,Barack Obama Joe Biden,0
Hillary Clinton,795,Barack Obama Richard Nixon,0
Hillary Clinton,795,Barack Obama Ronald Reagan,0
Hillary Clinton,795,Bernie Sanders Donald Trump,0
Hillary Clinton,795,Bernie Sanders Elizabeth Warren,0
Hillary Clinton,795,Bernie Sanders George W. Bush,0
Hillary Clinton,795,Bernie Sanders Joe Biden,0
Hillary Clinton,795,Bernie Sanders Richard Nixon,0
Hillary Clinton,795,Bernie Sanders Ronald Reagan,0
Hillary Clinton,795,Donald Trump Elizabeth Warren,0
Hillary Clinton,795,Donald Trump George W. Bush,0
Hillary Clinton,795,Donald Trump Joe Biden,0
Hillary Clinton,795,Donald Trump Richard Nixon,0
Hillary Clinton,795,Donald Trump Ronald Reagan,0
Hillary Clinton,795,Elizabeth Warren George W. Bush,0
Hillary Clinton,795,Elizabeth Warren Joe Biden,0
Hillary Clinton,795,Elizabeth Warren Richard Nixon,0
Hillary Clinton,795,Elizabeth Warren Ronald Reagan,0
Hillary Clinton,795,George W. Bush Joe Biden,0
Hillary Clinton,795,George W. Bush Richard Nixon,0
Hillary Clinton,795,George W. Bush Ronald Reagan,1
Hillary Clinton,795,Joe Biden Richard Nixon,0
Hillary Clinton,795,Joe Biden Ronald Reagan,0
Elizabeth Warren,796,Abraham Lincoln Barack Obama,0
Elizabeth Warren,796,Abraham Lincoln Bernie Sanders,0
Elizabeth Warren,796,Abraham Lincoln Donald Trump,0
Elizabeth Warren,796,Abraham Lincoln George W. Bush,0
Elizabeth Warren,796,Abraham Lincoln Hillary Clinton,0
Elizabeth Warren,796,Abraham Lincoln Joe Biden,0
Elizabeth Warren,796,Abraham Lincoln Richard Nixon,0
Elizabeth Warren,796,Abraham Lincoln Ronald Reagan,0
Elizabeth Warren,796,Barack Obama Bernie Sanders,0
Elizabeth Warren,796,Barack Obama Donald Trump,0
Elizabeth Warren,796,Barack Obama George W. Bush,0
Elizabeth Warren,796,Barack Obama Joe Biden,1
Elizabeth Warren,796,Barack Obama Richard Nixon,0
Elizabeth Warren,796,Barack Obama Ronald Reagan,0
Elizabeth Warren,796,Bernie Sanders Donald Trump,1
Elizabeth Warren,796,Bernie Sanders George W. Bush,0
Elizabeth Warren,796,Bernie Sanders Hillary Clinton,0
Elizabeth Warren,796,Bernie Sanders Joe Biden,1
Elizabeth Warren,796,Bernie Sanders Richard Nixon,0
Elizabeth Warren,796,Bernie Sanders Ronald Reagan,0
Elizabeth Warren,796,Donald Trump George W. Bush,0
Elizabeth Warren,796,Donald Trump Hillary Clinton,0
Elizabeth Warren,796,Donald Trump Joe Biden,0
Elizabeth Warren,796,Donald Trump Richard Nixon,0
Elizabeth Warren,796,Donald Trump Ronald Reagan,0
Elizabeth Warren,796,George W. Bush Joe Biden,1
Elizabeth Warren,796,George W. Bush Richard Nixon,0
Elizabeth Warren,796,George W. Bush Ronald Reagan,1
Elizabeth Warren,796,Hillary Clinton Joe Biden,0
Elizabeth Warren,796,Hillary Clinton Richard Nixon,0
Elizabeth Warren,796,Hillary Clinton Ronald Reagan,0
Elizabeth Warren,796,Joe Biden Richard Nixon,0
Elizabeth Warren,796,Joe Biden Ronald Reagan,0
Elizabeth Warren,796,Richard Nixon Ronald Reagan,0
Ronald Reagan,797,Abraham Lincoln Barack Obama,0
Ronald Reagan,797,Abraham Lincoln Bernie Sanders,0
Ronald Reagan,797,Abraham Lincoln Donald Trump,0
Ronald Reagan,797,Abraham Lincoln George W. Bush,0
Ronald Reagan,797,Abraham Lincoln Hillary Clinton,0
Ronald Reagan,797,Abraham Lincoln Joe Biden,0
Ronald Reagan,797,Abraham Lincoln Richard Nixon,0
Ronald Reagan,797,Barack Obama Bernie Sanders,0
Ronald Reagan,797,Barack Obama Donald Trump,0
Ronald Reagan,797,Barack Obama Elizabeth Warren,0
Ronald Reagan,797,Barack Obama George W. Bush,1
Ronald Reagan,797,Barack Obama Hillary Clinton,1
Ronald Reagan,797,Barack Obama Joe Biden,0
Ronald Reagan,797,Barack Obama Richard Nixon,0
Ronald Reagan,797,Bernie Sanders Donald Trump,0
Ronald Reagan,797,Bernie Sanders Elizabeth Warren,0
Ronald Reagan,797,Bernie Sanders George W. Bush,0
Ronald Reagan,797,Bernie Sanders Hillary Clinton,0
Ronald Reagan,797,Bernie Sanders Joe Biden,0
Ronald Reagan,797,Bernie Sanders Richard Nixon,0
Ronald Reagan,797,Donald Trump Elizabeth Warren,0
Ronald Reagan,797,Donald Trump George W. Bush,0
Ronald Reagan,797,Donald Trump Hillary Clinton,0
Ronald Reagan,797,Donald Trump Joe Biden,0
Ronald Reagan,797,Donald Trump Richard Nixon,0
Ronald Reagan,797,Elizabeth Warren George W. Bush,0
Ronald Reagan,797,Elizabeth Warren Hillary Clinton,0
Ronald Reagan,797,Elizabeth Warren Joe Biden,0
Ronald Reagan,797,Elizabeth Warren Richard Nixon,0
Ronald Reagan,797,George W. Bush Hillary Clinton,0
Ronald Reagan,797,George W. Bush Joe Biden,0
Ronald Reagan,797,George W. Bush Richard Nixon,0
Ronald Reagan,797,Hillary Clinton Joe Biden,0
Ronald Reagan,797,Hillary Clinton Richard Nixon,0
Ronald Reagan,797,Joe Biden Richard Nixon,0
Hillary Clinton,798,Abraham Lincoln Barack Obama,0
Hillary Clinton,798,Abraham Lincoln Bernie Sanders,0
Hillary Clinton,798,Abraham Lincoln Donald Trump,0
Hillary Clinton,798,Abraham Lincoln Elizabeth Warren,0
Hillary Clinton,798,Abraham Lincoln George W. Bush,0
Hillary Clinton,798,Abraham Lincoln Joe Biden,0
Hillary Clinton,798,Abraham Lincoln Richard Nixon,0
Hillary Clinton,798,Abraham Lincoln Ronald Reagan,0
Hillary Clinton,798,Barack Obama Bernie Sanders,0
Hillary Clinton,798,Barack Obama Donald Trump,0
Hillary Clinton,798,Barack Obama Elizabeth Warren,0
Hillary Clinton,798,Barack Obama George W. Bush,0
Hillary Clinton,798,Barack Obama Joe Biden,1
Hillary Clinton,798,Barack Obama Richard Nixon,0
Hillary Clinton,798,Barack Obama Ronald Reagan,0
Hillary Clinton,798,Bernie Sanders Donald Trump,0
Hillary Clinton,798,Bernie Sanders Elizabeth Warren,0
Hillary Clinton,798,Bernie Sanders George W. Bush,1
Hillary Clinton,798,Bernie Sanders Joe Biden,1
Hillary Clinton,798,Bernie Sanders Richard Nixon,0
Hillary Clinton,798,Bernie Sanders Ronald Reagan,0
Hillary Clinton,798,Donald Trump Elizabeth Warren,0
Hillary Clinton,798,Donald Trump George W. Bush,0
Hillary Clinton,798,Donald Trump Joe Biden,0
Hillary Clinton,798,Donald Trump Richard Nixon,0
Hillary Clinton,798,Elizabeth Warren George W. Bush,0
Hillary Clinton,798,Elizabeth Warren Joe Biden,0
Hillary Clinton,798,Elizabeth Warren Richard Nixon,0
Hillary Clinton,798,Elizabeth Warren Ronald Reagan,0
Hillary Clinton,798,George W. Bush Joe Biden,0
Hillary Clinton,798,George W. Bush Richard Nixon,0
Hillary Clinton,798,George W. Bush Ronald Reagan,0
Hillary Clinton,798,Joe Biden Richard Nixon,0
Hillary Clinton,798,Richard Nixon Ronald Reagan,0
Richard Nixon,799,Abraham Lincoln Barack Obama,0
Richard Nixon,799,Abraham Lincoln Bernie Sanders,0
Richard Nixon,799,Abraham Lincoln Donald Trump,0
Richard Nixon,799,Abraham Lincoln Elizabeth Warren,0
Richard Nixon,799,Abraham Lincoln George W. Bush,1
Richard Nixon,799,Abraham Lincoln Hillary Clinton,0
Richard Nixon,799,Abraham Lincoln Joe Biden,0
Richard Nixon,799,Abraham Lincoln Ronald Reagan,0
Richard Nixon,799,Barack Obama Bernie Sanders,0
Richard Nixon,799,Barack Obama Elizabeth Warren,0
Richard Nixon,799,Barack Obama George W. Bush,0
Richard Nixon,799,Barack Obama Hillary Clinton,0
Richard Nixon,799,Barack Obama Joe Biden,0
Richard Nixon,799,Barack Obama Ronald Reagan,0
Richard Nixon,799,Bernie Sanders Donald Trump,0
Richard Nixon,799,Bernie Sanders Elizabeth Warren,0
Richard Nixon,799,Bernie Sanders George W. Bush,0
Richard Nixon,799,Bernie Sanders Hillary Clinton,0
Richard Nixon,799,Bernie Sanders Joe Biden,0
Richard Nixon,799,Bernie Sanders Ronald Reagan,0
Richard Nixon,799,Donald Trump Elizabeth Warren,0
Richard Nixon,799,Donald Trump Hillary Clinton,0
Richard Nixon,799,Donald Trump Joe Biden,1
Richard Nixon,799,Donald Trump Ronald Reagan,0
Richard Nixon,799,Elizabeth Warren George W. Bush,0
Richard Nixon,799,Elizabeth Warren Hillary Clinton,0
Richard Nixon,799,Elizabeth Warren Joe Biden,0
Richard Nixon,799,Elizabeth Warren Ronald Reagan,0
Richard Nixon,799,George W. Bush Hillary Clinton,0
Richard Nixon,799,George W. Bush Joe Biden,0
Richard Nixon,799,George W. Bush Ronald Reagan,1
Richard Nixon,799,Hillary Clinton Ronald Reagan,0
Abraham Lincoln,800,Barack Obama Bernie Sanders,0
Abraham Lincoln,800,Barack Obama Elizabeth Warren,0
Abraham Lincoln,800,Barack Obama George W. Bush,0
Abraham Lincoln,800,Barack Obama Joe Biden,0
Abraham Lincoln,800,Barack Obama Richard Nixon,0
Abraham Lincoln,800,Bernie Sanders Donald Trump,0
Abraham Lincoln,800,Bernie Sanders Elizabeth Warren,0
Abraham Lincoln,800,Bernie Sanders Hillary Clinton,0
Abraham Lincoln,800,Bernie Sanders Joe Biden,0
Abraham Lincoln,800,Bernie Sanders Richard Nixon,0
Abraham Lincoln,800,Bernie Sanders Ronald Reagan,0
Abraham Lincoln,800,Donald Trump Elizabeth Warren,0
Abraham Lincoln,800,Donald Trump George W. Bush,0
Abraham Lincoln,800,Donald Trump Hillary Clinton,0
Abraham Lincoln,800,Donald Trump Richard Nixon,0
Abraham Lincoln,800,Donald Trump Ronald Reagan,1
Abraham Lincoln,800,Elizabeth Warren George W. Bush,0
Abraham Lincoln,800,Elizabeth Warren Hillary Clinton,1
Abraham Lincoln,800,Elizabeth Warren Joe Biden,1
Abraham Lincoln,800,Elizabeth Warren Richard Nixon,0
Abraham Lincoln,800,Elizabeth Warren Ronald Reagan,0
Abraham Lincoln,800,George W. Bush Hillary Clinton,0
Abraham Lincoln,800,George W. Bush Joe Biden,0
Abraham Lincoln,800,George W. Bush Ronald Reagan,0
Abraham Lincoln,800,Hillary Clinton Joe Biden,0
Abraham Lincoln,800,Hillary Clinton Ronald Reagan,0
Abraham Lincoln,800,Joe Biden Richard Nixon,0
Abraham Lincoln,800,Joe Biden Ronald Reagan,0
Abraham Lincoln,800,Richard Nixon Ronald Reagan,0
Hillary Clinton,801,Abraham Lincoln Barack Obama,0
Hillary Clinton,801,Abraham Lincoln Bernie Sanders,0
Hillary Clinton,801,Abraham Lincoln Elizabeth Warren,0
Hillary Clinton,801,Abraham Lincoln George W. Bush,0
Hillary Clinton,801,Abraham Lincoln Richard Nixon,0
Hillary Clinton,801,Abraham Lincoln Ronald Reagan,0
Hillary Clinton,801,Barack Obama Bernie Sanders,0
Hillary Clinton,801,Barack Obama Donald Trump,0
Hillary Clinton,801,Barack Obama Elizabeth Warren,0
Hillary Clinton,801,Barack Obama Joe Biden,0
Hillary Clinton,801,Barack Obama Ronald Reagan,0
Hillary Clinton,801,Bernie Sanders Donald Trump,0
Hillary Clinton,801,Bernie Sanders Elizabeth Warren,0
Hillary Clinton,801,Bernie Sanders George W. Bush,1
Hillary Clinton,801,Bernie Sanders Joe Biden,0
Hillary Clinton,801,Bernie Sanders Richard Nixon,0
Hillary Clinton,801,Bernie Sanders Ronald Reagan,0
Hillary Clinton,801,Donald Trump Elizabeth Warren,1
Hillary Clinton,801,Donald Trump George W. Bush,0
Hillary Clinton,801,Donald Trump Joe Biden,0
Hillary Clinton,801,Donald Trump Richard Nixon,0
Hillary Clinton,801,Donald Trump Ronald Reagan,0
Hillary Clinton,801,Elizabeth Warren George W. Bush,0
Hillary Clinton,801,Elizabeth Warren Joe Biden,0
Hillary Clinton,801,Elizabeth Warren Richard Nixon,0
Hillary Clinton,801,Elizabeth Warren Ronald Reagan,0
Hillary Clinton,801,George W. Bush Joe Biden,0
Hillary Clinton,801,George W. Bush Richard Nixon,0
Hillary Clinton,801,Joe Biden Richard Nixon,0
Hillary Clinton,801,Joe Biden Ronald Reagan,0
Hillary Clinton,801,Richard Nixon Ronald Reagan,0
George W. Bush,802,Abraham Lincoln Barack Obama,0
George W. Bush,802,Abraham Lincoln Bernie Sanders,0
George W. Bush,802,Abraham Lincoln Donald Trump,0
George W. Bush,802,Abraham Lincoln Elizabeth Warren,0
George W. Bush,802,Abraham Lincoln Hillary Clinton,0
George W. Bush,802,Abraham Lincoln Joe Biden,0
George W. Bush,802,Abraham Lincoln Richard Nixon,0
George W. Bush,802,Abraham Lincoln Ronald Reagan,0
George W. Bush,802,Barack Obama Bernie Sanders,0
George W. Bush,802,Barack Obama Donald Trump,0
George W. Bush,802,Barack Obama Elizabeth Warren,0
George W. Bush,802,Barack Obama Hillary Clinton,0
George W. Bush,802,Barack Obama Joe Biden,0
George W. Bush,802,Barack Obama Richard Nixon,0
George W. Bush,802,Barack Obama Ronald Reagan,0
George W. Bush,802,Bernie Sanders Donald Trump,0
George W. Bush,802,Bernie Sanders Elizabeth Warren,0
George W. Bush,802,Bernie Sanders Hillary Clinton,0
George W. Bush,802,Bernie Sanders Joe Biden,0
George W. Bush,802,Bernie Sanders Richard Nixon,0
George W. Bush,802,Bernie Sanders Ronald Reagan,0
George W. Bush,802,Donald Trump Elizabeth Warren,1
George W. Bush,802,Donald Trump Hillary Clinton,0
George W. Bush,802,Donald Trump Joe Biden,0
George W. Bush,802,Donald Trump Richard Nixon,0
George W. Bush,802,Donald Trump Ronald Reagan,0
George W. Bush,802,Elizabeth Warren Hillary Clinton,0
George W. Bush,802,Elizabeth Warren Joe Biden,0
George W. Bush,802,Elizabeth Warren Richard Nixon,0
George W. Bush,802,Elizabeth Warren Ronald Reagan,0
George W. Bush,802,Hillary Clinton Richard Nixon,0
George W. Bush,802,Hillary Clinton Ronald Reagan,0
George W. Bush,802,Joe Biden Richard Nixon,0
George W. Bush,802,Joe Biden Ronald Reagan,0
George W. Bush,802,Richard Nixon Ronald Reagan,0
Ronald Reagan,803,Abraham Lincoln Barack Obama,0
Ronald Reagan,803,Abraham Lincoln Bernie Sanders,0
Ronald Reagan,803,Abraham Lincoln Donald Trump,0
Ronald Reagan,803,Abraham Lincoln Elizabeth Warren,0
Ronald Reagan,803,Abraham Lincoln George W. Bush,0
Ronald Reagan,803,Abraham Lincoln Hillary Clinton,0
Ronald Reagan,803,Abraham Lincoln Joe Biden,0
Ronald Reagan,803,Abraham Lincoln Richard Nixon,0
Ronald Reagan,803,Barack Obama Bernie Sanders,1
Ronald Reagan,803,Barack Obama Donald Trump,0
Ronald Reagan,803,Barack Obama Elizabeth Warren,0
Ronald Reagan,803,Barack Obama George W. Bush,0
Ronald Reagan,803,Barack Obama Hillary Clinton,0
Ronald Reagan,803,Barack Obama Joe Biden,0
Ronald Reagan,803,Barack Obama Richard Nixon,0
Ronald Reagan,803,Bernie Sanders Donald Trump,0
Ronald Reagan,803,Bernie Sanders Elizabeth Warren,0
Ronald Reagan,803,Bernie Sanders George W. Bush,0
Ronald Reagan,803,Bernie Sanders Hillary Clinton,0
Ronald Reagan,803,Bernie Sanders Joe Biden,0
Ronald Reagan,803,Bernie Sanders Richard Nixon,0
Ronald Reagan,803,Donald Trump Elizabeth Warren,0
Ronald Reagan,803,Donald Trump George W. Bush,0
Ronald Reagan,803,Donald Trump Hillary Clinton,0
Ronald Reagan,803,Donald Trump Joe Biden,0
Ronald Reagan,803,Donald Trump Richard Nixon,0
Ronald Reagan,803,Elizabeth Warren George W. Bush,0
Ronald Reagan,803,Elizabeth Warren Hillary Clinton,0
Ronald Reagan,803,Elizabeth Warren Joe Biden,0
Ronald Reagan,803,Elizabeth Warren Richard Nixon,1
Ronald Reagan,803,George W. Bush Hillary Clinton,0
Ronald Reagan,803,George W. Bush Joe Biden,0
Ronald Reagan,803,George W. Bush Richard Nixon,0
Ronald Reagan,803,Hillary Clinton Joe Biden,0
Ronald Reagan,803,Hillary Clinton Richard Nixon,0
Ronald Reagan,803,Joe Biden Richard Nixon,0
Richard Nixon,804,Abraham Lincoln Barack Obama,0
Richard Nixon,804,Abraham Lincoln Bernie Sanders,0
Richard Nixon,804,Abraham Lincoln Donald Trump,0
Richard Nixon,804,Abraham Lincoln Elizabeth Warren,0
Richard Nixon,804,Abraham Lincoln George W. Bush,0
Richard Nixon,804,Abraham Lincoln Hillary Clinton,0
Richard Nixon,804,Abraham Lincoln Joe Biden,0
Richard Nixon,804,Abraham Lincoln Ronald Reagan,1
Richard Nixon,804,Barack Obama Elizabeth Warren,0
Richard Nixon,804,Barack Obama Hillary Clinton,0
Richard Nixon,804,Barack Obama Joe Biden,0
Richard Nixon,804,Barack Obama Ronald Reagan,1
Richard Nixon,804,Bernie Sanders Donald Trump,0
Richard Nixon,804,Bernie Sanders George W. Bush,1
Richard Nixon,804,Bernie Sanders Hillary Clinton,0
Richard Nixon,804,Bernie Sanders Joe Biden,0
Richard Nixon,804,Bernie Sanders Ronald Reagan,0
Richard Nixon,804,Donald Trump Elizabeth Warren,0
Richard Nixon,804,Donald Trump George W. Bush,0
Richard Nixon,804,Donald Trump Hillary Clinton,0
Richard Nixon,804,Donald Trump Joe Biden,0
Richard Nixon,804,Donald Trump Ronald Reagan,0
Richard Nixon,804,Elizabeth Warren George W. Bush,0
Richard Nixon,804,Elizabeth Warren Hillary Clinton,0
Richard Nixon,804,Elizabeth Warren Joe Biden,0
Richard Nixon,804,Elizabeth Warren Ronald Reagan,0
Richard Nixon,804,George W. Bush Hillary Clinton,0
Richard Nixon,804,George W. Bush Joe Biden,0
Richard Nixon,804,Hillary Clinton Joe Biden,0
Richard Nixon,804,Hillary Clinton Ronald Reagan,0
Richard Nixon,804,Joe Biden Ronald Reagan,0
Abraham Lincoln,805,Barack Obama Bernie Sanders,0
Abraham Lincoln,805,Barack Obama Donald Trump,0
Abraham Lincoln,805,Barack Obama Elizabeth Warren,0
Abraham Lincoln,805,Barack Obama George W. Bush,0
Abraham Lincoln,805,Barack Obama Hillary Clinton,0
Abraham Lincoln,805,Barack Obama Joe Biden,0
Abraham Lincoln,805,Barack Obama Richard Nixon,0
Abraham Lincoln,805,Barack Obama Ronald Reagan,0
Abraham Lincoln,805,Bernie Sanders Donald Trump,0
Abraham Lincoln,805,Bernie Sanders Elizabeth Warren,0
Abraham Lincoln,805,Bernie Sanders George W. Bush,0
Abraham Lincoln,805,Bernie Sanders Hillary Clinton,0
Abraham Lincoln,805,Bernie Sanders Joe Biden,0
Abraham Lincoln,805,Bernie Sanders Richard Nixon,0
Abraham Lincoln,805,Bernie Sanders Ronald Reagan,0
Abraham Lincoln,805,Donald Trump Elizabeth Warren,0
Abraham Lincoln,805,Donald Trump George W. Bush,0
Abraham Lincoln,805,Donald Trump Hillary Clinton,0
Abraham Lincoln,805,Donald Trump Joe Biden,0
Abraham Lincoln,805,Donald Trump Richard Nixon,0
Abraham Lincoln,805,Donald Trump Ronald Reagan,0
Abraham Lincoln,805,Elizabeth Warren George W. Bush,0
Abraham Lincoln,805,Elizabeth Warren Hillary Clinton,0
Abraham Lincoln,805,Elizabeth Warren Joe Biden,0
Abraham Lincoln,805,Elizabeth Warren Richard Nixon,0
Abraham Lincoln,805,Elizabeth Warren Ronald Reagan,0
Abraham Lincoln,805,George W. Bush Hillary Clinton,0
Abraham Lincoln,805,George W. Bush Joe Biden,0
Abraham Lincoln,805,George W. Bush Richard Nixon,0
Abraham Lincoln,805,George W. Bush Ronald Reagan,0
Abraham Lincoln,805,Hillary Clinton Joe Biden,0
Abraham Lincoln,805,Hillary Clinton Richard Nixon,0
Abraham Lincoln,805,Hillary Clinton Ronald Reagan,0
Abraham Lincoln,805,Joe Biden Richard Nixon,0
Abraham Lincoln,805,Joe Biden Ronald Reagan,0
Abraham Lincoln,805,Richard Nixon Ronald Reagan,1
Donald Trump,806,Abraham Lincoln Barack Obama,0
Donald Trump,806,Abraham Lincoln Bernie Sanders,0
Donald Trump,806,Abraham Lincoln Elizabeth Warren,0
Donald Trump,806,Abraham Lincoln George W. Bush,0
Donald Trump,806,Abraham Lincoln Hillary Clinton,0
Donald Trump,806,Abraham Lincoln Joe Biden,0
Donald Trump,806,Abraham Lincoln Richard Nixon,0
Donald Trump,806,Abraham Lincoln Ronald Reagan,0
Donald Trump,806,Barack Obama Bernie Sanders,0
Donald Trump,806,Barack Obama Elizabeth Warren,0
Donald Trump,806,Barack Obama George W. Bush,0
Donald Trump,806,Barack Obama Joe Biden,0
Donald Trump,806,Barack Obama Richard Nixon,0
Donald Trump,806,Barack Obama Ronald Reagan,0
Donald Trump,806,Bernie Sanders Elizabeth Warren,0
Donald Trump,806,Bernie Sanders George W. Bush,0
Donald Trump,806,Bernie Sanders Hillary Clinton,0
Donald Trump,806,Bernie Sanders Joe Biden,0
Donald Trump,806,Bernie Sanders Richard Nixon,0
Donald Trump,806,Bernie Sanders Ronald Reagan,0
Donald Trump,806,Elizabeth Warren George W. Bush,0
Donald Trump,806,Elizabeth Warren Joe Biden,1
Donald Trump,806,Elizabeth Warren Richard Nixon,1
Donald Trump,806,Elizabeth Warren Ronald Reagan,0
Donald Trump,806,George W. Bush Hillary Clinton,0
Donald Trump,806,George W. Bush Joe Biden,0
Donald Trump,806,George W. Bush Richard Nixon,1
Donald Trump,806,George W. Bush Ronald Reagan,0
Donald Trump,806,Hillary Clinton Joe Biden,0
Donald Trump,806,Hillary Clinton Richard Nixon,1
Donald Trump,806,Hillary Clinton Ronald Reagan,0
Donald Trump,806,Joe Biden Richard Nixon,0
Donald Trump,806,Joe Biden Ronald Reagan,0
Donald Trump,806,Richard Nixon Ronald Reagan,0
Richard Nixon,807,Abraham Lincoln Bernie Sanders,0
Richard Nixon,807,Abraham Lincoln Donald Trump,0
Richard Nixon,807,Abraham Lincoln Elizabeth Warren,0
Richard Nixon,807,Abraham Lincoln George W. Bush,0
Richard Nixon,807,Abraham Lincoln Hillary Clinton,0
Richard Nixon,807,Abraham Lincoln Joe Biden,0
Richard Nixon,807,Abraham Lincoln Ronald Reagan,0
Richard Nixon,807,Barack Obama Bernie Sanders,0
Richard Nixon,807,Barack Obama Donald Trump,0
Richard Nixon,807,Barack Obama Elizabeth Warren,0
Richard Nixon,807,Barack Obama George W. Bush,0
Richard Nixon,807,Barack Obama Hillary Clinton,0
Richard Nixon,807,Barack Obama Joe Biden,0
Richard Nixon,807,Barack Obama Ronald Reagan,1
Richard Nixon,807,Bernie Sanders Donald Trump,0
Richard Nixon,807,Bernie Sanders Elizabeth Warren,0
Richard Nixon,807,Bernie Sanders George W. Bush,0
Richard Nixon,807,Bernie Sanders Hillary Clinton,1
Richard Nixon,807,Bernie Sanders Joe Biden,0
Richard Nixon,807,Bernie Sanders Ronald Reagan,0
Richard Nixon,807,Donald Trump Elizabeth Warren,0
Richard Nixon,807,Donald Trump George W. Bush,0
Richard Nixon,807,Donald Trump Hillary Clinton,0
Richard Nixon,807,Donald Trump Joe Biden,0
Richard Nixon,807,Donald Trump Ronald Reagan,0
Richard Nixon,807,Elizabeth Warren George W. Bush,0
Richard Nixon,807,Elizabeth Warren Hillary Clinton,0
Richard Nixon,807,Elizabeth Warren Joe Biden,0
Richard Nixon,807,Elizabeth Warren Ronald Reagan,0
Richard Nixon,807,George W. Bush Hillary Clinton,0
Richard Nixon,807,George W. Bush Joe Biden,0
Richard Nixon,807,George W. Bush Ronald Reagan,0
Richard Nixon,807,Hillary Clinton Ronald Reagan,1
Richard Nixon,807,Joe Biden Ronald Reagan,0
Donald Trump,808,Abraham Lincoln Barack Obama,0
Donald Trump,808,Abraham Lincoln Bernie Sanders,0
Donald Trump,808,Abraham Lincoln Elizabeth Warren,0
Donald Trump,808,Abraham Lincoln George W. Bush,0
Donald Trump,808,Abraham Lincoln Hillary Clinton,0
Donald Trump,808,Abraham Lincoln Joe Biden,0
Donald Trump,808,Abraham Lincoln Richard Nixon,0
Donald Trump,808,Abraham Lincoln Ronald Reagan,0
Donald Trump,808,Barack Obama Bernie Sanders,0
Donald Trump,808,Barack Obama Elizabeth Warren,0
Donald Trump,808,Barack Obama George W. Bush,0
Donald Trump,808,Barack Obama Hillary Clinton,0
Donald Trump,808,Barack Obama Joe Biden,1
Donald Trump,808,Barack Obama Richard Nixon,0
Donald Trump,808,Barack Obama Ronald Reagan,0
Donald Trump,808,Bernie Sanders Elizabeth Warren,0
Donald Trump,808,Bernie Sanders George W. Bush,0
Donald Trump,808,Bernie Sanders Hillary Clinton,0
Donald Trump,808,Bernie Sanders Joe Biden,0
Donald Trump,808,Bernie Sanders Richard Nixon,0
Donald Trump,808,Bernie Sanders Ronald Reagan,0
Donald Trump,808,Elizabeth Warren George W. Bush,0
Donald Trump,808,Elizabeth Warren Hillary Clinton,0
Donald Trump,808,Elizabeth Warren Joe Biden,0
Donald Trump,808,Elizabeth Warren Richard Nixon,1
Donald Trump,808,Elizabeth Warren Ronald Reagan,0
Donald Trump,808,George W. Bush Joe Biden,0
Donald Trump,808,George W. Bush Richard Nixon,0
Donald Trump,808,George W. Bush Ronald Reagan,0
Donald Trump,808,Hillary Clinton Joe Biden,0
Donald Trump,808,Hillary Clinton Richard Nixon,0
Donald Trump,808,Hillary Clinton Ronald Reagan,0
Donald Trump,808,Joe Biden Richard Nixon,0
Donald Trump,808,Joe Biden Ronald Reagan,0
Donald Trump,808,Richard Nixon Ronald Reagan,0
Ronald Reagan,809,Abraham Lincoln Barack Obama,0
Ronald Reagan,809,Abraham Lincoln Bernie Sanders,0
Ronald Reagan,809,Abraham Lincoln Donald Trump,0
Ronald Reagan,809,Abraham Lincoln Elizabeth Warren,0
Ronald Reagan,809,Abraham Lincoln George W. Bush,0
Ronald Reagan,809,Abraham Lincoln Hillary Clinton,0
Ronald Reagan,809,Abraham Lincoln Joe Biden,0
Ronald Reagan,809,Abraham Lincoln Richard Nixon,0
Ronald Reagan,809,Barack Obama Donald Trump,0
Ronald Reagan,809,Barack Obama Elizabeth Warren,0
Ronald Reagan,809,Barack Obama George W. Bush,1
Ronald Reagan,809,Barack Obama Hillary Clinton,0
Ronald Reagan,809,Barack Obama Joe Biden,0
Ronald Reagan,809,Barack Obama Richard Nixon,0
Ronald Reagan,809,Bernie Sanders Donald Trump,0
Ronald Reagan,809,Bernie Sanders Elizabeth Warren,0
Ronald Reagan,809,Bernie Sanders George W. Bush,0
Ronald Reagan,809,Bernie Sanders Hillary Clinton,1
Ronald Reagan,809,Bernie Sanders Joe Biden,0
Ronald Reagan,809,Bernie Sanders Richard Nixon,0
Ronald Reagan,809,Donald Trump Elizabeth Warren,0
Ronald Reagan,809,Donald Trump Joe Biden,0
Ronald Reagan,809,Donald Trump Richard Nixon,0
Ronald Reagan,809,Elizabeth Warren George W. Bush,0
Ronald Reagan,809,Elizabeth Warren Hillary Clinton,0
Ronald Reagan,809,Elizabeth Warren Joe Biden,0
Ronald Reagan,809,George W. Bush Hillary Clinton,0
Ronald Reagan,809,George W. Bush Joe Biden,0
Ronald Reagan,809,Hillary Clinton Richard Nixon,1
Ronald Reagan,809,Joe Biden Richard Nixon,0
Bernie Sanders,810,Abraham Lincoln Barack Obama,0
Bernie Sanders,810,Abraham Lincoln Donald Trump,0
Bernie Sanders,810,Abraham Lincoln Elizabeth Warren,0
Bernie Sanders,810,Abraham Lincoln George W. Bush,0
Bernie Sanders,810,Abraham Lincoln Hillary Clinton,0
Bernie Sanders,810,Abraham Lincoln Joe Biden,0
Bernie Sanders,810,Abraham Lincoln Richard Nixon,0
Bernie Sanders,810,Abraham Lincoln Ronald Reagan,0
Bernie Sanders,810,Barack Obama Donald Trump,0
Bernie Sanders,810,Barack Obama Elizabeth Warren,0
Bernie Sanders,810,Barack Obama George W. Bush,0
Bernie Sanders,810,Barack Obama Hillary Clinton,0
Bernie Sanders,810,Barack Obama Richard Nixon,0
Bernie Sanders,810,Barack Obama Ronald Reagan,0
Bernie Sanders,810,Donald Trump Elizabeth Warren,0
Bernie Sanders,810,Donald Trump George W. Bush,0
Bernie Sanders,810,Donald Trump Hillary Clinton,0
Bernie Sanders,810,Donald Trump Joe Biden,0
Bernie Sanders,810,Donald Trump Richard Nixon,0
Bernie Sanders,810,Elizabeth Warren George W. Bush,0
Bernie Sanders,810,Elizabeth Warren Hillary Clinton,0
Bernie Sanders,810,Elizabeth Warren Joe Biden,0
Bernie Sanders,810,Elizabeth Warren Richard Nixon,0
Bernie Sanders,810,Elizabeth Warren Ronald Reagan,0
Bernie Sanders,810,George W. Bush Hillary Clinton,0
Bernie Sanders,810,George W. Bush Joe Biden,1
Bernie Sanders,810,George W. Bush Richard Nixon,0
Bernie Sanders,810,George W. Bush Ronald Reagan,0
Bernie Sanders,810,Hillary Clinton Joe Biden,0
Bernie Sanders,810,Hillary Clinton Richard Nixon,1
Bernie Sanders,810,Hillary Clinton Ronald Reagan,0
Bernie Sanders,810,Joe Biden Richard Nixon,0
Bernie Sanders,810,Joe Biden Ronald Reagan,0
Bernie Sanders,810,Richard Nixon Ronald Reagan,0
Richard Nixon,811,Abraham Lincoln Barack Obama,0
Richard Nixon,811,Abraham Lincoln Bernie Sanders,0
Richard Nixon,811,Abraham Lincoln Donald Trump,0
Richard Nixon,811,Abraham Lincoln Elizabeth Warren,0
Richard Nixon,811,Abraham Lincoln Hillary Clinton,0
Richard Nixon,811,Abraham Lincoln Ronald Reagan,0
Richard Nixon,811,Barack Obama Bernie Sanders,0
Richard Nixon,811,Barack Obama Elizabeth Warren,0
Richard Nixon,811,Barack Obama George W. Bush,0
Richard Nixon,811,Barack Obama Hillary Clinton,0
Richard Nixon,811,Barack Obama Joe Biden,0
Richard Nixon,811,Barack Obama Ronald Reagan,0
Richard Nixon,811,Bernie Sanders Donald Trump,0
Richard Nixon,811,Bernie Sanders Elizabeth Warren,0
Richard Nixon,811,Bernie Sanders George W. Bush,0
Richard Nixon,811,Bernie Sanders Hillary Clinton,0
Richard Nixon,811,Bernie Sanders Joe Biden,0
Richard Nixon,811,Bernie Sanders Ronald Reagan,1
Richard Nixon,811,Donald Trump Elizabeth Warren,0
Richard Nixon,811,Donald Trump George W. Bush,0
Richard Nixon,811,Donald Trump Hillary Clinton,0
Richard Nixon,811,Donald Trump Ronald Reagan,0
Richard Nixon,811,Elizabeth Warren George W. Bush,0
Richard Nixon,811,Elizabeth Warren Joe Biden,0
Richard Nixon,811,Elizabeth Warren Ronald Reagan,0
Richard Nixon,811,George W. Bush Hillary Clinton,0
Richard Nixon,811,George W. Bush Joe Biden,0
Richard Nixon,811,George W. Bush Ronald Reagan,0
Richard Nixon,811,Hillary Clinton Joe Biden,0
Richard Nixon,811,Hillary Clinton Ronald Reagan,0
Richard Nixon,811,Joe Biden Ronald Reagan,0
Barack Obama,812,Abraham Lincoln Bernie Sanders,0
Barack Obama,812,Abraham Lincoln Donald Trump,0
Barack Obama,812,Abraham Lincoln Elizabeth Warren,0
Barack Obama,812,Abraham Lincoln George W. Bush,0
Barack Obama,812,Abraham Lincoln Hillary Clinton,0
Barack Obama,812,Abraham Lincoln Joe Biden,0
Barack Obama,812,Abraham Lincoln Richard Nixon,0
Barack Obama,812,Abraham Lincoln Ronald Reagan,0
Barack Obama,812,Bernie Sanders Donald Trump,0
Barack Obama,812,Bernie Sanders Elizabeth Warren,0
Barack Obama,812,Bernie Sanders George W. Bush,0
Barack Obama,812,Bernie Sanders Hillary Clinton,0
Barack Obama,812,Bernie Sanders Joe Biden,0
Barack Obama,812,Bernie Sanders Richard Nixon,0
Barack Obama,812,Bernie Sanders Ronald Reagan,0
Barack Obama,812,Donald Trump Elizabeth Warren,0
Barack Obama,812,Donald Trump George W. Bush,0
Barack Obama,812,Donald Trump Hillary Clinton,0
Barack Obama,812,Donald Trump Joe Biden,0
Barack Obama,812,Donald Trump Richard Nixon,0
Barack Obama,812,Donald Trump Ronald Reagan,0
Barack Obama,812,Elizabeth Warren George W. Bush,0
Barack Obama,812,Elizabeth Warren Hillary Clinton,0
Barack Obama,812,Elizabeth Warren Joe Biden,0
Barack Obama,812,Elizabeth Warren Richard Nixon,0
Barack Obama,812,Elizabeth Warren Ronald Reagan,0
Barack Obama,812,George W. Bush Hillary Clinton,0
Barack Obama,812,George W. Bush Joe Biden,0
Barack Obama,812,George W. Bush Ronald Reagan,0
Barack Obama,812,Hillary Clinton Joe Biden,0
Barack Obama,812,Hillary Clinton Richard Nixon,0
Barack Obama,812,Hillary Clinton Ronald Reagan,0
Barack Obama,812,Joe Biden Richard Nixon,0
Barack Obama,812,Joe Biden Ronald Reagan,0
Barack Obama,812,Richard Nixon Ronald Reagan,0
Donald Trump,813,Abraham Lincoln Barack Obama,0
Donald Trump,813,Abraham Lincoln Bernie Sanders,0
Donald Trump,813,Abraham Lincoln Elizabeth Warren,0
Donald Trump,813,Abraham Lincoln George W. Bush,0
Donald Trump,813,Abraham Lincoln Hillary Clinton,0
Donald Trump,813,Abraham Lincoln Joe Biden,0
Donald Trump,813,Abraham Lincoln Richard Nixon,0
Donald Trump,813,Abraham Lincoln Ronald Reagan,0
Donald Trump,813,Barack Obama Bernie Sanders,0
Donald Trump,813,Barack Obama Elizabeth Warren,0
Donald Trump,813,Barack Obama George W. Bush,1
Donald Trump,813,Barack Obama Hillary Clinton,0
Donald Trump,813,Barack Obama Joe Biden,0
Donald Trump,813,Barack Obama Richard Nixon,0
Donald Trump,813,Barack Obama Ronald Reagan,0
Donald Trump,813,Bernie Sanders Elizabeth Warren,0
Donald Trump,813,Bernie Sanders George W. Bush,0
Donald Trump,813,Bernie Sanders Hillary Clinton,0
Donald Trump,813,Bernie Sanders Joe Biden,0
Donald Trump,813,Bernie Sanders Richard Nixon,0
Donald Trump,813,Bernie Sanders Ronald Reagan,0
Donald Trump,813,Elizabeth Warren George W. Bush,0
Donald Trump,813,Elizabeth Warren Hillary Clinton,0
Donald Trump,813,Elizabeth Warren Joe Biden,0
Donald Trump,813,Elizabeth Warren Richard Nixon,0
Donald Trump,813,Elizabeth Warren Ronald Reagan,0
Donald Trump,813,George W. Bush Hillary Clinton,0
Donald Trump,813,George W. Bush Joe Biden,0
Donald Trump,813,George W. Bush Richard Nixon,0
Donald Trump,813,George W. Bush Ronald Reagan,0
Donald Trump,813,Hillary Clinton Joe Biden,0
Donald Trump,813,Hillary Clinton Richard Nixon,0
Donald Trump,813,Joe Biden Richard Nixon,0
Donald Trump,813,Joe Biden Ronald Reagan,0
Donald Trump,813,Richard Nixon Ronald Reagan,0
George W. Bush,814,Abraham Lincoln Barack Obama,0
George W. Bush,814,Abraham Lincoln Bernie Sanders,0
George W. Bush,814,Abraham Lincoln Donald Trump,0
George W. Bush,814,Abraham Lincoln Elizabeth Warren,0
George W. Bush,814,Abraham Lincoln Hillary Clinton,0
George W. Bush,814,Abraham Lincoln Joe Biden,0
George W. Bush,814,Abraham Lincoln Richard Nixon,0
George W. Bush,814,Abraham Lincoln Ronald Reagan,0
George W. Bush,814,Barack Obama Bernie Sanders,0
George W. Bush,814,Barack Obama Donald Trump,0
George W. Bush,814,Barack Obama Elizabeth Warren,0
George W. Bush,814,Barack Obama Hillary Clinton,0
George W. Bush,814,Barack Obama Richard Nixon,1
George W. Bush,814,Barack Obama Ronald Reagan,1
George W. Bush,814,Bernie Sanders Donald Trump,0
George W. Bush,814,Bernie Sanders Hillary Clinton,0
George W. Bush,814,Bernie Sanders Joe Biden,0
George W. Bush,814,Bernie Sanders Richard Nixon,0
George W. Bush,814,Bernie Sanders Ronald Reagan,0
George W. Bush,814,Donald Trump Elizabeth Warren,0
George W. Bush,814,Donald Trump Hillary Clinton,1
George W. Bush,814,Donald Trump Joe Biden,0
George W. Bush,814,Donald Trump Richard Nixon,0
George W. Bush,814,Donald Trump Ronald Reagan,0
George W. Bush,814,Elizabeth Warren Hillary Clinton,1
George W. Bush,814,Elizabeth Warren Joe Biden,0
George W. Bush,814,Elizabeth Warren Richard Nixon,0
George W. Bush,814,Elizabeth Warren Ronald Reagan,0
George W. Bush,814,Hillary Clinton Joe Biden,0
George W. Bush,814,Hillary Clinton Richard Nixon,0
George W. Bush,814,Hillary Clinton Ronald Reagan,0
George W. Bush,814,Joe Biden Richard Nixon,0
George W. Bush,814,Joe Biden Ronald Reagan,0
George W. Bush,814,Richard Nixon Ronald Reagan,0
Barack Obama,815,Abraham Lincoln Bernie Sanders,0
Barack Obama,815,Abraham Lincoln Donald Trump,0
Barack Obama,815,Abraham Lincoln Elizabeth Warren,0
Barack Obama,815,Abraham Lincoln George W. Bush,0
Barack Obama,815,Abraham Lincoln Hillary Clinton,0
Barack Obama,815,Abraham Lincoln Joe Biden,0
Barack Obama,815,Abraham Lincoln Richard Nixon,0
Barack Obama,815,Abraham Lincoln Ronald Reagan,0
Barack Obama,815,Bernie Sanders Donald Trump,0
Barack Obama,815,Bernie Sanders Elizabeth Warren,0
Barack Obama,815,Bernie Sanders George W. Bush,1
Barack Obama,815,Bernie Sanders Hillary Clinton,0
Barack Obama,815,Bernie Sanders Joe Biden,0
Barack Obama,815,Bernie Sanders Richard Nixon,0
Barack Obama,815,Bernie Sanders Ronald Reagan,0
Barack Obama,815,Donald Trump Elizabeth Warren,0
Barack Obama,815,Donald Trump George W. Bush,0
Barack Obama,815,Donald Trump Hillary Clinton,0
Barack Obama,815,Donald Trump Joe Biden,0
Barack Obama,815,Elizabeth Warren George W. Bush,0
Barack Obama,815,Elizabeth Warren Hillary Clinton,0
Barack Obama,815,Elizabeth Warren Joe Biden,0
Barack Obama,815,Elizabeth Warren Richard Nixon,0
Barack Obama,815,Elizabeth Warren Ronald Reagan,0
Barack Obama,815,George W. Bush Hillary Clinton,0
Barack Obama,815,George W. Bush Joe Biden,0
Barack Obama,815,George W. Bush Richard Nixon,0
Barack Obama,815,George W. Bush Ronald Reagan,0
Barack Obama,815,Hillary Clinton Joe Biden,0
Barack Obama,815,Hillary Clinton Richard Nixon,0
Barack Obama,815,Hillary Clinton Ronald Reagan,1
Barack Obama,815,Joe Biden Richard Nixon,0
Barack Obama,815,Joe Biden Ronald Reagan,0
Barack Obama,815,Richard Nixon Ronald Reagan,0
Joe Biden,816,Abraham Lincoln Barack Obama,0
Joe Biden,816,Abraham Lincoln Bernie Sanders,0
Joe Biden,816,Abraham Lincoln Donald Trump,0
Joe Biden,816,Abraham Lincoln Elizabeth Warren,0
Joe Biden,816,Abraham Lincoln George W. Bush,0
Joe Biden,816,Abraham Lincoln Hillary Clinton,0
Joe Biden,816,Abraham Lincoln Richard Nixon,0
Joe Biden,816,Abraham Lincoln Ronald Reagan,0
Joe Biden,816,Barack Obama Bernie Sanders,0
Joe Biden,816,Barack Obama Donald Trump,0
Joe Biden,816,Barack Obama Elizabeth Warren,0
Joe Biden,816,Barack Obama George W. Bush,0
Joe Biden,816,Barack Obama Hillary Clinton,1
Joe Biden,816,Barack Obama Richard Nixon,0
Joe Biden,816,Barack Obama Ronald Reagan,0
Joe Biden,816,Bernie Sanders Donald Trump,0
Joe Biden,816,Bernie Sanders Elizabeth Warren,0
Joe Biden,816,Bernie Sanders George W. Bush,0
Joe Biden,816,Bernie Sanders Hillary Clinton,0
Joe Biden,816,Bernie Sanders Richard Nixon,0
Joe Biden,816,Bernie Sanders Ronald Reagan,0
Joe Biden,816,Donald Trump Elizabeth Warren,1
Joe Biden,816,Donald Trump George W. Bush,0
Joe Biden,816,Donald Trump Hillary Clinton,0
Joe Biden,816,Donald Trump Richard Nixon,0
Joe Biden,816,Donald Trump Ronald Reagan,0
Joe Biden,816,Elizabeth Warren George W. Bush,1
Joe Biden,816,Elizabeth Warren Hillary Clinton,0
Joe Biden,816,Elizabeth Warren Richard Nixon,0
Joe Biden,816,Elizabeth Warren Ronald Reagan,0
Joe Biden,816,George W. Bush Hillary Clinton,0
Joe Biden,816,George W. Bush Richard Nixon,0
Joe Biden,816,George W. Bush Ronald Reagan,0
Joe Biden,816,Hillary Clinton Richard Nixon,0
Joe Biden,816,Hillary Clinton Ronald Reagan,1
Joe Biden,816,Richard Nixon Ronald Reagan,0
Joe Biden,817,Abraham Lincoln Barack Obama,0
Joe Biden,817,Abraham Lincoln Bernie Sanders,0
Joe Biden,817,Abraham Lincoln Donald Trump,0
Joe Biden,817,Abraham Lincoln Elizabeth Warren,0
Joe Biden,817,Abraham Lincoln George W. Bush,0
Joe Biden,817,Abraham Lincoln Hillary Clinton,0
Joe Biden,817,Abraham Lincoln Richard Nixon,0
Joe Biden,817,Abraham Lincoln Ronald Reagan,1
Joe Biden,817,Barack Obama Bernie Sanders,0
Joe Biden,817,Barack Obama Donald Trump,0
Joe Biden,817,Barack Obama Elizabeth Warren,0
Joe Biden,817,Barack Obama George W. Bush,0
Joe Biden,817,Barack Obama Hillary Clinton,0
Joe Biden,817,Barack Obama Richard Nixon,0
Joe Biden,817,Barack Obama Ronald Reagan,0
Joe Biden,817,Bernie Sanders Donald Trump,0
Joe Biden,817,Bernie Sanders Elizabeth Warren,0
Joe Biden,817,Bernie Sanders Hillary Clinton,0
Joe Biden,817,Bernie Sanders Richard Nixon,0
Joe Biden,817,Bernie Sanders Ronald Reagan,0
Joe Biden,817,Donald Trump Elizabeth Warren,0
Joe Biden,817,Donald Trump George W. Bush,0
Joe Biden,817,Donald Trump Hillary Clinton,1
Joe Biden,817,Donald Trump Richard Nixon,0
Joe Biden,817,Donald Trump Ronald Reagan,0
Joe Biden,817,Elizabeth Warren George W. Bush,0
Joe Biden,817,Elizabeth Warren Hillary Clinton,0
Joe Biden,817,Elizabeth Warren Ronald Reagan,0
Joe Biden,817,George W. Bush Hillary Clinton,0
Joe Biden,817,George W. Bush Richard Nixon,0
Joe Biden,817,George W. Bush Ronald Reagan,0
Joe Biden,817,Hillary Clinton Richard Nixon,0
Joe Biden,817,Hillary Clinton Ronald Reagan,0
Joe Biden,817,Richard Nixon Ronald Reagan,0
Abraham Lincoln,818,Barack Obama Bernie Sanders,0
Abraham Lincoln,818,Barack Obama Donald Trump,0
Abraham Lincoln,818,Barack Obama Elizabeth Warren,0
Abraham Lincoln,818,Barack Obama George W. Bush,0
Abraham Lincoln,818,Barack Obama Hillary Clinton,0
Abraham Lincoln,818,Barack Obama Joe Biden,0
Abraham Lincoln,818,Barack Obama Richard Nixon,0
Abraham Lincoln,818,Barack Obama Ronald Reagan,1
Abraham Lincoln,818,Bernie Sanders Donald Trump,0
Abraham Lincoln,818,Bernie Sanders Elizabeth Warren,0
Abraham Lincoln,818,Bernie Sanders George W. Bush,0
Abraham Lincoln,818,Bernie Sanders Hillary Clinton,0
Abraham Lincoln,818,Bernie Sanders Richard Nixon,0
Abraham Lincoln,818,Bernie Sanders Ronald Reagan,0
Abraham Lincoln,818,Donald Trump Elizabeth Warren,0
Abraham Lincoln,818,Donald Trump Hillary Clinton,0
Abraham Lincoln,818,Donald Trump Joe Biden,0
Abraham Lincoln,818,Donald Trump Richard Nixon,0
Abraham Lincoln,818,Donald Trump Ronald Reagan,0
Abraham Lincoln,818,Elizabeth Warren George W. Bush,0
Abraham Lincoln,818,Elizabeth Warren Hillary Clinton,0
Abraham Lincoln,818,Elizabeth Warren Joe Biden,0
Abraham Lincoln,818,Elizabeth Warren Richard Nixon,0
Abraham Lincoln,818,Elizabeth Warren Ronald Reagan,0
Abraham Lincoln,818,George W. Bush Hillary Clinton,0
Abraham Lincoln,818,George W. Bush Joe Biden,0
Abraham Lincoln,818,George W. Bush Richard Nixon,0
Abraham Lincoln,818,George W. Bush Ronald Reagan,0
Abraham Lincoln,818,Hillary Clinton Joe Biden,0
Abraham Lincoln,818,Hillary Clinton Richard Nixon,0
Abraham Lincoln,818,Hillary Clinton Ronald Reagan,0
Abraham Lincoln,818,Joe Biden Richard Nixon,0
Abraham Lincoln,818,Joe Biden Ronald Reagan,0
Abraham Lincoln,818,Richard Nixon Ronald Reagan,0
Bernie Sanders,819,Abraham Lincoln Barack Obama,0
Bernie Sanders,819,Abraham Lincoln Donald Trump,0
Bernie Sanders,819,Abraham Lincoln Elizabeth Warren,0
Bernie Sanders,819,Abraham Lincoln George W. Bush,0
Bernie Sanders,819,Abraham Lincoln Hillary Clinton,0
Bernie Sanders,819,Abraham Lincoln Joe Biden,1
Bernie Sanders,819,Abraham Lincoln Richard Nixon,0
Bernie Sanders,819,Abraham Lincoln Ronald Reagan,0
Bernie Sanders,819,Barack Obama Donald Trump,0
Bernie Sanders,819,Barack Obama Elizabeth Warren,0
Bernie Sanders,819,Barack Obama Hillary Clinton,0
Bernie Sanders,819,Barack Obama Joe Biden,0
Bernie Sanders,819,Barack Obama Richard Nixon,0
Bernie Sanders,819,Barack Obama Ronald Reagan,0
Bernie Sanders,819,Donald Trump George W. Bush,0
Bernie Sanders,819,Donald Trump Hillary Clinton,0
Bernie Sanders,819,Donald Trump Joe Biden,0
Bernie Sanders,819,Donald Trump Ronald Reagan,0
Bernie Sanders,819,Elizabeth Warren George W. Bush,0
Bernie Sanders,819,Elizabeth Warren Hillary Clinton,0
Bernie Sanders,819,Elizabeth Warren Joe Biden,0
Bernie Sanders,819,Elizabeth Warren Richard Nixon,0
Bernie Sanders,819,Elizabeth Warren Ronald Reagan,0
Bernie Sanders,819,George W. Bush Hillary Clinton,0
Bernie Sanders,819,George W. Bush Joe Biden,0
Bernie Sanders,819,George W. Bush Richard Nixon,0
Bernie Sanders,819,George W. Bush Ronald Reagan,0
Bernie Sanders,819,Hillary Clinton Joe Biden,0
Bernie Sanders,819,Hillary Clinton Richard Nixon,0
Bernie Sanders,819,Hillary Clinton Ronald Reagan,0
Bernie Sanders,819,Joe Biden Richard Nixon,0
Bernie Sanders,819,Joe Biden Ronald Reagan,0
Bernie Sanders,819,Richard Nixon Ronald Reagan,0
Ronald Reagan,820,Abraham Lincoln Barack Obama,0
Ronald Reagan,820,Abraham Lincoln Bernie Sanders,0
Ronald Reagan,820,Abraham Lincoln Donald Trump,0
Ronald Reagan,820,Abraham Lincoln Elizabeth Warren,0
Ronald Reagan,820,Abraham Lincoln George W. Bush,0
Ronald Reagan,820,Abraham Lincoln Hillary Clinton,0
Ronald Reagan,820,Abraham Lincoln Joe Biden,0
Ronald Reagan,820,Abraham Lincoln Richard Nixon,0
Ronald Reagan,820,Barack Obama Bernie Sanders,0
Ronald Reagan,820,Barack Obama Donald Trump,0
Ronald Reagan,820,Barack Obama Elizabeth Warren,0
Ronald Reagan,820,Barack Obama George W. Bush,0
Ronald Reagan,820,Barack Obama Hillary Clinton,0
Ronald Reagan,820,Barack Obama Richard Nixon,0
Ronald Reagan,820,Bernie Sanders Donald Trump,0
Ronald Reagan,820,Bernie Sanders Elizabeth Warren,0
Ronald Reagan,820,Bernie Sanders George W. Bush,1
Ronald Reagan,820,Bernie Sanders Hillary Clinton,0
Ronald Reagan,820,Bernie Sanders Joe Biden,0
Ronald Reagan,820,Bernie Sanders Richard Nixon,0
Ronald Reagan,820,Donald Trump Elizabeth Warren,0
Ronald Reagan,820,Donald Trump George W. Bush,0
Ronald Reagan,820,Donald Trump Hillary Clinton,0
Ronald Reagan,820,Donald Trump Joe Biden,0
Ronald Reagan,820,Donald Trump Richard Nixon,0
Ronald Reagan,820,Elizabeth Warren George W. Bush,0
Ronald Reagan,820,Elizabeth Warren Hillary Clinton,0
Ronald Reagan,820,Elizabeth Warren Joe Biden,0
Ronald Reagan,820,Elizabeth Warren Richard Nixon,0
Ronald Reagan,820,George W. Bush Hillary Clinton,0
Ronald Reagan,820,George W. Bush Joe Biden,0
Ronald Reagan,820,George W. Bush Richard Nixon,0
Ronald Reagan,820,Hillary Clinton Joe Biden,1
Ronald Reagan,820,Hillary Clinton Richard Nixon,0
Ronald Reagan,820,Joe Biden Richard Nixon,0
Richard Nixon,821,Abraham Lincoln Barack Obama,0
Richard Nixon,821,Abraham Lincoln Bernie Sanders,0
Richard Nixon,821,Abraham Lincoln Donald Trump,0
Richard Nixon,821,Abraham Lincoln Elizabeth Warren,0
Richard Nixon,821,Abraham Lincoln George W. Bush,0
Richard Nixon,821,Abraham Lincoln Hillary Clinton,0
Richard Nixon,821,Abraham Lincoln Joe Biden,0
Richard Nixon,821,Abraham Lincoln Ronald Reagan,1
Richard Nixon,821,Barack Obama Bernie Sanders,0
Richard Nixon,821,Barack Obama Donald Trump,0
Richard Nixon,821,Barack Obama Elizabeth Warren,0
Richard Nixon,821,Barack Obama George W. Bush,1
Richard Nixon,821,Barack Obama Hillary Clinton,0
Richard Nixon,821,Barack Obama Joe Biden,0
Richard Nixon,821,Barack Obama Ronald Reagan,0
Richard Nixon,821,Bernie Sanders Donald Trump,0
Richard Nixon,821,Bernie Sanders Elizabeth Warren,0
Richard Nixon,821,Bernie Sanders George W. Bush,0
Richard Nixon,821,Bernie Sanders Hillary Clinton,0
Richard Nixon,821,Bernie Sanders Joe Biden,0
Richard Nixon,821,Bernie Sanders Ronald Reagan,0
Richard Nixon,821,Donald Trump Elizabeth Warren,0
Richard Nixon,821,Donald Trump George W. Bush,0
Richard Nixon,821,Donald Trump Hillary Clinton,0
Richard Nixon,821,Donald Trump Joe Biden,1
Richard Nixon,821,Donald Trump Ronald Reagan,0
Richard Nixon,821,Elizabeth Warren George W. Bush,0
Richard Nixon,821,Elizabeth Warren Hillary Clinton,0
Richard Nixon,821,Elizabeth Warren Joe Biden,0
Richard Nixon,821,Elizabeth Warren Ronald Reagan,0
Richard Nixon,821,George W. Bush Hillary Clinton,1
Richard Nixon,821,George W. Bush Joe Biden,0
Richard Nixon,821,George W. Bush Ronald Reagan,0
Richard Nixon,821,Hillary Clinton Joe Biden,0
Richard Nixon,821,Hillary Clinton Ronald Reagan,0
Richard Nixon,821,Joe Biden Ronald Reagan,0
Elizabeth Warren,822,Abraham Lincoln Barack Obama,0
Elizabeth Warren,822,Abraham Lincoln Bernie Sanders,0
Elizabeth Warren,822,Abraham Lincoln Donald Trump,0
Elizabeth Warren,822,Abraham Lincoln Hillary Clinton,0
Elizabeth Warren,822,Abraham Lincoln Joe Biden,0
Elizabeth Warren,822,Abraham Lincoln Richard Nixon,0
Elizabeth Warren,822,Abraham Lincoln Ronald Reagan,0
Elizabeth Warren,822,Barack Obama Bernie Sanders,0
Elizabeth Warren,822,Barack Obama Donald Trump,0
Elizabeth Warren,822,Barack Obama George W. Bush,0
Elizabeth Warren,822,Barack Obama Hillary Clinton,1
Elizabeth Warren,822,Barack Obama Joe Biden,0
Elizabeth Warren,822,Barack Obama Richard Nixon,0
Elizabeth Warren,822,Bernie Sanders Donald Trump,0
Elizabeth Warren,822,Bernie Sanders George W. Bush,0
Elizabeth Warren,822,Bernie Sanders Joe Biden,0
Elizabeth Warren,822,Bernie Sanders Ronald Reagan,0
Elizabeth Warren,822,Donald Trump George W. Bush,0
Elizabeth Warren,822,Donald Trump Hillary Clinton,0
Elizabeth Warren,822,Donald Trump Joe Biden,0
Elizabeth Warren,822,Donald Trump Richard Nixon,0
Elizabeth Warren,822,Donald Trump Ronald Reagan,0
Elizabeth Warren,822,George W. Bush Hillary Clinton,0
Elizabeth Warren,822,George W. Bush Joe Biden,0
Elizabeth Warren,822,George W. Bush Richard Nixon,0
Elizabeth Warren,822,George W. Bush Ronald Reagan,0
Elizabeth Warren,822,Hillary Clinton Joe Biden,0
Elizabeth Warren,822,Hillary Clinton Richard Nixon,0
Elizabeth Warren,822,Hillary Clinton Ronald Reagan,0
Elizabeth Warren,822,Joe Biden Richard Nixon,0
Elizabeth Warren,822,Joe Biden Ronald Reagan,0
Elizabeth Warren,822,Richard Nixon Ronald Reagan,0
George W. Bush,823,Abraham Lincoln Bernie Sanders,0
George W. Bush,823,Abraham Lincoln Donald Trump,0
George W. Bush,823,Abraham Lincoln Elizabeth Warren,0
George W. Bush,823,Abraham Lincoln Hillary Clinton,0
George W. Bush,823,Abraham Lincoln Ronald Reagan,0
George W. Bush,823,Barack Obama Bernie Sanders,0
George W. Bush,823,Barack Obama Donald Trump,1
George W. Bush,823,Barack Obama Elizabeth Warren,0
George W. Bush,823,Barack Obama Hillary Clinton,0
George W. Bush,823,Barack Obama Joe Biden,0
George W. Bush,823,Barack Obama Richard Nixon,0
George W. Bush,823,Barack Obama Ronald Reagan,0
George W. Bush,823,Bernie Sanders Donald Trump,0
George W. Bush,823,Bernie Sanders Elizabeth Warren,0
George W. Bush,823,Bernie Sanders Hillary Clinton,0
George W. Bush,823,Bernie Sanders Joe Biden,0
George W. Bush,823,Bernie Sanders Richard Nixon,1
George W. Bush,823,Bernie Sanders Ronald Reagan,0
George W. Bush,823,Donald Trump Elizabeth Warren,0
George W. Bush,823,Donald Trump Hillary Clinton,0
George W. Bush,823,Donald Trump Richard Nixon,0
George W. Bush,823,Donald Trump Ronald Reagan,0
George W. Bush,823,Elizabeth Warren Hillary Clinton,0
George W. Bush,823,Elizabeth Warren Joe Biden,0
George W. Bush,823,Elizabeth Warren Richard Nixon,0
George W. Bush,823,Elizabeth Warren Ronald Reagan,0
George W. Bush,823,Hillary Clinton Joe Biden,0
George W. Bush,823,Hillary Clinton Richard Nixon,0
George W. Bush,823,Hillary Clinton Ronald Reagan,0
George W. Bush,823,Joe Biden Ronald Reagan,0
George W. Bush,823,Richard Nixon Ronald Reagan,0
Donald Trump,824,Abraham Lincoln Barack Obama,0
Donald Trump,824,Abraham Lincoln Bernie Sanders,0
Donald Trump,824,Abraham Lincoln Elizabeth Warren,0
Donald Trump,824,Abraham Lincoln George W. Bush,0
Donald Trump,824,Abraham Lincoln Hillary Clinton,0
Donald Trump,824,Abraham Lincoln Joe Biden,0
Donald Trump,824,Abraham Lincoln Richard Nixon,1
Donald Trump,824,Abraham Lincoln Ronald Reagan,0
Donald Trump,824,Barack Obama Bernie Sanders,0
Donald Trump,824,Barack Obama Elizabeth Warren,0
Donald Trump,824,Barack Obama George W. Bush,0
Donald Trump,824,Barack Obama Hillary Clinton,0
Donald Trump,824,Barack Obama Joe Biden,0
Donald Trump,824,Barack Obama Richard Nixon,1
Donald Trump,824,Barack Obama Ronald Reagan,0
Donald Trump,824,Bernie Sanders Elizabeth Warren,0
Donald Trump,824,Bernie Sanders George W. Bush,1
Donald Trump,824,Bernie Sanders Hillary Clinton,0
Donald Trump,824,Bernie Sanders Joe Biden,0
Donald Trump,824,Bernie Sanders Richard Nixon,0
Donald Trump,824,Bernie Sanders Ronald Reagan,1
Donald Trump,824,Elizabeth Warren George W. Bush,1
Donald Trump,824,Elizabeth Warren Hillary Clinton,0
Donald Trump,824,Elizabeth Warren Richard Nixon,0
Donald Trump,824,Elizabeth Warren Ronald Reagan,1
Donald Trump,824,George W. Bush Hillary Clinton,0
Donald Trump,824,George W. Bush Joe Biden,0
Donald Trump,824,George W. Bush Richard Nixon,0
Donald Trump,824,George W. Bush Ronald Reagan,0
Donald Trump,824,Hillary Clinton Joe Biden,0
Donald Trump,824,Hillary Clinton Ronald Reagan,0
Donald Trump,824,Joe Biden Richard Nixon,0
Donald Trump,824,Joe Biden Ronald Reagan,0
Donald Trump,824,Richard Nixon Ronald Reagan,1
Ronald Reagan,825,Abraham Lincoln Barack Obama,0
Ronald Reagan,825,Abraham Lincoln Bernie Sanders,0
Ronald Reagan,825,Abraham Lincoln Donald Trump,0
Ronald Reagan,825,Abraham Lincoln Elizabeth Warren,0
Ronald Reagan,825,Abraham Lincoln George W. Bush,0
Ronald Reagan,825,Abraham Lincoln Hillary Clinton,0
Ronald Reagan,825,Abraham Lincoln Joe Biden,0
Ronald Reagan,825,Abraham Lincoln Richard Nixon,0
Ronald Reagan,825,Barack Obama Bernie Sanders,0
Ronald Reagan,825,Barack Obama George W. Bush,0
Ronald Reagan,825,Barack Obama Joe Biden,0
Ronald Reagan,825,Barack Obama Richard Nixon,0
Ronald Reagan,825,Bernie Sanders Donald Trump,0
Ronald Reagan,825,Bernie Sanders Elizabeth Warren,0
Ronald Reagan,825,Bernie Sanders George W. Bush,0
Ronald Reagan,825,Bernie Sanders Hillary Clinton,0
Ronald Reagan,825,Bernie Sanders Joe Biden,0
Ronald Reagan,825,Bernie Sanders Richard Nixon,0
Ronald Reagan,825,Donald Trump Elizabeth Warren,0
Ronald Reagan,825,Donald Trump George W. Bush,0
Ronald Reagan,825,Donald Trump Joe Biden,0
Ronald Reagan,825,Donald Trump Richard Nixon,0
Ronald Reagan,825,Elizabeth Warren George W. Bush,0
Ronald Reagan,825,Elizabeth Warren Hillary Clinton,0
Ronald Reagan,825,Elizabeth Warren Joe Biden,0
Ronald Reagan,825,Elizabeth Warren Richard Nixon,0
Ronald Reagan,825,George W. Bush Joe Biden,0
Ronald Reagan,825,George W. Bush Richard Nixon,0
Ronald Reagan,825,Hillary Clinton Joe Biden,0
Ronald Reagan,825,Hillary Clinton Richard Nixon,0
Ronald Reagan,825,Joe Biden Richard Nixon,0
Barack Obama,826,Abraham Lincoln Bernie Sanders,0
Barack Obama,826,Abraham Lincoln Elizabeth Warren,0
Barack Obama,826,Abraham Lincoln George W. Bush,0
Barack Obama,826,Abraham Lincoln Hillary Clinton,0
Barack Obama,826,Abraham Lincoln Richard Nixon,0
Barack Obama,826,Abraham Lincoln Ronald Reagan,0
Barack Obama,826,Bernie Sanders Donald Trump,0
Barack Obama,826,Bernie Sanders Elizabeth Warren,0
Barack Obama,826,Bernie Sanders George W. Bush,0
Barack Obama,826,Bernie Sanders Hillary Clinton,0
Barack Obama,826,Bernie Sanders Joe Biden,0
Barack Obama,826,Bernie Sanders Richard Nixon,0
Barack Obama,826,Bernie Sanders Ronald Reagan,0
Barack Obama,826,Donald Trump Elizabeth Warren,0
Barack Obama,826,Donald Trump Richard Nixon,1
Barack Obama,826,Donald Trump Ronald Reagan,0
Barack Obama,826,Elizabeth Warren George W. Bush,0
Barack Obama,826,Elizabeth Warren Hillary Clinton,0
Barack Obama,826,Elizabeth Warren Joe Biden,0
Barack Obama,826,Elizabeth Warren Richard Nixon,0
Barack Obama,826,Elizabeth Warren Ronald Reagan,0
Barack Obama,826,George W. Bush Hillary Clinton,0
Barack Obama,826,George W. Bush Joe Biden,0
Barack Obama,826,George W. Bush Richard Nixon,0
Barack Obama,826,George W. Bush Ronald Reagan,0
Barack Obama,826,Hillary Clinton Joe Biden,0
Barack Obama,826,Hillary Clinton Richard Nixon,0
Barack Obama,826,Hillary Clinton Ronald Reagan,0
Barack Obama,826,Joe Biden Richard Nixon,0
Barack Obama,826,Joe Biden Ronald Reagan,0
Barack Obama,826,Richard Nixon Ronald Reagan,0
Joe Biden,827,Abraham Lincoln Barack Obama,0
Joe Biden,827,Abraham Lincoln Bernie Sanders,0
Joe Biden,827,Abraham Lincoln Donald Trump,0
Joe Biden,827,Abraham Lincoln Elizabeth Warren,0
Joe Biden,827,Abraham Lincoln George W. Bush,0
Joe Biden,827,Abraham Lincoln Hillary Clinton,0
Joe Biden,827,Abraham Lincoln Richard Nixon,0
Joe Biden,827,Abraham Lincoln Ronald Reagan,0
Joe Biden,827,Barack Obama Bernie Sanders,0
Joe Biden,827,Barack Obama Donald Trump,0
Joe Biden,827,Barack Obama Elizabeth Warren,0
Joe Biden,827,Barack Obama George W. Bush,0
Joe Biden,827,Barack Obama Hillary Clinton,1
Joe Biden,827,Barack Obama Richard Nixon,0
Joe Biden,827,Barack Obama Ronald Reagan,0
Joe Biden,827,Bernie Sanders Elizabeth Warren,0
Joe Biden,827,Bernie Sanders George W. Bush,1
Joe Biden,827,Bernie Sanders Hillary Clinton,0
Joe Biden,827,Bernie Sanders Richard Nixon,0
Joe Biden,827,Bernie Sanders Ronald Reagan,0
Joe Biden,827,Donald Trump Elizabeth Warren,0
Joe Biden,827,Donald Trump George W. Bush,0
Joe Biden,827,Donald Trump Hillary Clinton,0
Joe Biden,827,Donald Trump Richard Nixon,0
Joe Biden,827,Donald Trump Ronald Reagan,0
Joe Biden,827,Elizabeth Warren George W. Bush,0
Joe Biden,827,Elizabeth Warren Hillary Clinton,0
Joe Biden,827,Elizabeth Warren Richard Nixon,0
Joe Biden,827,Elizabeth Warren Ronald Reagan,0
Joe Biden,827,George W. Bush Hillary Clinton,1
Joe Biden,827,George W. Bush Richard Nixon,0
Joe Biden,827,George W. Bush Ronald Reagan,0
Joe Biden,827,Hillary Clinton Richard Nixon,0
Joe Biden,827,Hillary Clinton Ronald Reagan,1
Joe Biden,827,Richard Nixon Ronald Reagan,0
George W. Bush,828,Abraham Lincoln Barack Obama,0
George W. Bush,828,Abraham Lincoln Bernie Sanders,0
George W. Bush,828,Abraham Lincoln Donald Trump,0
George W. Bush,828,Abraham Lincoln Elizabeth Warren,0
George W. Bush,828,Abraham Lincoln Joe Biden,0
George W. Bush,828,Abraham Lincoln Richard Nixon,0
George W. Bush,828,Abraham Lincoln Ronald Reagan,0
George W. Bush,828,Barack Obama Bernie Sanders,0
George W. Bush,828,Barack Obama Donald Trump,0
George W. Bush,828,Barack Obama Elizabeth Warren,0
George W. Bush,828,Barack Obama Hillary Clinton,0
George W. Bush,828,Barack Obama Joe Biden,0
George W. Bush,828,Barack Obama Richard Nixon,0
George W. Bush,828,Bernie Sanders Donald Trump,0
George W. Bush,828,Bernie Sanders Elizabeth Warren,0
George W. Bush,828,Bernie Sanders Hillary Clinton,0
George W. Bush,828,Bernie Sanders Joe Biden,0
George W. Bush,828,Bernie Sanders Richard Nixon,0
George W. Bush,828,Bernie Sanders Ronald Reagan,0
George W. Bush,828,Donald Trump Elizabeth Warren,0
George W. Bush,828,Donald Trump Hillary Clinton,1
George W. Bush,828,Donald Trump Joe Biden,0
George W. Bush,828,Donald Trump Ronald Reagan,0
George W. Bush,828,Elizabeth Warren Hillary Clinton,0
George W. Bush,828,Elizabeth Warren Joe Biden,0
George W. Bush,828,Elizabeth Warren Richard Nixon,0
George W. Bush,828,Elizabeth Warren Ronald Reagan,0
George W. Bush,828,Hillary Clinton Joe Biden,0
George W. Bush,828,Hillary Clinton Richard Nixon,0
George W. Bush,828,Hillary Clinton Ronald Reagan,1
George W. Bush,828,Joe Biden Richard Nixon,1
George W. Bush,828,Joe Biden Ronald Reagan,0
George W. Bush,828,Richard Nixon Ronald Reagan,0
Elizabeth Warren,829,Abraham Lincoln Barack Obama,0
Elizabeth Warren,829,Abraham Lincoln Bernie Sanders,0
Elizabeth Warren,829,Abraham Lincoln Donald Trump,0
Elizabeth Warren,829,Abraham Lincoln George W. Bush,0
Elizabeth Warren,829,Abraham Lincoln Hillary Clinton,0
Elizabeth Warren,829,Abraham Lincoln Joe Biden,0
Elizabeth Warren,829,Abraham Lincoln Richard Nixon,0
Elizabeth Warren,829,Abraham Lincoln Ronald Reagan,0
Elizabeth Warren,829,Barack Obama Bernie Sanders,0
Elizabeth Warren,829,Barack Obama Donald Trump,0
Elizabeth Warren,829,Barack Obama George W. Bush,0
Elizabeth Warren,829,Barack Obama Hillary Clinton,0
Elizabeth Warren,829,Barack Obama Joe Biden,0
Elizabeth Warren,829,Barack Obama Richard Nixon,0
Elizabeth Warren,829,Barack Obama Ronald Reagan,0
Elizabeth Warren,829,Bernie Sanders Donald Trump,0
Elizabeth Warren,829,Bernie Sanders George W. Bush,1
Elizabeth Warren,829,Bernie Sanders Hillary Clinton,0
Elizabeth Warren,829,Bernie Sanders Joe Biden,0
Elizabeth Warren,829,Bernie Sanders Richard Nixon,0
Elizabeth Warren,829,Bernie Sanders Ronald Reagan,0
Elizabeth Warren,829,Donald Trump George W. Bush,0
Elizabeth Warren,829,Donald Trump Hillary Clinton,0
Elizabeth Warren,829,Donald Trump Joe Biden,0
Elizabeth Warren,829,Donald Trump Richard Nixon,0
Elizabeth Warren,829,Donald Trump Ronald Reagan,1
Elizabeth Warren,829,George W. Bush Hillary Clinton,0
Elizabeth Warren,829,George W. Bush Joe Biden,0
Elizabeth Warren,829,George W. Bush Richard Nixon,0
Elizabeth Warren,829,George W. Bush Ronald Reagan,0
Elizabeth Warren,829,Hillary Clinton Joe Biden,0
Elizabeth Warren,829,Hillary Clinton Richard Nixon,0
Elizabeth Warren,829,Hillary Clinton Ronald Reagan,0
Elizabeth Warren,829,Joe Biden Ronald Reagan,0
Elizabeth Warren,829,Richard Nixon Ronald Reagan,1
Richard Nixon,830,Abraham Lincoln Barack Obama,0
Richard Nixon,830,Abraham Lincoln Bernie Sanders,0
Richard Nixon,830,Abraham Lincoln Donald Trump,0
Richard Nixon,830,Abraham Lincoln Elizabeth Warren,0
Richard Nixon,830,Abraham Lincoln George W. Bush,0
Richard Nixon,830,Abraham Lincoln Hillary Clinton,0
Richard Nixon,830,Abraham Lincoln Joe Biden,0
Richard Nixon,830,Abraham Lincoln Ronald Reagan,1
Richard Nixon,830,Barack Obama Bernie Sanders,0
Richard Nixon,830,Barack Obama Donald Trump,0
Richard Nixon,830,Barack Obama Elizabeth Warren,0
Richard Nixon,830,Barack Obama George W. Bush,0
Richard Nixon,830,Barack Obama Joe Biden,0
Richard Nixon,830,Barack Obama Ronald Reagan,0
Richard Nixon,830,Bernie Sanders Elizabeth Warren,0
Richard Nixon,830,Bernie Sanders George W. Bush,0
Richard Nixon,830,Bernie Sanders Hillary Clinton,1
Richard Nixon,830,Bernie Sanders Joe Biden,0
Richard Nixon,830,Bernie Sanders Ronald Reagan,0
Richard Nixon,830,Donald Trump Elizabeth Warren,0
Richard Nixon,830,Donald Trump Hillary Clinton,1
Richard Nixon,830,Donald Trump Joe Biden,0
Richard Nixon,830,Donald Trump Ronald Reagan,0
Richard Nixon,830,Elizabeth Warren George W. Bush,0
Richard Nixon,830,Elizabeth Warren Hillary Clinton,0
Richard Nixon,830,Elizabeth Warren Joe Biden,0
Richard Nixon,830,Elizabeth Warren Ronald Reagan,0
Richard Nixon,830,George W. Bush Hillary Clinton,0
Richard Nixon,830,George W. Bush Joe Biden,0
Richard Nixon,830,George W. Bush Ronald Reagan,0
Richard Nixon,830,Hillary Clinton Joe Biden,0
Richard Nixon,830,Hillary Clinton Ronald Reagan,0
Richard Nixon,830,Joe Biden Ronald Reagan,0
Abraham Lincoln,831,Barack Obama Bernie Sanders,1
Abraham Lincoln,831,Barack Obama Donald Trump,0
Abraham Lincoln,831,Barack Obama Elizabeth Warren,0
Abraham Lincoln,831,Barack Obama George W. Bush,0
Abraham Lincoln,831,Barack Obama Hillary Clinton,0
Abraham Lincoln,831,Barack Obama Joe Biden,0
Abraham Lincoln,831,Barack Obama Ronald Reagan,0
Abraham Lincoln,831,Bernie Sanders Donald Trump,0
Abraham Lincoln,831,Bernie Sanders Elizabeth Warren,0
Abraham Lincoln,831,Bernie Sanders George W. Bush,0
Abraham Lincoln,831,Bernie Sanders Hillary Clinton,0
Abraham Lincoln,831,Bernie Sanders Joe Biden,0
Abraham Lincoln,831,Bernie Sanders Richard Nixon,0
Abraham Lincoln,831,Bernie Sanders Ronald Reagan,0
Abraham Lincoln,831,Donald Trump Elizabeth Warren,0
Abraham Lincoln,831,Donald Trump George W. Bush,0
Abraham Lincoln,831,Donald Trump Hillary Clinton,0
Abraham Lincoln,831,Donald Trump Joe Biden,1
Abraham Lincoln,831,Donald Trump Richard Nixon,0
Abraham Lincoln,831,Donald Trump Ronald Reagan,0
Abraham Lincoln,831,Elizabeth Warren George W. Bush,0
Abraham Lincoln,831,Elizabeth Warren Hillary Clinton,0
Abraham Lincoln,831,Elizabeth Warren Joe Biden,0
Abraham Lincoln,831,Elizabeth Warren Richard Nixon,0
Abraham Lincoln,831,Elizabeth Warren Ronald Reagan,0
Abraham Lincoln,831,George W. Bush Hillary Clinton,0
Abraham Lincoln,831,George W. Bush Joe Biden,0
Abraham Lincoln,831,George W. Bush Ronald Reagan,0
Abraham Lincoln,831,Hillary Clinton Joe Biden,0
Abraham Lincoln,831,Hillary Clinton Richard Nixon,0
Abraham Lincoln,831,Hillary Clinton Ronald Reagan,1
Abraham Lincoln,831,Joe Biden Richard Nixon,0
Abraham Lincoln,831,Richard Nixon Ronald Reagan,0
Elizabeth Warren,832,Abraham Lincoln Barack Obama,0
Elizabeth Warren,832,Abraham Lincoln Bernie Sanders,0
Elizabeth Warren,832,Abraham Lincoln Donald Trump,0
Elizabeth Warren,832,Abraham Lincoln George W. Bush,1
Elizabeth Warren,832,Abraham Lincoln Hillary Clinton,0
Elizabeth Warren,832,Abraham Lincoln Joe Biden,0
Elizabeth Warren,832,Abraham Lincoln Richard Nixon,0
Elizabeth Warren,832,Abraham Lincoln Ronald Reagan,0
Elizabeth Warren,832,Barack Obama Bernie Sanders,0
Elizabeth Warren,832,Barack Obama Donald Trump,0
Elizabeth Warren,832,Barack Obama George W. Bush,0
Elizabeth Warren,832,Barack Obama Hillary Clinton,1
Elizabeth Warren,832,Barack Obama Joe Biden,0
Elizabeth Warren,832,Barack Obama Richard Nixon,0
Elizabeth Warren,832,Barack Obama Ronald Reagan,0
Elizabeth Warren,832,Bernie Sanders Hillary Clinton,0
Elizabeth Warren,832,Bernie Sanders Joe Biden,0
Elizabeth Warren,832,Bernie Sanders Richard Nixon,0
Elizabeth Warren,832,Bernie Sanders Ronald Reagan,0
Elizabeth Warren,832,Donald Trump George W. Bush,0
Elizabeth Warren,832,Donald Trump Hillary Clinton,0
Elizabeth Warren,832,Donald Trump Joe Biden,0
Elizabeth Warren,832,Donald Trump Richard Nixon,0
Elizabeth Warren,832,Donald Trump Ronald Reagan,0
Elizabeth Warren,832,George W. Bush Hillary Clinton,0
Elizabeth Warren,832,George W. Bush Joe Biden,0
Elizabeth Warren,832,George W. Bush Richard Nixon,0
Elizabeth Warren,832,George W. Bush Ronald Reagan,0
Elizabeth Warren,832,Hillary Clinton Joe Biden,0
Elizabeth Warren,832,Hillary Clinton Richard Nixon,0
Elizabeth Warren,832,Hillary Clinton Ronald Reagan,0
Elizabeth Warren,832,Joe Biden Richard Nixon,0
Elizabeth Warren,832,Richard Nixon Ronald Reagan,0
George W. Bush,833,Abraham Lincoln Barack Obama,0
George W. Bush,833,Abraham Lincoln Bernie Sanders,0
George W. Bush,833,Abraham Lincoln Donald Trump,0
George W. Bush,833,Abraham Lincoln Elizabeth Warren,0
George W. Bush,833,Abraham Lincoln Hillary Clinton,0
George W. Bush,833,Abraham Lincoln Joe Biden,0
George W. Bush,833,Abraham Lincoln Ronald Reagan,0
George W. Bush,833,Barack Obama Bernie Sanders,0
George W. Bush,833,Barack Obama Donald Trump,0
George W. Bush,833,Barack Obama Elizabeth Warren,0
George W. Bush,833,Barack Obama Hillary Clinton,0
George W. Bush,833,Barack Obama Joe Biden,0
George W. Bush,833,Barack Obama Richard Nixon,0
George W. Bush,833,Barack Obama Ronald Reagan,0
George W. Bush,833,Bernie Sanders Donald Trump,0
George W. Bush,833,Bernie Sanders Elizabeth Warren,0
George W. Bush,833,Bernie Sanders Hillary Clinton,0
George W. Bush,833,Bernie Sanders Joe Biden,0
George W. Bush,833,Bernie Sanders Richard Nixon,0
George W. Bush,833,Donald Trump Elizabeth Warren,0
George W. Bush,833,Donald Trump Hillary Clinton,1
George W. Bush,833,Donald Trump Joe Biden,1
George W. Bush,833,Donald Trump Richard Nixon,0
George W. Bush,833,Donald Trump Ronald Reagan,0
George W. Bush,833,Elizabeth Warren Hillary Clinton,0
George W. Bush,833,Elizabeth Warren Joe Biden,0
George W. Bush,833,Elizabeth Warren Richard Nixon,0
George W. Bush,833,Elizabeth Warren Ronald Reagan,0
George W. Bush,833,Hillary Clinton Joe Biden,0
George W. Bush,833,Hillary Clinton Richard Nixon,0
George W. Bush,833,Hillary Clinton Ronald Reagan,0
George W. Bush,833,Joe Biden Richard Nixon,0
George W. Bush,833,Richard Nixon Ronald Reagan,0
Elizabeth Warren,834,Abraham Lincoln Barack Obama,0
Elizabeth Warren,834,Abraham Lincoln Bernie Sanders,0
Elizabeth Warren,834,Abraham Lincoln Donald Trump,0
Elizabeth Warren,834,Abraham Lincoln George W. Bush,0
Elizabeth Warren,834,Abraham Lincoln Hillary Clinton,0
Elizabeth Warren,834,Abraham Lincoln Joe Biden,0
Elizabeth Warren,834,Abraham Lincoln Richard Nixon,0
Elizabeth Warren,834,Abraham Lincoln Ronald Reagan,0
Elizabeth Warren,834,Barack Obama Bernie Sanders,0
Elizabeth Warren,834,Barack Obama Donald Trump,0
Elizabeth Warren,834,Barack Obama George W. Bush,0
Elizabeth Warren,834,Barack Obama Joe Biden,0
Elizabeth Warren,834,Barack Obama Richard Nixon,0
Elizabeth Warren,834,Barack Obama Ronald Reagan,0
Elizabeth Warren,834,Bernie Sanders Donald Trump,0
Elizabeth Warren,834,Bernie Sanders George W. Bush,0
Elizabeth Warren,834,Bernie Sanders Hillary Clinton,0
Elizabeth Warren,834,Bernie Sanders Joe Biden,0
Elizabeth Warren,834,Bernie Sanders Richard Nixon,0
Elizabeth Warren,834,Donald Trump George W. Bush,0
Elizabeth Warren,834,Donald Trump Hillary Clinton,0
Elizabeth Warren,834,Donald Trump Joe Biden,0
Elizabeth Warren,834,Donald Trump Richard Nixon,0
Elizabeth Warren,834,Donald Trump Ronald Reagan,0
Elizabeth Warren,834,George W. Bush Hillary Clinton,0
Elizabeth Warren,834,George W. Bush Joe Biden,0
Elizabeth Warren,834,George W. Bush Richard Nixon,0
Elizabeth Warren,834,George W. Bush Ronald Reagan,0
Elizabeth Warren,834,Hillary Clinton Joe Biden,0
Elizabeth Warren,834,Hillary Clinton Richard Nixon,0
Elizabeth Warren,834,Hillary Clinton Ronald Reagan,0
Elizabeth Warren,834,Joe Biden Richard Nixon,0
Elizabeth Warren,834,Joe Biden Ronald Reagan,0
Elizabeth Warren,834,Richard Nixon Ronald Reagan,1
George W. Bush,835,Abraham Lincoln Barack Obama,0
George W. Bush,835,Abraham Lincoln Bernie Sanders,0
George W. Bush,835,Abraham Lincoln Donald Trump,0
George W. Bush,835,Abraham Lincoln Elizabeth Warren,0
George W. Bush,835,Abraham Lincoln Hillary Clinton,0
George W. Bush,835,Abraham Lincoln Joe Biden,0
George W. Bush,835,Abraham Lincoln Richard Nixon,0
George W. Bush,835,Abraham Lincoln Ronald Reagan,1
George W. Bush,835,Barack Obama Bernie Sanders,0
George W. Bush,835,Barack Obama Donald Trump,0
George W. Bush,835,Barack Obama Elizabeth Warren,0
George W. Bush,835,Barack Obama Hillary Clinton,0
George W. Bush,835,Barack Obama Joe Biden,1
George W. Bush,835,Barack Obama Richard Nixon,0
George W. Bush,835,Bernie Sanders Donald Trump,0
George W. Bush,835,Bernie Sanders Elizabeth Warren,0
George W. Bush,835,Bernie Sanders Hillary Clinton,0
George W. Bush,835,Bernie Sanders Joe Biden,1
George W. Bush,835,Bernie Sanders Richard Nixon,0
George W. Bush,835,Bernie Sanders Ronald Reagan,0
George W. Bush,835,Donald Trump Elizabeth Warren,0
George W. Bush,835,Donald Trump Hillary Clinton,0
George W. Bush,835,Donald Trump Joe Biden,0
George W. Bush,835,Donald Trump Ronald Reagan,0
George W. Bush,835,Elizabeth Warren Hillary Clinton,0
George W. Bush,835,Elizabeth Warren Joe Biden,1
George W. Bush,835,Elizabeth Warren Richard Nixon,0
George W. Bush,835,Elizabeth Warren Ronald Reagan,0
George W. Bush,835,Hillary Clinton Joe Biden,0
George W. Bush,835,Hillary Clinton Ronald Reagan,0
George W. Bush,835,Joe Biden Richard Nixon,0
George W. Bush,835,Joe Biden Ronald Reagan,0
George W. Bush,835,Richard Nixon Ronald Reagan,0
George W. Bush,836,Abraham Lincoln Barack Obama,0
George W. Bush,836,Abraham Lincoln Bernie Sanders,0
George W. Bush,836,Abraham Lincoln Donald Trump,0
George W. Bush,836,Abraham Lincoln Elizabeth Warren,0
George W. Bush,836,Abraham Lincoln Hillary Clinton,0
George W. Bush,836,Abraham Lincoln Joe Biden,0
George W. Bush,836,Abraham Lincoln Richard Nixon,0
George W. Bush,836,Abraham Lincoln Ronald Reagan,0
George W. Bush,836,Barack Obama Bernie Sanders,0
George W. Bush,836,Barack Obama Donald Trump,0
George W. Bush,836,Barack Obama Elizabeth Warren,0
George W. Bush,836,Barack Obama Hillary Clinton,0
George W. Bush,836,Barack Obama Joe Biden,0
George W. Bush,836,Barack Obama Richard Nixon,1
George W. Bush,836,Barack Obama Ronald Reagan,0
George W. Bush,836,Bernie Sanders Donald Trump,0
George W. Bush,836,Bernie Sanders Hillary Clinton,0
George W. Bush,836,Bernie Sanders Joe Biden,0
George W. Bush,836,Bernie Sanders Richard Nixon,0
George W. Bush,836,Bernie Sanders Ronald Reagan,0
George W. Bush,836,Donald Trump Elizabeth Warren,0
George W. Bush,836,Donald Trump Hillary Clinton,0
George W. Bush,836,Donald Trump Joe Biden,0
George W. Bush,836,Donald Trump Richard Nixon,0
George W. Bush,836,Elizabeth Warren Hillary Clinton,0
George W. Bush,836,Elizabeth Warren Joe Biden,0
George W. Bush,836,Elizabeth Warren Richard Nixon,0
George W. Bush,836,Elizabeth Warren Ronald Reagan,0
George W. Bush,836,Hillary Clinton Joe Biden,0
George W. Bush,836,Hillary Clinton Richard Nixon,0
George W. Bush,836,Hillary Clinton Ronald Reagan,0
George W. Bush,836,Joe Biden Richard Nixon,0
George W. Bush,836,Joe Biden Ronald Reagan,0
George W. Bush,836,Richard Nixon Ronald Reagan,0
Hillary Clinton,837,Abraham Lincoln Barack Obama,0
Hillary Clinton,837,Abraham Lincoln Bernie Sanders,0
Hillary Clinton,837,Abraham Lincoln Donald Trump,0
Hillary Clinton,837,Abraham Lincoln Elizabeth Warren,0
Hillary Clinton,837,Abraham Lincoln George W. Bush,0
Hillary Clinton,837,Abraham Lincoln Joe Biden,0
Hillary Clinton,837,Abraham Lincoln Richard Nixon,0
Hillary Clinton,837,Abraham Lincoln Ronald Reagan,0
Hillary Clinton,837,Barack Obama Bernie Sanders,0
Hillary Clinton,837,Barack Obama Donald Trump,0
Hillary Clinton,837,Barack Obama Elizabeth Warren,0
Hillary Clinton,837,Barack Obama George W. Bush,0
Hillary Clinton,837,Barack Obama Joe Biden,1
Hillary Clinton,837,Barack Obama Richard Nixon,0
Hillary Clinton,837,Barack Obama Ronald Reagan,0
Hillary Clinton,837,Bernie Sanders Donald Trump,0
Hillary Clinton,837,Bernie Sanders Elizabeth Warren,0
Hillary Clinton,837,Bernie Sanders George W. Bush,0
Hillary Clinton,837,Bernie Sanders Joe Biden,0
Hillary Clinton,837,Bernie Sanders Richard Nixon,0
Hillary Clinton,837,Bernie Sanders Ronald Reagan,0
Hillary Clinton,837,Donald Trump Elizabeth Warren,0
Hillary Clinton,837,Donald Trump George W. Bush,0
Hillary Clinton,837,Donald Trump Ronald Reagan,0
Hillary Clinton,837,Elizabeth Warren George W. Bush,0
Hillary Clinton,837,Elizabeth Warren Joe Biden,0
Hillary Clinton,837,Elizabeth Warren Richard Nixon,0
Hillary Clinton,837,Elizabeth Warren Ronald Reagan,0
Hillary Clinton,837,George W. Bush Joe Biden,0
Hillary Clinton,837,George W. Bush Richard Nixon,0
Hillary Clinton,837,George W. Bush Ronald Reagan,0
Hillary Clinton,837,Joe Biden Richard Nixon,0
Hillary Clinton,837,Joe Biden Ronald Reagan,0
Hillary Clinton,837,Richard Nixon Ronald Reagan,0
Donald Trump,838,Abraham Lincoln Barack Obama,0
Donald Trump,838,Abraham Lincoln Bernie Sanders,0
Donald Trump,838,Abraham Lincoln Elizabeth Warren,0
Donald Trump,838,Abraham Lincoln George W. Bush,1
Donald Trump,838,Abraham Lincoln Hillary Clinton,0
Donald Trump,838,Abraham Lincoln Joe Biden,0
Donald Trump,838,Abraham Lincoln Richard Nixon,1
Donald Trump,838,Abraham Lincoln Ronald Reagan,0
Donald Trump,838,Barack Obama Bernie Sanders,0
Donald Trump,838,Barack Obama Elizabeth Warren,0
Donald Trump,838,Barack Obama George W. Bush,0
Donald Trump,838,Barack Obama Hillary Clinton,0
Donald Trump,838,Barack Obama Joe Biden,0
Donald Trump,838,Barack Obama Richard Nixon,0
Donald Trump,838,Barack Obama Ronald Reagan,0
Donald Trump,838,Bernie Sanders Elizabeth Warren,0
Donald Trump,838,Bernie Sanders George W. Bush,0
Donald Trump,838,Bernie Sanders Hillary Clinton,1
Donald Trump,838,Bernie Sanders Joe Biden,0
Donald Trump,838,Bernie Sanders Richard Nixon,0
Donald Trump,838,Bernie Sanders Ronald Reagan,0
Donald Trump,838,Elizabeth Warren George W. Bush,0
Donald Trump,838,Elizabeth Warren Hillary Clinton,0
Donald Trump,838,Elizabeth Warren Joe Biden,0
Donald Trump,838,Elizabeth Warren Richard Nixon,0
Donald Trump,838,Elizabeth Warren Ronald Reagan,0
Donald Trump,838,George W. Bush Hillary Clinton,0
Donald Trump,838,George W. Bush Joe Biden,0
Donald Trump,838,George W. Bush Ronald Reagan,0
Donald Trump,838,Hillary Clinton Joe Biden,0
Donald Trump,838,Hillary Clinton Richard Nixon,0
Donald Trump,838,Hillary Clinton Ronald Reagan,0
Donald Trump,838,Joe Biden Richard Nixon,0
Donald Trump,838,Joe Biden Ronald Reagan,1
Donald Trump,838,Richard Nixon Ronald Reagan,0
Joe Biden,839,Abraham Lincoln Barack Obama,0
Joe Biden,839,Abraham Lincoln Bernie Sanders,0
Joe Biden,839,Abraham Lincoln Donald Trump,0
Joe Biden,839,Abraham Lincoln Elizabeth Warren,0
Joe Biden,839,Abraham Lincoln George W. Bush,0
Joe Biden,839,Abraham Lincoln Hillary Clinton,0
Joe Biden,839,Abraham Lincoln Richard Nixon,0
Joe Biden,839,Barack Obama Bernie Sanders,0
Joe Biden,839,Barack Obama Donald Trump,0
Joe Biden,839,Barack Obama Elizabeth Warren,0
Joe Biden,839,Barack Obama George W. Bush,0
Joe Biden,839,Barack Obama Richard Nixon,0
Joe Biden,839,Barack Obama Ronald Reagan,0
Joe Biden,839,Bernie Sanders Donald Trump,0
Joe Biden,839,Bernie Sanders Elizabeth Warren,0
Joe Biden,839,Bernie Sanders George W. Bush,1
Joe Biden,839,Bernie Sanders Hillary Clinton,0
Joe Biden,839,Bernie Sanders Richard Nixon,0
Joe Biden,839,Bernie Sanders Ronald Reagan,0
Joe Biden,839,Donald Trump Elizabeth Warren,0
Joe Biden,839,Donald Trump George W. Bush,0
Joe Biden,839,Donald Trump Hillary Clinton,0
Joe Biden,839,Donald Trump Richard Nixon,0
Joe Biden,839,Donald Trump Ronald Reagan,0
Joe Biden,839,Elizabeth Warren George W. Bush,0
Joe Biden,839,Elizabeth Warren Hillary Clinton,0
Joe Biden,839,Elizabeth Warren Richard Nixon,0
Joe Biden,839,Elizabeth Warren Ronald Reagan,0
Joe Biden,839,George W. Bush Hillary Clinton,0
Joe Biden,839,George W. Bush Richard Nixon,0
Joe Biden,839,Hillary Clinton Richard Nixon,0
Joe Biden,839,Hillary Clinton Ronald Reagan,0
Joe Biden,839,Richard Nixon Ronald Reagan,0
Hillary Clinton,840,Abraham Lincoln Barack Obama,0
Hillary Clinton,840,Abraham Lincoln Bernie Sanders,0
Hillary Clinton,840,Abraham Lincoln Donald Trump,0
Hillary Clinton,840,Abraham Lincoln Elizabeth Warren,0
Hillary Clinton,840,Abraham Lincoln George W. Bush,0
Hillary Clinton,840,Abraham Lincoln Joe Biden,0
Hillary Clinton,840,Abraham Lincoln Richard Nixon,0
Hillary Clinton,840,Abraham Lincoln Ronald Reagan,0
Hillary Clinton,840,Barack Obama Bernie Sanders,0
Hillary Clinton,840,Barack Obama Donald Trump,0
Hillary Clinton,840,Barack Obama Elizabeth Warren,0
Hillary Clinton,840,Barack Obama George W. Bush,0
Hillary Clinton,840,Barack Obama Joe Biden,0
Hillary Clinton,840,Barack Obama Richard Nixon,0
Hillary Clinton,840,Barack Obama Ronald Reagan,1
Hillary Clinton,840,Bernie Sanders Donald Trump,0
Hillary Clinton,840,Bernie Sanders Elizabeth Warren,0
Hillary Clinton,840,Bernie Sanders George W. Bush,0
Hillary Clinton,840,Bernie Sanders Joe Biden,0
Hillary Clinton,840,Bernie Sanders Richard Nixon,0
Hillary Clinton,840,Bernie Sanders Ronald Reagan,0
Hillary Clinton,840,Donald Trump Elizabeth Warren,0
Hillary Clinton,840,Donald Trump George W. Bush,0
Hillary Clinton,840,Donald Trump Joe Biden,0
Hillary Clinton,840,Donald Trump Ronald Reagan,0
Hillary Clinton,840,Elizabeth Warren George W. Bush,0
Hillary Clinton,840,Elizabeth Warren Joe Biden,0
Hillary Clinton,840,Elizabeth Warren Richard Nixon,0
Hillary Clinton,840,Elizabeth Warren Ronald Reagan,0
Hillary Clinton,840,George W. Bush Joe Biden,0
Hillary Clinton,840,George W. Bush Richard Nixon,0
Hillary Clinton,840,George W. Bush Ronald Reagan,0
Hillary Clinton,840,Joe Biden Richard Nixon,1
Hillary Clinton,840,Joe Biden Ronald Reagan,0
Hillary Clinton,840,Richard Nixon Ronald Reagan,0
Richard Nixon,841,Abraham Lincoln Barack Obama,0
Richard Nixon,841,Abraham Lincoln Bernie Sanders,0
Richard Nixon,841,Abraham Lincoln Elizabeth Warren,0
Richard Nixon,841,Abraham Lincoln George W. Bush,0
Richard Nixon,841,Abraham Lincoln Hillary Clinton,0
Richard Nixon,841,Abraham Lincoln Joe Biden,0
Richard Nixon,841,Abraham Lincoln Ronald Reagan,0
Richard Nixon,841,Barack Obama Bernie Sanders,0
Richard Nixon,841,Barack Obama Donald Trump,0
Richard Nixon,841,Barack Obama Elizabeth Warren,0
Richard Nixon,841,Barack Obama George W. Bush,0
Richard Nixon,841,Barack Obama Hillary Clinton,1
Richard Nixon,841,Barack Obama Joe Biden,0
Richard Nixon,841,Barack Obama Ronald Reagan,0
Richard Nixon,841,Bernie Sanders Donald Trump,0
Richard Nixon,841,Bernie Sanders Elizabeth Warren,0
Richard Nixon,841,Bernie Sanders George W. Bush,0
Richard Nixon,841,Bernie Sanders Hillary Clinton,0
Richard Nixon,841,Bernie Sanders Joe Biden,0
Richard Nixon,841,Bernie Sanders Ronald Reagan,0
Richard Nixon,841,Donald Trump Elizabeth Warren,0
Richard Nixon,841,Donald Trump George W. Bush,0
Richard Nixon,841,Donald Trump Hillary Clinton,0
Richard Nixon,841,Donald Trump Joe Biden,0
Richard Nixon,841,Donald Trump Ronald Reagan,0
Richard Nixon,841,Elizabeth Warren George W. Bush,0
Richard Nixon,841,Elizabeth Warren Hillary Clinton,0
Richard Nixon,841,Elizabeth Warren Joe Biden,0
Richard Nixon,841,Elizabeth Warren Ronald Reagan,0
Richard Nixon,841,George W. Bush Hillary Clinton,0
Richard Nixon,841,George W. Bush Joe Biden,0
Richard Nixon,841,George W. Bush Ronald Reagan,0
Richard Nixon,841,Hillary Clinton Joe Biden,1
Richard Nixon,841,Hillary Clinton Ronald Reagan,0
Richard Nixon,841,Joe Biden Ronald Reagan,0
Hillary Clinton,842,Abraham Lincoln Barack Obama,0
Hillary Clinton,842,Abraham Lincoln Bernie Sanders,0
Hillary Clinton,842,Abraham Lincoln Donald Trump,0
Hillary Clinton,842,Abraham Lincoln Elizabeth Warren,0
Hillary Clinton,842,Abraham Lincoln George W. Bush,0
Hillary Clinton,842,Abraham Lincoln Ronald Reagan,0
Hillary Clinton,842,Barack Obama Bernie Sanders,0
Hillary Clinton,842,Barack Obama Donald Trump,0
Hillary Clinton,842,Barack Obama Elizabeth Warren,0
Hillary Clinton,842,Barack Obama George W. Bush,0
Hillary Clinton,842,Barack Obama Joe Biden,0
Hillary Clinton,842,Barack Obama Richard Nixon,0
Hillary Clinton,842,Barack Obama Ronald Reagan,0
Hillary Clinton,842,Bernie Sanders Donald Trump,0
Hillary Clinton,842,Bernie Sanders Elizabeth Warren,0
Hillary Clinton,842,Bernie Sanders George W. Bush,0
Hillary Clinton,842,Bernie Sanders Joe Biden,0
Hillary Clinton,842,Bernie Sanders Ronald Reagan,0
Hillary Clinton,842,Donald Trump Elizabeth Warren,0
Hillary Clinton,842,Donald Trump George W. Bush,0
Hillary Clinton,842,Donald Trump Joe Biden,0
Hillary Clinton,842,Donald Trump Richard Nixon,0
Hillary Clinton,842,Donald Trump Ronald Reagan,0
Hillary Clinton,842,Elizabeth Warren George W. Bush,0
Hillary Clinton,842,Elizabeth Warren Joe Biden,0
Hillary Clinton,842,Elizabeth Warren Richard Nixon,0
Hillary Clinton,842,Elizabeth Warren Ronald Reagan,0
Hillary Clinton,842,George W. Bush Joe Biden,0
Hillary Clinton,842,George W. Bush Richard Nixon,0
Hillary Clinton,842,George W. Bush Ronald Reagan,1
Hillary Clinton,842,Joe Biden Richard Nixon,0
Hillary Clinton,842,Joe Biden Ronald Reagan,0
Hillary Clinton,842,Richard Nixon Ronald Reagan,0
Bernie Sanders,843,Abraham Lincoln Barack Obama,0
Bernie Sanders,843,Abraham Lincoln Donald Trump,0
Bernie Sanders,843,Abraham Lincoln Elizabeth Warren,0
Bernie Sanders,843,Abraham Lincoln George W. Bush,0
Bernie Sanders,843,Abraham Lincoln Hillary Clinton,0
Bernie Sanders,843,Abraham Lincoln Richard Nixon,0
Bernie Sanders,843,Abraham Lincoln Ronald Reagan,0
Bernie Sanders,843,Barack Obama Donald Trump,0
Bernie Sanders,843,Barack Obama Elizabeth Warren,0
Bernie Sanders,843,Barack Obama George W. Bush,0
Bernie Sanders,843,Barack Obama Hillary Clinton,0
Bernie Sanders,843,Barack Obama Richard Nixon,0
Bernie Sanders,843,Barack Obama Ronald Reagan,0
Bernie Sanders,843,Donald Trump Elizabeth Warren,0
Bernie Sanders,843,Donald Trump George W. Bush,0
Bernie Sanders,843,Donald Trump Hillary Clinton,0
Bernie Sanders,843,Donald Trump Joe Biden,0
Bernie Sanders,843,Donald Trump Richard Nixon,0
Bernie Sanders,843,Donald Trump Ronald Reagan,0
Bernie Sanders,843,Elizabeth Warren George W. Bush,0
Bernie Sanders,843,Elizabeth Warren Hillary Clinton,0
Bernie Sanders,843,Elizabeth Warren Joe Biden,0
Bernie Sanders,843,Elizabeth Warren Richard Nixon,0
Bernie Sanders,843,Elizabeth Warren Ronald Reagan,0
Bernie Sanders,843,George W. Bush Hillary Clinton,0
Bernie Sanders,843,George W. Bush Joe Biden,0
Bernie Sanders,843,George W. Bush Richard Nixon,0
Bernie Sanders,843,George W. Bush Ronald Reagan,0
Bernie Sanders,843,Hillary Clinton Ronald Reagan,0
Bernie Sanders,843,Joe Biden Richard Nixon,1
Bernie Sanders,843,Joe Biden Ronald Reagan,0
Bernie Sanders,843,Richard Nixon Ronald Reagan,0
Bernie Sanders,844,Abraham Lincoln Barack Obama,0
Bernie Sanders,844,Abraham Lincoln Donald Trump,0
Bernie Sanders,844,Abraham Lincoln Elizabeth Warren,0
Bernie Sanders,844,Abraham Lincoln George W. Bush,0
Bernie Sanders,844,Abraham Lincoln Hillary Clinton,0
Bernie Sanders,844,Abraham Lincoln Joe Biden,0
Bernie Sanders,844,Abraham Lincoln Richard Nixon,0
Bernie Sanders,844,Abraham Lincoln Ronald Reagan,0
Bernie Sanders,844,Barack Obama Donald Trump,0
Bernie Sanders,844,Barack Obama Elizabeth Warren,0
Bernie Sanders,844,Barack Obama Hillary Clinton,0
Bernie Sanders,844,Barack Obama Joe Biden,0
Bernie Sanders,844,Barack Obama Richard Nixon,0
Bernie Sanders,844,Barack Obama Ronald Reagan,0
Bernie Sanders,844,Donald Trump Elizabeth Warren,0
Bernie Sanders,844,Donald Trump George W. Bush,0
Bernie Sanders,844,Donald Trump Hillary Clinton,0
Bernie Sanders,844,Donald Trump Joe Biden,1
Bernie Sanders,844,Donald Trump Richard Nixon,0
Bernie Sanders,844,Donald Trump Ronald Reagan,0
Bernie Sanders,844,Elizabeth Warren George W. Bush,0
Bernie Sanders,844,Elizabeth Warren Hillary Clinton,0
Bernie Sanders,844,Elizabeth Warren Joe Biden,0
Bernie Sanders,844,Elizabeth Warren Richard Nixon,0
Bernie Sanders,844,Elizabeth Warren Ronald Reagan,0
Bernie Sanders,844,George W. Bush Hillary Clinton,0
Bernie Sanders,844,George W. Bush Joe Biden,0
Bernie Sanders,844,George W. Bush Richard Nixon,0
Bernie Sanders,844,George W. Bush Ronald Reagan,0
Bernie Sanders,844,Hillary Clinton Joe Biden,0
Bernie Sanders,844,Hillary Clinton Richard Nixon,0
Bernie Sanders,844,Hillary Clinton Ronald Reagan,0
Bernie Sanders,844,Joe Biden Richard Nixon,0
Bernie Sanders,844,Joe Biden Ronald Reagan,0
Bernie Sanders,844,Richard Nixon Ronald Reagan,1
Joe Biden,845,Abraham Lincoln Barack Obama,1
Joe Biden,845,Abraham Lincoln Bernie Sanders,0
Joe Biden,845,Abraham Lincoln Donald Trump,0
Joe Biden,845,Abraham Lincoln Elizabeth Warren,0
Joe Biden,845,Abraham Lincoln George W. Bush,0
Joe Biden,845,Abraham Lincoln Hillary Clinton,0
Joe Biden,845,Abraham Lincoln Richard Nixon,0
Joe Biden,845,Abraham Lincoln Ronald Reagan,0
Joe Biden,845,Barack Obama Bernie Sanders,0
Joe Biden,845,Barack Obama Elizabeth Warren,0
Joe Biden,845,Barack Obama George W. Bush,0
Joe Biden,845,Barack Obama Richard Nixon,0
Joe Biden,845,Barack Obama Ronald Reagan,0
Joe Biden,845,Bernie Sanders Donald Trump,0
Joe Biden,845,Bernie Sanders Elizabeth Warren,0
Joe Biden,845,Bernie Sanders George W. Bush,0
Joe Biden,845,Bernie Sanders Richard Nixon,1
Joe Biden,845,Bernie Sanders Ronald Reagan,0
Joe Biden,845,Donald Trump Elizabeth Warren,0
Joe Biden,845,Donald Trump George W. Bush,0
Joe Biden,845,Donald Trump Hillary Clinton,0
Joe Biden,845,Donald Trump Richard Nixon,0
Joe Biden,845,Donald Trump Ronald Reagan,0
Joe Biden,845,Elizabeth Warren George W. Bush,0
Joe Biden,845,Elizabeth Warren Hillary Clinton,0
Joe Biden,845,Elizabeth Warren Richard Nixon,0
Joe Biden,845,Elizabeth Warren Ronald Reagan,0
Joe Biden,845,George W. Bush Hillary Clinton,0
Joe Biden,845,George W. Bush Richard Nixon,0
Joe Biden,845,George W. Bush Ronald Reagan,0
Joe Biden,845,Hillary Clinton Richard Nixon,0
Joe Biden,845,Richard Nixon Ronald Reagan,0
Elizabeth Warren,846,Abraham Lincoln Barack Obama,0
Elizabeth Warren,846,Abraham Lincoln Bernie Sanders,0
Elizabeth Warren,846,Abraham Lincoln George W. Bush,0
Elizabeth Warren,846,Abraham Lincoln Hillary Clinton,0
Elizabeth Warren,846,Abraham Lincoln Joe Biden,0
Elizabeth Warren,846,Abraham Lincoln Richard Nixon,0
Elizabeth Warren,846,Abraham Lincoln Ronald Reagan,0
Elizabeth Warren,846,Barack Obama Bernie Sanders,0
Elizabeth Warren,846,Barack Obama Donald Trump,0
Elizabeth Warren,846,Barack Obama George W. Bush,1
Elizabeth Warren,846,Barack Obama Hillary Clinton,1
Elizabeth Warren,846,Barack Obama Joe Biden,0
Elizabeth Warren,846,Barack Obama Richard Nixon,0
Elizabeth Warren,846,Barack Obama Ronald Reagan,0
Elizabeth Warren,846,Bernie Sanders Donald Trump,0
Elizabeth Warren,846,Bernie Sanders George W. Bush,0
Elizabeth Warren,846,Bernie Sanders Joe Biden,0
Elizabeth Warren,846,Bernie Sanders Richard Nixon,0
Elizabeth Warren,846,Bernie Sanders Ronald Reagan,0
Elizabeth Warren,846,Donald Trump George W. Bush,0
Elizabeth Warren,846,Donald Trump Hillary Clinton,0
Elizabeth Warren,846,Donald Trump Joe Biden,1
Elizabeth Warren,846,Donald Trump Richard Nixon,0
Elizabeth Warren,846,Donald Trump Ronald Reagan,0
Elizabeth Warren,846,George W. Bush Hillary Clinton,0
Elizabeth Warren,846,George W. Bush Joe Biden,0
Elizabeth Warren,846,George W. Bush Richard Nixon,0
Elizabeth Warren,846,George W. Bush Ronald Reagan,1
Elizabeth Warren,846,Hillary Clinton Joe Biden,0
Elizabeth Warren,846,Hillary Clinton Richard Nixon,0
Elizabeth Warren,846,Hillary Clinton Ronald Reagan,0
Elizabeth Warren,846,Joe Biden Richard Nixon,0
Elizabeth Warren,846,Joe Biden Ronald Reagan,0
Elizabeth Warren,846,Richard Nixon Ronald Reagan,0
Donald Trump,847,Abraham Lincoln Barack Obama,0
Donald Trump,847,Abraham Lincoln Bernie Sanders,0
Donald Trump,847,Abraham Lincoln Elizabeth Warren,0
Donald Trump,847,Abraham Lincoln George W. Bush,0
Donald Trump,847,Abraham Lincoln Hillary Clinton,0
Donald Trump,847,Abraham Lincoln Joe Biden,0
Donald Trump,847,Abraham Lincoln Richard Nixon,0
Donald Trump,847,Abraham Lincoln Ronald Reagan,0
Donald Trump,847,Barack Obama Bernie Sanders,0
Donald Trump,847,Barack Obama Elizabeth Warren,0
Donald Trump,847,Barack Obama Hillary Clinton,0
Donald Trump,847,Barack Obama Joe Biden,0
Donald Trump,847,Barack Obama Richard Nixon,1
Donald Trump,847,Barack Obama Ronald Reagan,0
Donald Trump,847,Bernie Sanders Elizabeth Warren,0
Donald Trump,847,Bernie Sanders George W. Bush,0
Donald Trump,847,Bernie Sanders Hillary Clinton,0
Donald Trump,847,Bernie Sanders Joe Biden,0
Donald Trump,847,Bernie Sanders Richard Nixon,1
Donald Trump,847,Bernie Sanders Ronald Reagan,0
Donald Trump,847,Elizabeth Warren George W. Bush,0
Donald Trump,847,Elizabeth Warren Hillary Clinton,0
Donald Trump,847,Elizabeth Warren Joe Biden,0
Donald Trump,847,Elizabeth Warren Richard Nixon,0
Donald Trump,847,Elizabeth Warren Ronald Reagan,0
Donald Trump,847,George W. Bush Hillary Clinton,0
Donald Trump,847,George W. Bush Joe Biden,0
Donald Trump,847,George W. Bush Richard Nixon,1
Donald Trump,847,George W. Bush Ronald Reagan,1
Donald Trump,847,Hillary Clinton Joe Biden,0
Donald Trump,847,Hillary Clinton Richard Nixon,0
Donald Trump,847,Hillary Clinton Ronald Reagan,0
Donald Trump,847,Joe Biden Richard Nixon,0
Donald Trump,847,Joe Biden Ronald Reagan,0
Joe Biden,848,Abraham Lincoln Barack Obama,0
Joe Biden,848,Abraham Lincoln Bernie Sanders,0
Joe Biden,848,Abraham Lincoln Donald Trump,0
Joe Biden,848,Abraham Lincoln Elizabeth Warren,0
Joe Biden,848,Abraham Lincoln George W. Bush,0
Joe Biden,848,Abraham Lincoln Hillary Clinton,0
Joe Biden,848,Abraham Lincoln Richard Nixon,0
Joe Biden,848,Abraham Lincoln Ronald Reagan,0
Joe Biden,848,Barack Obama Bernie Sanders,0
Joe Biden,848,Barack Obama Donald Trump,0
Joe Biden,848,Barack Obama Elizabeth Warren,0
Joe Biden,848,Barack Obama George W. Bush,0
Joe Biden,848,Barack Obama Hillary Clinton,0
Joe Biden,848,Barack Obama Richard Nixon,0
Joe Biden,848,Barack Obama Ronald Reagan,0
Joe Biden,848,Bernie Sanders Donald Trump,0
Joe Biden,848,Bernie Sanders Elizabeth Warren,0
Joe Biden,848,Bernie Sanders George W. Bush,0
Joe Biden,848,Bernie Sanders Hillary Clinton,0
Joe Biden,848,Bernie Sanders Richard Nixon,0
Joe Biden,848,Bernie Sanders Ronald Reagan,0
Joe Biden,848,Donald Trump Elizabeth Warren,0
Joe Biden,848,Donald Trump George W. Bush,0
Joe Biden,848,Donald Trump Hillary Clinton,0
Joe Biden,848,Donald Trump Richard Nixon,0
Joe Biden,848,Donald Trump Ronald Reagan,0
Joe Biden,848,Elizabeth Warren George W. Bush,1
Joe Biden,848,Elizabeth Warren Hillary Clinton,0
Joe Biden,848,Elizabeth Warren Richard Nixon,0
Joe Biden,848,Elizabeth Warren Ronald Reagan,0
Joe Biden,848,George W. Bush Hillary Clinton,0
Joe Biden,848,Hillary Clinton Richard Nixon,0
Joe Biden,848,Hillary Clinton Ronald Reagan,0
Joe Biden,848,Richard Nixon Ronald Reagan,0
George W. Bush,849,Abraham Lincoln Barack Obama,0
George W. Bush,849,Abraham Lincoln Bernie Sanders,0
George W. Bush,849,Abraham Lincoln Donald Trump,0
George W. Bush,849,Abraham Lincoln Elizabeth Warren,0
George W. Bush,849,Abraham Lincoln Hillary Clinton,0
George W. Bush,849,Abraham Lincoln Joe Biden,0
George W. Bush,849,Abraham Lincoln Richard Nixon,0
George W. Bush,849,Barack Obama Bernie Sanders,1
George W. Bush,849,Barack Obama Elizabeth Warren,0
George W. Bush,849,Barack Obama Hillary Clinton,0
George W. Bush,849,Barack Obama Joe Biden,0
George W. Bush,849,Barack Obama Richard Nixon,0
George W. Bush,849,Barack Obama Ronald Reagan,0
George W. Bush,849,Bernie Sanders Donald Trump,0
George W. Bush,849,Bernie Sanders Elizabeth Warren,0
George W. Bush,849,Bernie Sanders Hillary Clinton,0
George W. Bush,849,Bernie Sanders Joe Biden,0
George W. Bush,849,Bernie Sanders Ronald Reagan,0
George W. Bush,849,Donald Trump Elizabeth Warren,0
George W. Bush,849,Donald Trump Joe Biden,0
George W. Bush,849,Donald Trump Richard Nixon,1
George W. Bush,849,Donald Trump Ronald Reagan,0
George W. Bush,849,Elizabeth Warren Hillary Clinton,0
George W. Bush,849,Elizabeth Warren Joe Biden,0
George W. Bush,849,Elizabeth Warren Richard Nixon,0
George W. Bush,849,Elizabeth Warren Ronald Reagan,0
George W. Bush,849,Hillary Clinton Joe Biden,0
George W. Bush,849,Hillary Clinton Ronald Reagan,0
George W. Bush,849,Joe Biden Richard Nixon,1
George W. Bush,849,Joe Biden Ronald Reagan,0
George W. Bush,849,Richard Nixon Ronald Reagan,0
Barack Obama,850,Abraham Lincoln Bernie Sanders,0
Barack Obama,850,Abraham Lincoln Donald Trump,0
Barack Obama,850,Abraham Lincoln George W. Bush,0
Barack Obama,850,Abraham Lincoln Hillary Clinton,0
Barack Obama,850,Abraham Lincoln Joe Biden,0
Barack Obama,850,Abraham Lincoln Richard Nixon,0
Barack Obama,850,Abraham Lincoln Ronald Reagan,0
Barack Obama,850,Bernie Sanders Donald Trump,0
Barack Obama,850,Bernie Sanders Elizabeth Warren,0
Barack Obama,850,Bernie Sanders George W. Bush,0
Barack Obama,850,Bernie Sanders Hillary Clinton,0
Barack Obama,850,Bernie Sanders Joe Biden,0
Barack Obama,850,Bernie Sanders Richard Nixon,0
Barack Obama,850,Bernie Sanders Ronald Reagan,0
Barack Obama,850,Donald Trump Elizabeth Warren,0
Barack Obama,850,Donald Trump George W. Bush,0
Barack Obama,850,Donald Trump Hillary Clinton,0
Barack Obama,850,Donald Trump Joe Biden,0
Barack Obama,850,Donald Trump Richard Nixon,0
Barack Obama,850,Donald Trump Ronald Reagan,0
Barack Obama,850,Elizabeth Warren George W. Bush,0
Barack Obama,850,Elizabeth Warren Hillary Clinton,0
Barack Obama,850,Elizabeth Warren Joe Biden,0
Barack Obama,850,Elizabeth Warren Richard Nixon,0
Barack Obama,850,Elizabeth Warren Ronald Reagan,0
Barack Obama,850,George W. Bush Hillary Clinton,0
Barack Obama,850,George W. Bush Joe Biden,0
Barack Obama,850,George W. Bush Richard Nixon,0
Barack Obama,850,George W. Bush Ronald Reagan,0
Barack Obama,850,Hillary Clinton Joe Biden,0
Barack Obama,850,Hillary Clinton Richard Nixon,1
Barack Obama,850,Hillary Clinton Ronald Reagan,0
Barack Obama,850,Joe Biden Richard Nixon,0
Barack Obama,850,Joe Biden Ronald Reagan,0
Barack Obama,850,Richard Nixon Ronald Reagan,0
Donald Trump,851,Abraham Lincoln Barack Obama,0
Donald Trump,851,Abraham Lincoln Bernie Sanders,0
Donald Trump,851,Abraham Lincoln Elizabeth Warren,0
Donald Trump,851,Abraham Lincoln George W. Bush,1
Donald Trump,851,Abraham Lincoln Joe Biden,0
Donald Trump,851,Abraham Lincoln Richard Nixon,0
Donald Trump,851,Abraham Lincoln Ronald Reagan,0
Donald Trump,851,Barack Obama Bernie Sanders,0
Donald Trump,851,Barack Obama Elizabeth Warren,0
Donald Trump,851,Barack Obama George W. Bush,0
Donald Trump,851,Barack Obama Hillary Clinton,0
Donald Trump,851,Barack Obama Joe Biden,0
Donald Trump,851,Barack Obama Richard Nixon,0
Donald Trump,851,Barack Obama Ronald Reagan,0
Donald Trump,851,Bernie Sanders Elizabeth Warren,0
Donald Trump,851,Bernie Sanders George W. Bush,0
Donald Trump,851,Bernie Sanders Hillary Clinton,0
Donald Trump,851,Bernie Sanders Joe Biden,1
Donald Trump,851,Bernie Sanders Richard Nixon,0
Donald Trump,851,Bernie Sanders Ronald Reagan,1
Donald Trump,851,Elizabeth Warren George W. Bush,0
Donald Trump,851,Elizabeth Warren Hillary Clinton,0
Donald Trump,851,Elizabeth Warren Joe Biden,0
Donald Trump,851,Elizabeth Warren Richard Nixon,0
Donald Trump,851,Elizabeth Warren Ronald Reagan,0
Donald Trump,851,George W. Bush Hillary Clinton,0
Donald Trump,851,George W. Bush Joe Biden,0
Donald Trump,851,George W. Bush Richard Nixon,0
Donald Trump,851,George W. Bush Ronald Reagan,1
Donald Trump,851,Hillary Clinton Joe Biden,0
Donald Trump,851,Hillary Clinton Richard Nixon,0
Donald Trump,851,Hillary Clinton Ronald Reagan,1
Donald Trump,851,Joe Biden Richard Nixon,0
Donald Trump,851,Joe Biden Ronald Reagan,0
Donald Trump,851,Richard Nixon Ronald Reagan,0
Donald Trump,852,Abraham Lincoln Barack Obama,0
Donald Trump,852,Abraham Lincoln Bernie Sanders,0
Donald Trump,852,Abraham Lincoln Elizabeth Warren,0
Donald Trump,852,Abraham Lincoln George W. Bush,0
Donald Trump,852,Abraham Lincoln Hillary Clinton,0
Donald Trump,852,Abraham Lincoln Joe Biden,0
Donald Trump,852,Abraham Lincoln Richard Nixon,0
Donald Trump,852,Abraham Lincoln Ronald Reagan,0
Donald Trump,852,Barack Obama Bernie Sanders,0
Donald Trump,852,Barack Obama George W. Bush,0
Donald Trump,852,Barack Obama Hillary Clinton,0
Donald Trump,852,Barack Obama Joe Biden,0
Donald Trump,852,Barack Obama Richard Nixon,1
Donald Trump,852,Bernie Sanders Elizabeth Warren,0
Donald Trump,852,Bernie Sanders George W. Bush,0
Donald Trump,852,Bernie Sanders Hillary Clinton,0
Donald Trump,852,Bernie Sanders Joe Biden,0
Donald Trump,852,Bernie Sanders Richard Nixon,1
Donald Trump,852,Bernie Sanders Ronald Reagan,0
Donald Trump,852,Elizabeth Warren George W. Bush,0
Donald Trump,852,Elizabeth Warren Hillary Clinton,0
Donald Trump,852,Elizabeth Warren Joe Biden,0
Donald Trump,852,Elizabeth Warren Richard Nixon,0
Donald Trump,852,Elizabeth Warren Ronald Reagan,0
Donald Trump,852,George W. Bush Hillary Clinton,0
Donald Trump,852,George W. Bush Joe Biden,0
Donald Trump,852,George W. Bush Richard Nixon,1
Donald Trump,852,George W. Bush Ronald Reagan,0
Donald Trump,852,Hillary Clinton Joe Biden,0
Donald Trump,852,Hillary Clinton Richard Nixon,0
Donald Trump,852,Hillary Clinton Ronald Reagan,0
Donald Trump,852,Joe Biden Richard Nixon,1
Donald Trump,852,Joe Biden Ronald Reagan,0
Donald Trump,852,Richard Nixon Ronald Reagan,0
George W. Bush,853,Abraham Lincoln Barack Obama,0
George W. Bush,853,Abraham Lincoln Bernie Sanders,0
George W. Bush,853,Abraham Lincoln Donald Trump,0
George W. Bush,853,Abraham Lincoln Elizabeth Warren,0
George W. Bush,853,Abraham Lincoln Hillary Clinton,0
George W. Bush,853,Abraham Lincoln Joe Biden,0
George W. Bush,853,Abraham Lincoln Richard Nixon,0
George W. Bush,853,Abraham Lincoln Ronald Reagan,1
George W. Bush,853,Barack Obama Bernie Sanders,0
George W. Bush,853,Barack Obama Donald Trump,0
George W. Bush,853,Barack Obama Elizabeth Warren,0
George W. Bush,853,Barack Obama Hillary Clinton,0
George W. Bush,853,Barack Obama Joe Biden,1
George W. Bush,853,Barack Obama Richard Nixon,0
George W. Bush,853,Barack Obama Ronald Reagan,0
George W. Bush,853,Bernie Sanders Donald Trump,0
George W. Bush,853,Bernie Sanders Elizabeth Warren,0
George W. Bush,853,Bernie Sanders Hillary Clinton,0
George W. Bush,853,Bernie Sanders Joe Biden,0
George W. Bush,853,Bernie Sanders Richard Nixon,0
George W. Bush,853,Bernie Sanders Ronald Reagan,1
George W. Bush,853,Donald Trump Elizabeth Warren,0
George W. Bush,853,Donald Trump Joe Biden,0
George W. Bush,853,Donald Trump Ronald Reagan,0
George W. Bush,853,Elizabeth Warren Hillary Clinton,0
George W. Bush,853,Elizabeth Warren Joe Biden,0
George W. Bush,853,Elizabeth Warren Richard Nixon,0
George W. Bush,853,Elizabeth Warren Ronald Reagan,0
George W. Bush,853,Hillary Clinton Joe Biden,0
George W. Bush,853,Hillary Clinton Richard Nixon,0
George W. Bush,853,Hillary Clinton Ronald Reagan,0
George W. Bush,853,Joe Biden Richard Nixon,0
George W. Bush,853,Joe Biden Ronald Reagan,0
George W. Bush,853,Richard Nixon Ronald Reagan,0
George W. Bush,854,Abraham Lincoln Barack Obama,0
George W. Bush,854,Abraham Lincoln Bernie Sanders,0
George W. Bush,854,Abraham Lincoln Donald Trump,0
George W. Bush,854,Abraham Lincoln Elizabeth Warren,0
George W. Bush,854,Abraham Lincoln Hillary Clinton,0
George W. Bush,854,Abraham Lincoln Joe Biden,0
George W. Bush,854,Abraham Lincoln Richard Nixon,1
George W. Bush,854,Abraham Lincoln Ronald Reagan,0
George W. Bush,854,Barack Obama Bernie Sanders,0
George W. Bush,854,Barack Obama Donald Trump,0
George W. Bush,854,Barack Obama Elizabeth Warren,0
George W. Bush,854,Barack Obama Joe Biden,0
George W. Bush,854,Barack Obama Richard Nixon,0
George W. Bush,854,Barack Obama Ronald Reagan,0
George W. Bush,854,Bernie Sanders Donald Trump,0
George W. Bush,854,Bernie Sanders Elizabeth Warren,0
George W. Bush,854,Bernie Sanders Hillary Clinton,0
George W. Bush,854,Bernie Sanders Joe Biden,0
George W. Bush,854,Bernie Sanders Richard Nixon,0
George W. Bush,854,Bernie Sanders Ronald Reagan,0
George W. Bush,854,Donald Trump Elizabeth Warren,1
George W. Bush,854,Donald Trump Hillary Clinton,0
George W. Bush,854,Donald Trump Joe Biden,0
George W. Bush,854,Donald Trump Richard Nixon,0
George W. Bush,854,Donald Trump Ronald Reagan,0
George W. Bush,854,Elizabeth Warren Hillary Clinton,0
George W. Bush,854,Elizabeth Warren Richard Nixon,0
George W. Bush,854,Elizabeth Warren Ronald Reagan,0
George W. Bush,854,Hillary Clinton Joe Biden,0
George W. Bush,854,Hillary Clinton Richard Nixon,0
George W. Bush,854,Hillary Clinton Ronald Reagan,0
George W. Bush,854,Joe Biden Richard Nixon,0
George W. Bush,854,Joe Biden Ronald Reagan,0
George W. Bush,854,Richard Nixon Ronald Reagan,0
Abraham Lincoln,855,Barack Obama Bernie Sanders,0
Abraham Lincoln,855,Barack Obama Donald Trump,0
Abraham Lincoln,855,Barack Obama Elizabeth Warren,0
Abraham Lincoln,855,Barack Obama George W. Bush,0
Abraham Lincoln,855,Barack Obama Hillary Clinton,0
Abraham Lincoln,855,Barack Obama Joe Biden,0
Abraham Lincoln,855,Barack Obama Richard Nixon,0
Abraham Lincoln,855,Barack Obama Ronald Reagan,0
Abraham Lincoln,855,Bernie Sanders Donald Trump,0
Abraham Lincoln,855,Bernie Sanders Elizabeth Warren,0
Abraham Lincoln,855,Bernie Sanders George W. Bush,0
Abraham Lincoln,855,Bernie Sanders Hillary Clinton,0
Abraham Lincoln,855,Bernie Sanders Joe Biden,0
Abraham Lincoln,855,Bernie Sanders Richard Nixon,0
Abraham Lincoln,855,Bernie Sanders Ronald Reagan,0
Abraham Lincoln,855,Donald Trump Hillary Clinton,0
Abraham Lincoln,855,Donald Trump Joe Biden,0
Abraham Lincoln,855,Donald Trump Richard Nixon,0
Abraham Lincoln,855,Donald Trump Ronald Reagan,0
Abraham Lincoln,855,Elizabeth Warren George W. Bush,0
Abraham Lincoln,855,Elizabeth Warren Hillary Clinton,0
Abraham Lincoln,855,Elizabeth Warren Joe Biden,0
Abraham Lincoln,855,Elizabeth Warren Richard Nixon,0
Abraham Lincoln,855,Elizabeth Warren Ronald Reagan,0
Abraham Lincoln,855,George W. Bush Hillary Clinton,0
Abraham Lincoln,855,George W. Bush Joe Biden,0
Abraham Lincoln,855,George W. Bush Richard Nixon,0
Abraham Lincoln,855,George W. Bush Ronald Reagan,0
Abraham Lincoln,855,Hillary Clinton Joe Biden,1
Abraham Lincoln,855,Hillary Clinton Ronald Reagan,0
Abraham Lincoln,855,Joe Biden Richard Nixon,0
Abraham Lincoln,855,Richard Nixon Ronald Reagan,1
Joe Biden,856,Abraham Lincoln Barack Obama,0
Joe Biden,856,Abraham Lincoln Bernie Sanders,0
Joe Biden,856,Abraham Lincoln Donald Trump,0
Joe Biden,856,Abraham Lincoln Elizabeth Warren,0
Joe Biden,856,Abraham Lincoln George W. Bush,0
Joe Biden,856,Abraham Lincoln Hillary Clinton,0
Joe Biden,856,Abraham Lincoln Richard Nixon,0
Joe Biden,856,Abraham Lincoln Ronald Reagan,0
Joe Biden,856,Barack Obama Bernie Sanders,0
Joe Biden,856,Barack Obama Donald Trump,0
Joe Biden,856,Barack Obama Elizabeth Warren,0
Joe Biden,856,Barack Obama Hillary Clinton,1
Joe Biden,856,Barack Obama Richard Nixon,0
Joe Biden,856,Barack Obama Ronald Reagan,0
Joe Biden,856,Bernie Sanders Donald Trump,0
Joe Biden,856,Bernie Sanders Elizabeth Warren,0
Joe Biden,856,Bernie Sanders George W. Bush,1
Joe Biden,856,Bernie Sanders Hillary Clinton,0
Joe Biden,856,Bernie Sanders Richard Nixon,0
Joe Biden,856,Bernie Sanders Ronald Reagan,0
Joe Biden,856,Donald Trump Elizabeth Warren,0
Joe Biden,856,Donald Trump George W. Bush,0
Joe Biden,856,Donald Trump Hillary Clinton,0
Joe Biden,856,Donald Trump Richard Nixon,0
Joe Biden,856,Donald Trump Ronald Reagan,0
Joe Biden,856,Elizabeth Warren George W. Bush,0
Joe Biden,856,Elizabeth Warren Hillary Clinton,0
Joe Biden,856,Elizabeth Warren Richard Nixon,0
Joe Biden,856,Elizabeth Warren Ronald Reagan,0
Joe Biden,856,George W. Bush Hillary Clinton,0
Joe Biden,856,George W. Bush Richard Nixon,0
Joe Biden,856,George W. Bush Ronald Reagan,0
Joe Biden,856,Hillary Clinton Richard Nixon,1
Joe Biden,856,Hillary Clinton Ronald Reagan,0
Joe Biden,856,Richard Nixon Ronald Reagan,0
George W. Bush,857,Abraham Lincoln Barack Obama,0
George W. Bush,857,Abraham Lincoln Bernie Sanders,0
George W. Bush,857,Abraham Lincoln Elizabeth Warren,0
George W. Bush,857,Abraham Lincoln Hillary Clinton,0
George W. Bush,857,Abraham Lincoln Joe Biden,0
George W. Bush,857,Abraham Lincoln Richard Nixon,0
George W. Bush,857,Abraham Lincoln Ronald Reagan,0
George W. Bush,857,Barack Obama Bernie Sanders,0
George W. Bush,857,Barack Obama Donald Trump,0
George W. Bush,857,Barack Obama Elizabeth Warren,0
George W. Bush,857,Barack Obama Hillary Clinton,0
George W. Bush,857,Barack Obama Joe Biden,0
George W. Bush,857,Barack Obama Richard Nixon,0
George W. Bush,857,Barack Obama Ronald Reagan,0
George W. Bush,857,Bernie Sanders Donald Trump,0
George W. Bush,857,Bernie Sanders Elizabeth Warren,0
George W. Bush,857,Bernie Sanders Hillary Clinton,0
George W. Bush,857,Bernie Sanders Joe Biden,0
George W. Bush,857,Bernie Sanders Richard Nixon,0
George W. Bush,857,Bernie Sanders Ronald Reagan,0
George W. Bush,857,Donald Trump Elizabeth Warren,0
George W. Bush,857,Donald Trump Hillary Clinton,0
George W. Bush,857,Donald Trump Joe Biden,0
George W. Bush,857,Donald Trump Ronald Reagan,0
George W. Bush,857,Elizabeth Warren Hillary Clinton,0
George W. Bush,857,Elizabeth Warren Joe Biden,0
George W. Bush,857,Elizabeth Warren Richard Nixon,0
George W. Bush,857,Elizabeth Warren Ronald Reagan,0
George W. Bush,857,Hillary Clinton Joe Biden,0
George W. Bush,857,Hillary Clinton Richard Nixon,0
George W. Bush,857,Hillary Clinton Ronald Reagan,0
George W. Bush,857,Joe Biden Richard Nixon,0
George W. Bush,857,Joe Biden Ronald Reagan,0
George W. Bush,857,Richard Nixon Ronald Reagan,0
Bernie Sanders,858,Abraham Lincoln Barack Obama,0
Bernie Sanders,858,Abraham Lincoln Donald Trump,0
Bernie Sanders,858,Abraham Lincoln Elizabeth Warren,0
Bernie Sanders,858,Abraham Lincoln George W. Bush,1
Bernie Sanders,858,Abraham Lincoln Hillary Clinton,0
Bernie Sanders,858,Abraham Lincoln Joe Biden,0
Bernie Sanders,858,Abraham Lincoln Richard Nixon,0
Bernie Sanders,858,Abraham Lincoln Ronald Reagan,0
Bernie Sanders,858,Barack Obama Donald Trump,0
Bernie Sanders,858,Barack Obama Elizabeth Warren,0
Bernie Sanders,858,Barack Obama George W. Bush,0
Bernie Sanders,858,Barack Obama Hillary Clinton,0
Bernie Sanders,858,Barack Obama Joe Biden,0
Bernie Sanders,858,Barack Obama Richard Nixon,0
Bernie Sanders,858,Barack Obama Ronald Reagan,0
Bernie Sanders,858,Donald Trump Elizabeth Warren,0
Bernie Sanders,858,Donald Trump George W. Bush,0
Bernie Sanders,858,Donald Trump Hillary Clinton,0
Bernie Sanders,858,Donald Trump Joe Biden,0
Bernie Sanders,858,Donald Trump Richard Nixon,0
Bernie Sanders,858,Donald Trump Ronald Reagan,0
Bernie Sanders,858,Elizabeth Warren George W. Bush,0
Bernie Sanders,858,Elizabeth Warren Hillary Clinton,0
Bernie Sanders,858,Elizabeth Warren Joe Biden,0
Bernie Sanders,858,Elizabeth Warren Richard Nixon,0
Bernie Sanders,858,Elizabeth Warren Ronald Reagan,0
Bernie Sanders,858,George W. Bush Hillary Clinton,0
Bernie Sanders,858,George W. Bush Joe Biden,0
Bernie Sanders,858,George W. Bush Richard Nixon,0
Bernie Sanders,858,George W. Bush Ronald Reagan,0
Bernie Sanders,858,Hillary Clinton Joe Biden,0
Bernie Sanders,858,Hillary Clinton Richard Nixon,1
Bernie Sanders,858,Hillary Clinton Ronald Reagan,0
Bernie Sanders,858,Joe Biden Richard Nixon,0
Bernie Sanders,858,Joe Biden Ronald Reagan,0
Bernie Sanders,858,Richard Nixon Ronald Reagan,0
Richard Nixon,859,Abraham Lincoln Barack Obama,0
Richard Nixon,859,Abraham Lincoln Bernie Sanders,0
Richard Nixon,859,Abraham Lincoln Donald Trump,0
Richard Nixon,859,Abraham Lincoln Elizabeth Warren,0
Richard Nixon,859,Abraham Lincoln George W. Bush,0
Richard Nixon,859,Abraham Lincoln Hillary Clinton,0
Richard Nixon,859,Abraham Lincoln Joe Biden,0
Richard Nixon,859,Abraham Lincoln Ronald Reagan,0
Richard Nixon,859,Barack Obama Bernie Sanders,0
Richard Nixon,859,Barack Obama Donald Trump,0
Richard Nixon,859,Barack Obama Elizabeth Warren,1
Richard Nixon,859,Barack Obama George W. Bush,0
Richard Nixon,859,Barack Obama Hillary Clinton,0
Richard Nixon,859,Barack Obama Joe Biden,0
Richard Nixon,859,Barack Obama Ronald Reagan,0
Richard Nixon,859,Bernie Sanders Donald Trump,0
Richard Nixon,859,Bernie Sanders Elizabeth Warren,0
Richard Nixon,859,Bernie Sanders George W. Bush,0
Richard Nixon,859,Bernie Sanders Hillary Clinton,0
Richard Nixon,859,Bernie Sanders Joe Biden,0
Richard Nixon,859,Bernie Sanders Ronald Reagan,1
Richard Nixon,859,Donald Trump George W. Bush,0
Richard Nixon,859,Donald Trump Hillary Clinton,0
Richard Nixon,859,Donald Trump Joe Biden,0
Richard Nixon,859,Donald Trump Ronald Reagan,0
Richard Nixon,859,Elizabeth Warren George W. Bush,0
Richard Nixon,859,Elizabeth Warren Hillary Clinton,0
Richard Nixon,859,Elizabeth Warren Joe Biden,0
Richard Nixon,859,Elizabeth Warren Ronald Reagan,0
Richard Nixon,859,George W. Bush Hillary Clinton,0
Richard Nixon,859,George W. Bush Joe Biden,0
Richard Nixon,859,George W. Bush Ronald Reagan,0
Richard Nixon,859,Hillary Clinton Joe Biden,0
Richard Nixon,859,Hillary Clinton Ronald Reagan,0
Richard Nixon,859,Joe Biden Ronald Reagan,0
Barack Obama,860,Abraham Lincoln Bernie Sanders,0
Barack Obama,860,Abraham Lincoln Donald Trump,0
Barack Obama,860,Abraham Lincoln Elizabeth Warren,0
Barack Obama,860,Abraham Lincoln Hillary Clinton,0
Barack Obama,860,Abraham Lincoln Joe Biden,0
Barack Obama,860,Abraham Lincoln Richard Nixon,0
Barack Obama,860,Abraham Lincoln Ronald Reagan,0
Barack Obama,860,Bernie Sanders Donald Trump,0
Barack Obama,860,Bernie Sanders Elizabeth Warren,0
Barack Obama,860,Bernie Sanders George W. Bush,0
Barack Obama,860,Bernie Sanders Hillary Clinton,0
Barack Obama,860,Bernie Sanders Joe Biden,0
Barack Obama,860,Bernie Sanders Richard Nixon,0
Barack Obama,860,Bernie Sanders Ronald Reagan,0
Barack Obama,860,Donald Trump Elizabeth Warren,0
Barack Obama,860,Donald Trump George W. Bush,0
Barack Obama,860,Donald Trump Hillary Clinton,0
Barack Obama,860,Donald Trump Joe Biden,1
Barack Obama,860,Donald Trump Richard Nixon,1
Barack Obama,860,Donald Trump Ronald Reagan,1
Barack Obama,860,Elizabeth Warren George W. Bush,0
Barack Obama,860,Elizabeth Warren Hillary Clinton,0
Barack Obama,860,Elizabeth Warren Joe Biden,0
Barack Obama,860,Elizabeth Warren Richard Nixon,0
Barack Obama,860,Elizabeth Warren Ronald Reagan,0
Barack Obama,860,George W. Bush Hillary Clinton,0
Barack Obama,860,George W. Bush Joe Biden,0
Barack Obama,860,George W. Bush Richard Nixon,0
Barack Obama,860,George W. Bush Ronald Reagan,0
Barack Obama,860,Hillary Clinton Joe Biden,1
Barack Obama,860,Hillary Clinton Richard Nixon,1
Barack Obama,860,Hillary Clinton Ronald Reagan,0
Barack Obama,860,Joe Biden Richard Nixon,0
Barack Obama,860,Joe Biden Ronald Reagan,0
Barack Obama,860,Richard Nixon Ronald Reagan,0
Joe Biden,861,Abraham Lincoln Barack Obama,0
Joe Biden,861,Abraham Lincoln Bernie Sanders,0
Joe Biden,861,Abraham Lincoln Donald Trump,0
Joe Biden,861,Abraham Lincoln Elizabeth Warren,0
Joe Biden,861,Abraham Lincoln George W. Bush,0
Joe Biden,861,Abraham Lincoln Hillary Clinton,0
Joe Biden,861,Abraham Lincoln Richard Nixon,0
Joe Biden,861,Barack Obama Bernie Sanders,0
Joe Biden,861,Barack Obama Donald Trump,0
Joe Biden,861,Barack Obama Elizabeth Warren,0
Joe Biden,861,Barack Obama George W. Bush,0
Joe Biden,861,Barack Obama Hillary Clinton,0
Joe Biden,861,Barack Obama Richard Nixon,0
Joe Biden,861,Barack Obama Ronald Reagan,0
Joe Biden,861,Bernie Sanders Donald Trump,0
Joe Biden,861,Bernie Sanders Elizabeth Warren,0
Joe Biden,861,Bernie Sanders George W. Bush,0
Joe Biden,861,Bernie Sanders Hillary Clinton,0
Joe Biden,861,Bernie Sanders Richard Nixon,0
Joe Biden,861,Bernie Sanders Ronald Reagan,0
Joe Biden,861,Donald Trump George W. Bush,0
Joe Biden,861,Donald Trump Hillary Clinton,0
Joe Biden,861,Donald Trump Richard Nixon,0
Joe Biden,861,Donald Trump Ronald Reagan,0
Joe Biden,861,Elizabeth Warren George W. Bush,0
Joe Biden,861,Elizabeth Warren Hillary Clinton,0
Joe Biden,861,Elizabeth Warren Richard Nixon,0
Joe Biden,861,Elizabeth Warren Ronald Reagan,0
Joe Biden,861,George W. Bush Hillary Clinton,0
Joe Biden,861,George W. Bush Richard Nixon,0
Joe Biden,861,George W. Bush Ronald Reagan,0
Joe Biden,861,Hillary Clinton Richard Nixon,0
Joe Biden,861,Hillary Clinton Ronald Reagan,1
Joe Biden,861,Richard Nixon Ronald Reagan,0
Ronald Reagan,862,Abraham Lincoln Barack Obama,0
Ronald Reagan,862,Abraham Lincoln Bernie Sanders,0
Ronald Reagan,862,Abraham Lincoln Donald Trump,0
Ronald Reagan,862,Abraham Lincoln Elizabeth Warren,0
Ronald Reagan,862,Abraham Lincoln George W. Bush,0
Ronald Reagan,862,Abraham Lincoln Hillary Clinton,0
Ronald Reagan,862,Abraham Lincoln Joe Biden,0
Ronald Reagan,862,Abraham Lincoln Richard Nixon,0
Ronald Reagan,862,Barack Obama Bernie Sanders,0
Ronald Reagan,862,Barack Obama Donald Trump,0
Ronald Reagan,862,Barack Obama Elizabeth Warren,0
Ronald Reagan,862,Barack Obama George W. Bush,0
Ronald Reagan,862,Barack Obama Hillary Clinton,0
Ronald Reagan,862,Barack Obama Richard Nixon,0
Ronald Reagan,862,Bernie Sanders Donald Trump,0
Ronald Reagan,862,Bernie Sanders Elizabeth Warren,0
Ronald Reagan,862,Bernie Sanders George W. Bush,0
Ronald Reagan,862,Bernie Sanders Hillary Clinton,0
Ronald Reagan,862,Bernie Sanders Joe Biden,0
Ronald Reagan,862,Bernie Sanders Richard Nixon,0
Ronald Reagan,862,Donald Trump Elizabeth Warren,0
Ronald Reagan,862,Donald Trump George W. Bush,0
Ronald Reagan,862,Donald Trump Hillary Clinton,0
Ronald Reagan,862,Donald Trump Joe Biden,0
Ronald Reagan,862,Donald Trump Richard Nixon,0
Ronald Reagan,862,Elizabeth Warren George W. Bush,0
Ronald Reagan,862,Elizabeth Warren Hillary Clinton,0
Ronald Reagan,862,Elizabeth Warren Joe Biden,0
Ronald Reagan,862,Elizabeth Warren Richard Nixon,0
Ronald Reagan,862,George W. Bush Hillary Clinton,0
Ronald Reagan,862,George W. Bush Joe Biden,0
Ronald Reagan,862,George W. Bush Richard Nixon,0
Ronald Reagan,862,Hillary Clinton Joe Biden,0
Ronald Reagan,862,Hillary Clinton Richard Nixon,0
Ronald Reagan,862,Joe Biden Richard Nixon,1
Bernie Sanders,863,Abraham Lincoln Barack Obama,0
Bernie Sanders,863,Abraham Lincoln Donald Trump,0
Bernie Sanders,863,Abraham Lincoln Elizabeth Warren,0
Bernie Sanders,863,Abraham Lincoln George W. Bush,0
Bernie Sanders,863,Abraham Lincoln Hillary Clinton,0
Bernie Sanders,863,Abraham Lincoln Richard Nixon,1
Bernie Sanders,863,Abraham Lincoln Ronald Reagan,0
Bernie Sanders,863,Barack Obama Donald Trump,0
Bernie Sanders,863,Barack Obama Elizabeth Warren,0
Bernie Sanders,863,Barack Obama George W. Bush,0
Bernie Sanders,863,Barack Obama Hillary Clinton,0
Bernie Sanders,863,Barack Obama Joe Biden,0
Bernie Sanders,863,Barack Obama Richard Nixon,0
Bernie Sanders,863,Barack Obama Ronald Reagan,0
Bernie Sanders,863,Donald Trump Elizabeth Warren,0
Bernie Sanders,863,Donald Trump George W. Bush,0
Bernie Sanders,863,Donald Trump Hillary Clinton,0
Bernie Sanders,863,Donald Trump Joe Biden,0
Bernie Sanders,863,Donald Trump Ronald Reagan,0
Bernie Sanders,863,Elizabeth Warren Hillary Clinton,0
Bernie Sanders,863,Elizabeth Warren Joe Biden,0
Bernie Sanders,863,Elizabeth Warren Richard Nixon,0
Bernie Sanders,863,Elizabeth Warren Ronald Reagan,0
Bernie Sanders,863,George W. Bush Hillary Clinton,0
Bernie Sanders,863,George W. Bush Joe Biden,0
Bernie Sanders,863,George W. Bush Richard Nixon,1
Bernie Sanders,863,George W. Bush Ronald Reagan,0
Bernie Sanders,863,Hillary Clinton Joe Biden,0
Bernie Sanders,863,Hillary Clinton Richard Nixon,0
Bernie Sanders,863,Joe Biden Richard Nixon,0
Bernie Sanders,863,Joe Biden Ronald Reagan,0
Bernie Sanders,863,Richard Nixon Ronald Reagan,1
Elizabeth Warren,864,Abraham Lincoln Barack Obama,0
Elizabeth Warren,864,Abraham Lincoln Bernie Sanders,0
Elizabeth Warren,864,Abraham Lincoln Donald Trump,0
Elizabeth Warren,864,Abraham Lincoln George W. Bush,0
Elizabeth Warren,864,Abraham Lincoln Hillary Clinton,1
Elizabeth Warren,864,Abraham Lincoln Joe Biden,0
Elizabeth Warren,864,Abraham Lincoln Richard Nixon,0
Elizabeth Warren,864,Abraham Lincoln Ronald Reagan,0
Elizabeth Warren,864,Barack Obama Bernie Sanders,0
Elizabeth Warren,864,Barack Obama Donald Trump,0
Elizabeth Warren,864,Barack Obama George W. Bush,0
Elizabeth Warren,864,Barack Obama Hillary Clinton,0
Elizabeth Warren,864,Barack Obama Joe Biden,1
Elizabeth Warren,864,Barack Obama Richard Nixon,0
Elizabeth Warren,864,Barack Obama Ronald Reagan,0
Elizabeth Warren,864,Bernie Sanders Donald Trump,0
Elizabeth Warren,864,Bernie Sanders George W. Bush,0
Elizabeth Warren,864,Bernie Sanders Hillary Clinton,0
Elizabeth Warren,864,Bernie Sanders Joe Biden,0
Elizabeth Warren,864,Bernie Sanders Richard Nixon,0
Elizabeth Warren,864,Bernie Sanders Ronald Reagan,0
Elizabeth Warren,864,Donald Trump Hillary Clinton,0
Elizabeth Warren,864,Donald Trump Joe Biden,0
Elizabeth Warren,864,Donald Trump Richard Nixon,0
Elizabeth Warren,864,Donald Trump Ronald Reagan,0
Elizabeth Warren,864,George W. Bush Hillary Clinton,1
Elizabeth Warren,864,George W. Bush Joe Biden,0
Elizabeth Warren,864,George W. Bush Richard Nixon,0
Elizabeth Warren,864,George W. Bush Ronald Reagan,0
Elizabeth Warren,864,Hillary Clinton Joe Biden,0
Elizabeth Warren,864,Hillary Clinton Richard Nixon,0
Elizabeth Warren,864,Hillary Clinton Ronald Reagan,0
Elizabeth Warren,864,Joe Biden Richard Nixon,0
Elizabeth Warren,864,Joe Biden Ronald Reagan,0
Elizabeth Warren,864,Richard Nixon Ronald Reagan,0
George W. Bush,865,Abraham Lincoln Barack Obama,0
George W. Bush,865,Abraham Lincoln Bernie Sanders,0
George W. Bush,865,Abraham Lincoln Donald Trump,0
George W. Bush,865,Abraham Lincoln Elizabeth Warren,0
George W. Bush,865,Abraham Lincoln Hillary Clinton,0
George W. Bush,865,Abraham Lincoln Joe Biden,0
George W. Bush,865,Abraham Lincoln Richard Nixon,0
George W. Bush,865,Abraham Lincoln Ronald Reagan,0
George W. Bush,865,Barack Obama Bernie Sanders,0
George W. Bush,865,Barack Obama Donald Trump,1
George W. Bush,865,Barack Obama Elizabeth Warren,0
George W. Bush,865,Barack Obama Hillary Clinton,0
George W. Bush,865,Barack Obama Joe Biden,0
George W. Bush,865,Barack Obama Ronald Reagan,1
George W. Bush,865,Bernie Sanders Donald Trump,0
George W. Bush,865,Bernie Sanders Elizabeth Warren,0
George W. Bush,865,Bernie Sanders Hillary Clinton,0
George W. Bush,865,Bernie Sanders Joe Biden,0
George W. Bush,865,Bernie Sanders Richard Nixon,0
George W. Bush,865,Bernie Sanders Ronald Reagan,0
George W. Bush,865,Donald Trump Elizabeth Warren,0
George W. Bush,865,Donald Trump Hillary Clinton,0
George W. Bush,865,Donald Trump Richard Nixon,0
George W. Bush,865,Elizabeth Warren Joe Biden,0
George W. Bush,865,Elizabeth Warren Richard Nixon,0
George W. Bush,865,Elizabeth Warren Ronald Reagan,0
George W. Bush,865,Hillary Clinton Joe Biden,0
George W. Bush,865,Hillary Clinton Richard Nixon,0
George W. Bush,865,Hillary Clinton Ronald Reagan,0
George W. Bush,865,Joe Biden Richard Nixon,0
George W. Bush,865,Joe Biden Ronald Reagan,0
Ronald Reagan,866,Abraham Lincoln Bernie Sanders,0
Ronald Reagan,866,Abraham Lincoln Donald Trump,0
Ronald Reagan,866,Abraham Lincoln Elizabeth Warren,0
Ronald Reagan,866,Abraham Lincoln George W. Bush,0
Ronald Reagan,866,Abraham Lincoln Hillary Clinton,0
Ronald Reagan,866,Abraham Lincoln Joe Biden,0
Ronald Reagan,866,Abraham Lincoln Richard Nixon,0
Ronald Reagan,866,Barack Obama Bernie Sanders,0
Ronald Reagan,866,Barack Obama Elizabeth Warren,0
Ronald Reagan,866,Barack Obama George W. Bush,0
Ronald Reagan,866,Barack Obama Hillary Clinton,0
Ronald Reagan,866,Barack Obama Joe Biden,0
Ronald Reagan,866,Barack Obama Richard Nixon,0
Ronald Reagan,866,Bernie Sanders Donald Trump,0
Ronald Reagan,866,Bernie Sanders Elizabeth Warren,0
Ronald Reagan,866,Bernie Sanders George W. Bush,0
Ronald Reagan,866,Bernie Sanders Hillary Clinton,0
Ronald Reagan,866,Bernie Sanders Joe Biden,0
Ronald Reagan,866,Bernie Sanders Richard Nixon,0
Ronald Reagan,866,Donald Trump Elizabeth Warren,0
Ronald Reagan,866,Donald Trump George W. Bush,0
Ronald Reagan,866,Donald Trump Joe Biden,1
Ronald Reagan,866,Donald Trump Richard Nixon,0
Ronald Reagan,866,Elizabeth Warren George W. Bush,0
Ronald Reagan,866,Elizabeth Warren Hillary Clinton,0
Ronald Reagan,866,Elizabeth Warren Joe Biden,0
Ronald Reagan,866,Elizabeth Warren Richard Nixon,0
Ronald Reagan,866,George W. Bush Hillary Clinton,0
Ronald Reagan,866,George W. Bush Joe Biden,0
Ronald Reagan,866,George W. Bush Richard Nixon,0
Ronald Reagan,866,Hillary Clinton Joe Biden,0
Ronald Reagan,866,Hillary Clinton Richard Nixon,1
Ronald Reagan,866,Joe Biden Richard Nixon,0
George W. Bush,867,Abraham Lincoln Barack Obama,0
George W. Bush,867,Abraham Lincoln Bernie Sanders,0
George W. Bush,867,Abraham Lincoln Donald Trump,1
George W. Bush,867,Abraham Lincoln Elizabeth Warren,0
George W. Bush,867,Abraham Lincoln Hillary Clinton,0
George W. Bush,867,Abraham Lincoln Joe Biden,0
George W. Bush,867,Abraham Lincoln Richard Nixon,0
George W. Bush,867,Abraham Lincoln Ronald Reagan,0
George W. Bush,867,Barack Obama Bernie Sanders,0
George W. Bush,867,Barack Obama Donald Trump,0
George W. Bush,867,Barack Obama Elizabeth Warren,0
George W. Bush,867,Barack Obama Hillary Clinton,0
George W. Bush,867,Barack Obama Joe Biden,0
George W. Bush,867,Barack Obama Richard Nixon,0
George W. Bush,867,Barack Obama Ronald Reagan,0
George W. Bush,867,Bernie Sanders Donald Trump,0
George W. Bush,867,Bernie Sanders Elizabeth Warren,0
George W. Bush,867,Bernie Sanders Hillary Clinton,0
George W. Bush,867,Bernie Sanders Joe Biden,0
George W. Bush,867,Bernie Sanders Richard Nixon,0
George W. Bush,867,Bernie Sanders Ronald Reagan,0
George W. Bush,867,Donald Trump Elizabeth Warren,0
George W. Bush,867,Donald Trump Hillary Clinton,0
George W. Bush,867,Donald Trump Joe Biden,1
George W. Bush,867,Donald Trump Ronald Reagan,0
George W. Bush,867,Elizabeth Warren Hillary Clinton,0
George W. Bush,867,Elizabeth Warren Joe Biden,0
George W. Bush,867,Elizabeth Warren Richard Nixon,0
George W. Bush,867,Elizabeth Warren Ronald Reagan,0
George W. Bush,867,Hillary Clinton Joe Biden,0
George W. Bush,867,Hillary Clinton Richard Nixon,0
George W. Bush,867,Hillary Clinton Ronald Reagan,0
George W. Bush,867,Joe Biden Richard Nixon,0
George W. Bush,867,Joe Biden Ronald Reagan,1
Donald Trump,868,Abraham Lincoln Barack Obama,0
Donald Trump,868,Abraham Lincoln Bernie Sanders,0
Donald Trump,868,Abraham Lincoln Elizabeth Warren,0
Donald Trump,868,Abraham Lincoln George W. Bush,0
Donald Trump,868,Abraham Lincoln Hillary Clinton,0
Donald Trump,868,Abraham Lincoln Joe Biden,0
Donald Trump,868,Abraham Lincoln Ronald Reagan,0
Donald Trump,868,Barack Obama Bernie Sanders,0
Donald Trump,868,Barack Obama Elizabeth Warren,0
Donald Trump,868,Barack Obama George W. Bush,1
Donald Trump,868,Barack Obama Hillary Clinton,0
Donald Trump,868,Barack Obama Richard Nixon,0
Donald Trump,868,Barack Obama Ronald Reagan,1
Donald Trump,868,Bernie Sanders Elizabeth Warren,0
Donald Trump,868,Bernie Sanders George W. Bush,0
Donald Trump,868,Bernie Sanders Hillary Clinton,0
Donald Trump,868,Bernie Sanders Joe Biden,0
Donald Trump,868,Bernie Sanders Richard Nixon,0
Donald Trump,868,Bernie Sanders Ronald Reagan,0
Donald Trump,868,Elizabeth Warren George W. Bush,0
Donald Trump,868,Elizabeth Warren Hillary Clinton,0
Donald Trump,868,Elizabeth Warren Joe Biden,0
Donald Trump,868,Elizabeth Warren Richard Nixon,1
Donald Trump,868,Elizabeth Warren Ronald Reagan,0
Donald Trump,868,George W. Bush Hillary Clinton,0
Donald Trump,868,George W. Bush Joe Biden,0
Donald Trump,868,George W. Bush Richard Nixon,0
Donald Trump,868,George W. Bush Ronald Reagan,0
Donald Trump,868,Hillary Clinton Joe Biden,0
Donald Trump,868,Hillary Clinton Richard Nixon,0
Donald Trump,868,Hillary Clinton Ronald Reagan,1
Donald Trump,868,Joe Biden Richard Nixon,0
Donald Trump,868,Joe Biden Ronald Reagan,0
Donald Trump,868,Richard Nixon Ronald Reagan,0
Bernie Sanders,869,Abraham Lincoln Barack Obama,0
Bernie Sanders,869,Abraham Lincoln Donald Trump,0
Bernie Sanders,869,Abraham Lincoln Elizabeth Warren,0
Bernie Sanders,869,Abraham Lincoln George W. Bush,0
Bernie Sanders,869,Abraham Lincoln Hillary Clinton,0
Bernie Sanders,869,Abraham Lincoln Joe Biden,0
Bernie Sanders,869,Abraham Lincoln Richard Nixon,0
Bernie Sanders,869,Abraham Lincoln Ronald Reagan,0
Bernie Sanders,869,Barack Obama Donald Trump,0
Bernie Sanders,869,Barack Obama Elizabeth Warren,0
Bernie Sanders,869,Barack Obama Joe Biden,0
Bernie Sanders,869,Barack Obama Richard Nixon,0
Bernie Sanders,869,Barack Obama Ronald Reagan,0
Bernie Sanders,869,Donald Trump Elizabeth Warren,0
Bernie Sanders,869,Donald Trump George W. Bush,0
Bernie Sanders,869,Donald Trump Hillary Clinton,0
Bernie Sanders,869,Donald Trump Joe Biden,0
Bernie Sanders,869,Donald Trump Richard Nixon,0
Bernie Sanders,869,Donald Trump Ronald Reagan,0
Bernie Sanders,869,Elizabeth Warren George W. Bush,0
Bernie Sanders,869,Elizabeth Warren Hillary Clinton,0
Bernie Sanders,869,Elizabeth Warren Joe Biden,0
Bernie Sanders,869,Elizabeth Warren Richard Nixon,0
Bernie Sanders,869,Elizabeth Warren Ronald Reagan,0
Bernie Sanders,869,George W. Bush Hillary Clinton,0
Bernie Sanders,869,George W. Bush Joe Biden,0
Bernie Sanders,869,George W. Bush Richard Nixon,0
Bernie Sanders,869,George W. Bush Ronald Reagan,0
Bernie Sanders,869,Hillary Clinton Joe Biden,0
Bernie Sanders,869,Hillary Clinton Richard Nixon,0
Bernie Sanders,869,Hillary Clinton Ronald Reagan,0
Bernie Sanders,869,Joe Biden Richard Nixon,0
Bernie Sanders,869,Joe Biden Ronald Reagan,0
Bernie Sanders,869,Richard Nixon Ronald Reagan,0
Donald Trump,870,Abraham Lincoln Barack Obama,0
Donald Trump,870,Abraham Lincoln Bernie Sanders,0
Donald Trump,870,Abraham Lincoln Elizabeth Warren,0
Donald Trump,870,Abraham Lincoln George W. Bush,0
Donald Trump,870,Abraham Lincoln Hillary Clinton,0
Donald Trump,870,Abraham Lincoln Joe Biden,0
Donald Trump,870,Abraham Lincoln Richard Nixon,0
Donald Trump,870,Abraham Lincoln Ronald Reagan,0
Donald Trump,870,Barack Obama Bernie Sanders,0
Donald Trump,870,Barack Obama Elizabeth Warren,0
Donald Trump,870,Barack Obama George W. Bush,0
Donald Trump,870,Barack Obama Hillary Clinton,0
Donald Trump,870,Barack Obama Joe Biden,0
Donald Trump,870,Barack Obama Richard Nixon,0
Donald Trump,870,Barack Obama Ronald Reagan,0
Donald Trump,870,Bernie Sanders Elizabeth Warren,0
Donald Trump,870,Bernie Sanders George W. Bush,1
Donald Trump,870,Bernie Sanders Hillary Clinton,0
Donald Trump,870,Bernie Sanders Joe Biden,1
Donald Trump,870,Bernie Sanders Richard Nixon,0
Donald Trump,870,Bernie Sanders Ronald Reagan,0
Donald Trump,870,Elizabeth Warren George W. Bush,0
Donald Trump,870,Elizabeth Warren Hillary Clinton,0
Donald Trump,870,Elizabeth Warren Joe Biden,0
Donald Trump,870,Elizabeth Warren Richard Nixon,0
Donald Trump,870,Elizabeth Warren Ronald Reagan,0
Donald Trump,870,George W. Bush Hillary Clinton,0
Donald Trump,870,George W. Bush Joe Biden,0
Donald Trump,870,George W. Bush Richard Nixon,0
Donald Trump,870,George W. Bush Ronald Reagan,1
Donald Trump,870,Hillary Clinton Joe Biden,0
Donald Trump,870,Hillary Clinton Richard Nixon,0
Donald Trump,870,Hillary Clinton Ronald Reagan,0
Donald Trump,870,Joe Biden Richard Nixon,0
Donald Trump,870,Joe Biden Ronald Reagan,0
Donald Trump,870,Richard Nixon Ronald Reagan,1
Abraham Lincoln,871,Barack Obama Bernie Sanders,0
Abraham Lincoln,871,Barack Obama Donald Trump,0
Abraham Lincoln,871,Barack Obama Elizabeth Warren,0
Abraham Lincoln,871,Barack Obama George W. Bush,0
Abraham Lincoln,871,Barack Obama Hillary Clinton,0
Abraham Lincoln,871,Barack Obama Joe Biden,0
Abraham Lincoln,871,Barack Obama Richard Nixon,0
Abraham Lincoln,871,Barack Obama Ronald Reagan,0
Abraham Lincoln,871,Bernie Sanders Donald Trump,0
Abraham Lincoln,871,Bernie Sanders Elizabeth Warren,0
Abraham Lincoln,871,Bernie Sanders George W. Bush,0
Abraham Lincoln,871,Bernie Sanders Hillary Clinton,0
Abraham Lincoln,871,Bernie Sanders Joe Biden,0
Abraham Lincoln,871,Bernie Sanders Richard Nixon,0
Abraham Lincoln,871,Bernie Sanders Ronald Reagan,0
Abraham Lincoln,871,Donald Trump George W. Bush,0
Abraham Lincoln,871,Donald Trump Joe Biden,0
Abraham Lincoln,871,Donald Trump Ronald Reagan,0
Abraham Lincoln,871,Elizabeth Warren George W. Bush,0
Abraham Lincoln,871,Elizabeth Warren Hillary Clinton,0
Abraham Lincoln,871,Elizabeth Warren Joe Biden,0
Abraham Lincoln,871,Elizabeth Warren Richard Nixon,0
Abraham Lincoln,871,Elizabeth Warren Ronald Reagan,0
Abraham Lincoln,871,George W. Bush Joe Biden,0
Abraham Lincoln,871,George W. Bush Richard Nixon,0
Abraham Lincoln,871,George W. Bush Ronald Reagan,0
Abraham Lincoln,871,Hillary Clinton Joe Biden,0
Abraham Lincoln,871,Hillary Clinton Richard Nixon,0
Abraham Lincoln,871,Hillary Clinton Ronald Reagan,0
Abraham Lincoln,871,Joe Biden Richard Nixon,1
Abraham Lincoln,871,Joe Biden Ronald Reagan,0
Abraham Lincoln,871,Richard Nixon Ronald Reagan,0
Donald Trump,872,Abraham Lincoln Barack Obama,0
Donald Trump,872,Abraham Lincoln Bernie Sanders,0
Donald Trump,872,Abraham Lincoln Elizabeth Warren,0
Donald Trump,872,Abraham Lincoln George W. Bush,0
Donald Trump,872,Abraham Lincoln Hillary Clinton,0
Donald Trump,872,Abraham Lincoln Joe Biden,0
Donald Trump,872,Abraham Lincoln Richard Nixon,1
Donald Trump,872,Abraham Lincoln Ronald Reagan,0
Donald Trump,872,Barack Obama Bernie Sanders,0
Donald Trump,872,Barack Obama Elizabeth Warren,0
Donald Trump,872,Barack Obama George W. Bush,1
Donald Trump,872,Barack Obama Hillary Clinton,0
Donald Trump,872,Barack Obama Joe Biden,0
Donald Trump,872,Barack Obama Richard Nixon,1
Donald Trump,872,Barack Obama Ronald Reagan,0
Donald Trump,872,Bernie Sanders Elizabeth Warren,0
Donald Trump,872,Bernie Sanders George W. Bush,0
Donald Trump,872,Bernie Sanders Hillary Clinton,0
Donald Trump,872,Bernie Sanders Joe Biden,0
Donald Trump,872,Bernie Sanders Richard Nixon,0
Donald Trump,872,Bernie Sanders Ronald Reagan,1
Donald Trump,872,Elizabeth Warren George W. Bush,0
Donald Trump,872,Elizabeth Warren Hillary Clinton,0
Donald Trump,872,Elizabeth Warren Joe Biden,0
Donald Trump,872,Elizabeth Warren Richard Nixon,0
Donald Trump,872,Elizabeth Warren Ronald Reagan,0
Donald Trump,872,George W. Bush Hillary Clinton,0
Donald Trump,872,George W. Bush Richard Nixon,0
Donald Trump,872,George W. Bush Ronald Reagan,1
Donald Trump,872,Hillary Clinton Joe Biden,0
Donald Trump,872,Hillary Clinton Richard Nixon,0
Donald Trump,872,Hillary Clinton Ronald Reagan,0
Donald Trump,872,Joe Biden Ronald Reagan,0
Donald Trump,872,Richard Nixon Ronald Reagan,0
Abraham Lincoln,873,Barack Obama Bernie Sanders,0
Abraham Lincoln,873,Barack Obama Donald Trump,0
Abraham Lincoln,873,Barack Obama Elizabeth Warren,1
Abraham Lincoln,873,Barack Obama Hillary Clinton,0
Abraham Lincoln,873,Barack Obama Joe Biden,0
Abraham Lincoln,873,Barack Obama Richard Nixon,0
Abraham Lincoln,873,Bernie Sanders Donald Trump,0
Abraham Lincoln,873,Bernie Sanders Elizabeth Warren,0
Abraham Lincoln,873,Bernie Sanders George W. Bush,0
Abraham Lincoln,873,Bernie Sanders Hillary Clinton,0
Abraham Lincoln,873,Bernie Sanders Joe Biden,0
Abraham Lincoln,873,Bernie Sanders Richard Nixon,0
Abraham Lincoln,873,Bernie Sanders Ronald Reagan,0
Abraham Lincoln,873,Donald Trump Elizabeth Warren,0
Abraham Lincoln,873,Donald Trump George W. Bush,0
Abraham Lincoln,873,Donald Trump Hillary Clinton,0
Abraham Lincoln,873,Donald Trump Joe Biden,0
Abraham Lincoln,873,Donald Trump Richard Nixon,0
Abraham Lincoln,873,Elizabeth Warren George W. Bush,0
Abraham Lincoln,873,Elizabeth Warren Hillary Clinton,0
Abraham Lincoln,873,Elizabeth Warren Joe Biden,0
Abraham Lincoln,873,Elizabeth Warren Richard Nixon,0
Abraham Lincoln,873,Elizabeth Warren Ronald Reagan,0
Abraham Lincoln,873,George W. Bush Hillary Clinton,0
Abraham Lincoln,873,George W. Bush Joe Biden,0
Abraham Lincoln,873,George W. Bush Richard Nixon,0
Abraham Lincoln,873,George W. Bush Ronald Reagan,0
Abraham Lincoln,873,Hillary Clinton Joe Biden,0
Abraham Lincoln,873,Hillary Clinton Richard Nixon,0
Abraham Lincoln,873,Hillary Clinton Ronald Reagan,0
Abraham Lincoln,873,Joe Biden Richard Nixon,1
Abraham Lincoln,873,Joe Biden Ronald Reagan,0
Abraham Lincoln,873,Richard Nixon Ronald Reagan,0
Abraham Lincoln,874,Barack Obama Bernie Sanders,0
Abraham Lincoln,874,Barack Obama Donald Trump,0
Abraham Lincoln,874,Barack Obama Elizabeth Warren,0
Abraham Lincoln,874,Barack Obama George W. Bush,0
Abraham Lincoln,874,Barack Obama Hillary Clinton,0
Abraham Lincoln,874,Barack Obama Joe Biden,0
Abraham Lincoln,874,Barack Obama Richard Nixon,0
Abraham Lincoln,874,Barack Obama Ronald Reagan,0
Abraham Lincoln,874,Bernie Sanders Donald Trump,0
Abraham Lincoln,874,Bernie Sanders Elizabeth Warren,0
Abraham Lincoln,874,Bernie Sanders George W. Bush,0
Abraham Lincoln,874,Bernie Sanders Hillary Clinton,0
Abraham Lincoln,874,Bernie Sanders Richard Nixon,1
Abraham Lincoln,874,Bernie Sanders Ronald Reagan,0
Abraham Lincoln,874,Donald Trump Elizabeth Warren,0
Abraham Lincoln,874,Donald Trump George W. Bush,0
Abraham Lincoln,874,Donald Trump Joe Biden,0
Abraham Lincoln,874,Donald Trump Richard Nixon,0
Abraham Lincoln,874,Donald Trump Ronald Reagan,0
Abraham Lincoln,874,Elizabeth Warren George W. Bush,0
Abraham Lincoln,874,Elizabeth Warren Hillary Clinton,0
Abraham Lincoln,874,Elizabeth Warren Joe Biden,0
Abraham Lincoln,874,Elizabeth Warren Richard Nixon,0
Abraham Lincoln,874,Elizabeth Warren Ronald Reagan,0
Abraham Lincoln,874,George W. Bush Hillary Clinton,0
Abraham Lincoln,874,George W. Bush Joe Biden,0
Abraham Lincoln,874,George W. Bush Richard Nixon,0
Abraham Lincoln,874,George W. Bush Ronald Reagan,0
Abraham Lincoln,874,Hillary Clinton Joe Biden,0
Abraham Lincoln,874,Hillary Clinton Richard Nixon,0
Abraham Lincoln,874,Hillary Clinton Ronald Reagan,0
Abraham Lincoln,874,Joe Biden Richard Nixon,0
Abraham Lincoln,874,Joe Biden Ronald Reagan,0
Abraham Lincoln,874,Richard Nixon Ronald Reagan,0
Ronald Reagan,875,Abraham Lincoln Barack Obama,0
Ronald Reagan,875,Abraham Lincoln Bernie Sanders,0
Ronald Reagan,875,Abraham Lincoln Donald Trump,0
Ronald Reagan,875,Abraham Lincoln Elizabeth Warren,0
Ronald Reagan,875,Abraham Lincoln George W. Bush,0
Ronald Reagan,875,Abraham Lincoln Hillary Clinton,0
Ronald Reagan,875,Abraham Lincoln Joe Biden,0
Ronald Reagan,875,Abraham Lincoln Richard Nixon,0
Ronald Reagan,875,Barack Obama Donald Trump,0
Ronald Reagan,875,Barack Obama Elizabeth Warren,0
Ronald Reagan,875,Barack Obama George W. Bush,0
Ronald Reagan,875,Barack Obama Hillary Clinton,0
Ronald Reagan,875,Barack Obama Joe Biden,0
Ronald Reagan,875,Barack Obama Richard Nixon,0
Ronald Reagan,875,Bernie Sanders Donald Trump,0
Ronald Reagan,875,Bernie Sanders Elizabeth Warren,0
Ronald Reagan,875,Bernie Sanders George W. Bush,0
Ronald Reagan,875,Bernie Sanders Hillary Clinton,0
Ronald Reagan,875,Bernie Sanders Joe Biden,0
Ronald Reagan,875,Bernie Sanders Richard Nixon,0
Ronald Reagan,875,Donald Trump Elizabeth Warren,0
Ronald Reagan,875,Donald Trump Hillary Clinton,0
Ronald Reagan,875,Donald Trump Joe Biden,0
Ronald Reagan,875,Donald Trump Richard Nixon,0
Ronald Reagan,875,Elizabeth Warren George W. Bush,0
Ronald Reagan,875,Elizabeth Warren Hillary Clinton,0
Ronald Reagan,875,Elizabeth Warren Joe Biden,0
Ronald Reagan,875,Elizabeth Warren Richard Nixon,0
Ronald Reagan,875,George W. Bush Hillary Clinton,0
Ronald Reagan,875,George W. Bush Joe Biden,0
Ronald Reagan,875,George W. Bush Richard Nixon,0
Ronald Reagan,875,Hillary Clinton Joe Biden,1
Ronald Reagan,875,Hillary Clinton Richard Nixon,0
Ronald Reagan,875,Joe Biden Richard Nixon,0
George W. Bush,876,Abraham Lincoln Barack Obama,0
George W. Bush,876,Abraham Lincoln Bernie Sanders,0
George W. Bush,876,Abraham Lincoln Donald Trump,0
George W. Bush,876,Abraham Lincoln Elizabeth Warren,0
George W. Bush,876,Abraham Lincoln Hillary Clinton,0
George W. Bush,876,Barack Obama Bernie Sanders,0
George W. Bush,876,Barack Obama Donald Trump,0
George W. Bush,876,Barack Obama Elizabeth Warren,0
George W. Bush,876,Barack Obama Hillary Clinton,0
George W. Bush,876,Barack Obama Richard Nixon,0
George W. Bush,876,Barack Obama Ronald Reagan,0
George W. Bush,876,Bernie Sanders Donald Trump,0
George W. Bush,876,Bernie Sanders Elizabeth Warren,0
George W. Bush,876,Bernie Sanders Hillary Clinton,0
George W. Bush,876,Bernie Sanders Joe Biden,0
George W. Bush,876,Bernie Sanders Richard Nixon,0
George W. Bush,876,Bernie Sanders Ronald Reagan,0
George W. Bush,876,Donald Trump Elizabeth Warren,0
George W. Bush,876,Donald Trump Hillary Clinton,0
George W. Bush,876,Donald Trump Richard Nixon,0
George W. Bush,876,Elizabeth Warren Hillary Clinton,0
George W. Bush,876,Elizabeth Warren Joe Biden,0
George W. Bush,876,Elizabeth Warren Ronald Reagan,0
George W. Bush,876,Hillary Clinton Joe Biden,1
George W. Bush,876,Hillary Clinton Richard Nixon,0
George W. Bush,876,Hillary Clinton Ronald Reagan,1
George W. Bush,876,Joe Biden Richard Nixon,0
George W. Bush,876,Joe Biden Ronald Reagan,0
George W. Bush,876,Richard Nixon Ronald Reagan,0
Elizabeth Warren,877,Abraham Lincoln Barack Obama,0
Elizabeth Warren,877,Abraham Lincoln Bernie Sanders,0
Elizabeth Warren,877,Abraham Lincoln Donald Trump,0
Elizabeth Warren,877,Abraham Lincoln George W. Bush,0
Elizabeth Warren,877,Abraham Lincoln Hillary Clinton,0
Elizabeth Warren,877,Abraham Lincoln Joe Biden,0
Elizabeth Warren,877,Abraham Lincoln Richard Nixon,0
Elizabeth Warren,877,Abraham Lincoln Ronald Reagan,0
Elizabeth Warren,877,Barack Obama Bernie Sanders,0
Elizabeth Warren,877,Barack Obama George W. Bush,0
Elizabeth Warren,877,Barack Obama Hillary Clinton,0
Elizabeth Warren,877,Barack Obama Joe Biden,0
Elizabeth Warren,877,Barack Obama Ronald Reagan,0
Elizabeth Warren,877,Bernie Sanders Donald Trump,0
Elizabeth Warren,877,Bernie Sanders George W. Bush,0
Elizabeth Warren,877,Bernie Sanders Hillary Clinton,0
Elizabeth Warren,877,Bernie Sanders Joe Biden,0
Elizabeth Warren,877,Bernie Sanders Richard Nixon,0
Elizabeth Warren,877,Bernie Sanders Ronald Reagan,0
Elizabeth Warren,877,Donald Trump George W. Bush,0
Elizabeth Warren,877,Donald Trump Hillary Clinton,0
Elizabeth Warren,877,Donald Trump Joe Biden,0
Elizabeth Warren,877,Donald Trump Richard Nixon,0
Elizabeth Warren,877,Donald Trump Ronald Reagan,0
Elizabeth Warren,877,George W. Bush Hillary Clinton,1
Elizabeth Warren,877,George W. Bush Joe Biden,0
Elizabeth Warren,877,George W. Bush Richard Nixon,0
Elizabeth Warren,877,George W. Bush Ronald Reagan,0
Elizabeth Warren,877,Hillary Clinton Joe Biden,0
Elizabeth Warren,877,Hillary Clinton Richard Nixon,0
Elizabeth Warren,877,Hillary Clinton Ronald Reagan,0
Elizabeth Warren,877,Joe Biden Richard Nixon,1
Elizabeth Warren,877,Joe Biden Ronald Reagan,0
Elizabeth Warren,877,Richard Nixon Ronald Reagan,0
Donald Trump,878,Abraham Lincoln Barack Obama,0
Donald Trump,878,Abraham Lincoln Bernie Sanders,0
Donald Trump,878,Abraham Lincoln Elizabeth Warren,0
Donald Trump,878,Abraham Lincoln George W. Bush,0
Donald Trump,878,Abraham Lincoln Joe Biden,0
Donald Trump,878,Abraham Lincoln Richard Nixon,0
Donald Trump,878,Abraham Lincoln Ronald Reagan,0
Donald Trump,878,Barack Obama Bernie Sanders,0
Donald Trump,878,Barack Obama Elizabeth Warren,0
Donald Trump,878,Barack Obama George W. Bush,1
Donald Trump,878,Barack Obama Hillary Clinton,0
Donald Trump,878,Barack Obama Joe Biden,0
Donald Trump,878,Barack Obama Richard Nixon,1
Donald Trump,878,Barack Obama Ronald Reagan,0
Donald Trump,878,Bernie Sanders Elizabeth Warren,0
Donald Trump,878,Bernie Sanders George W. Bush,0
Donald Trump,878,Bernie Sanders Hillary Clinton,0
Donald Trump,878,Bernie Sanders Joe Biden,0
Donald Trump,878,Bernie Sanders Ronald Reagan,0
Donald Trump,878,Elizabeth Warren George W. Bush,1
Donald Trump,878,Elizabeth Warren Hillary Clinton,0
Donald Trump,878,Elizabeth Warren Joe Biden,0
Donald Trump,878,Elizabeth Warren Richard Nixon,0
Donald Trump,878,Elizabeth Warren Ronald Reagan,1
Donald Trump,878,George W. Bush Hillary Clinton,0
Donald Trump,878,George W. Bush Joe Biden,0
Donald Trump,878,George W. Bush Richard Nixon,0
Donald Trump,878,George W. Bush Ronald Reagan,0
Donald Trump,878,Hillary Clinton Joe Biden,0
Donald Trump,878,Hillary Clinton Richard Nixon,0
Donald Trump,878,Hillary Clinton Ronald Reagan,1
Donald Trump,878,Joe Biden Richard Nixon,0
Donald Trump,878,Joe Biden Ronald Reagan,0
Donald Trump,878,Richard Nixon Ronald Reagan,0
Bernie Sanders,879,Abraham Lincoln Barack Obama,0
Bernie Sanders,879,Abraham Lincoln Elizabeth Warren,1
Bernie Sanders,879,Abraham Lincoln George W. Bush,0
Bernie Sanders,879,Abraham Lincoln Hillary Clinton,0
Bernie Sanders,879,Abraham Lincoln Joe Biden,0
Bernie Sanders,879,Abraham Lincoln Richard Nixon,0
Bernie Sanders,879,Abraham Lincoln Ronald Reagan,0
Bernie Sanders,879,Barack Obama Donald Trump,0
Bernie Sanders,879,Barack Obama Elizabeth Warren,0
Bernie Sanders,879,Barack Obama George W. Bush,0
Bernie Sanders,879,Barack Obama Hillary Clinton,0
Bernie Sanders,879,Barack Obama Joe Biden,0
Bernie Sanders,879,Barack Obama Richard Nixon,0
Bernie Sanders,879,Barack Obama Ronald Reagan,0
Bernie Sanders,879,Donald Trump Elizabeth Warren,0
Bernie Sanders,879,Donald Trump George W. Bush,0
Bernie Sanders,879,Donald Trump Hillary Clinton,0
Bernie Sanders,879,Donald Trump Joe Biden,0
Bernie Sanders,879,Donald Trump Ronald Reagan,0
Bernie Sanders,879,Elizabeth Warren George W. Bush,0
Bernie Sanders,879,Elizabeth Warren Hillary Clinton,0
Bernie Sanders,879,Elizabeth Warren Joe Biden,0
Bernie Sanders,879,Elizabeth Warren Richard Nixon,0
Bernie Sanders,879,Elizabeth Warren Ronald Reagan,0
Bernie Sanders,879,George W. Bush Hillary Clinton,0
Bernie Sanders,879,George W. Bush Joe Biden,0
Bernie Sanders,879,George W. Bush Richard Nixon,0
Bernie Sanders,879,George W. Bush Ronald Reagan,0
Bernie Sanders,879,Hillary Clinton Joe Biden,0
Bernie Sanders,879,Hillary Clinton Richard Nixon,0
Bernie Sanders,879,Joe Biden Richard Nixon,0
Bernie Sanders,879,Joe Biden Ronald Reagan,0
Bernie Sanders,879,Richard Nixon Ronald Reagan,0
Abraham Lincoln,880,Barack Obama Bernie Sanders,1
Abraham Lincoln,880,Barack Obama Elizabeth Warren,0
Abraham Lincoln,880,Barack Obama Hillary Clinton,0
Abraham Lincoln,880,Barack Obama Joe Biden,0
Abraham Lincoln,880,Barack Obama Richard Nixon,0
Abraham Lincoln,880,Barack Obama Ronald Reagan,0
Abraham Lincoln,880,Bernie Sanders Donald Trump,0
Abraham Lincoln,880,Bernie Sanders Elizabeth Warren,0
Abraham Lincoln,880,Bernie Sanders George W. Bush,0
Abraham Lincoln,880,Bernie Sanders Hillary Clinton,0
Abraham Lincoln,880,Bernie Sanders Joe Biden,0
Abraham Lincoln,880,Bernie Sanders Richard Nixon,0
Abraham Lincoln,880,Bernie Sanders Ronald Reagan,0
Abraham Lincoln,880,Donald Trump Elizabeth Warren,0
Abraham Lincoln,880,Donald Trump George W. Bush,0
Abraham Lincoln,880,Donald Trump Hillary Clinton,0
Abraham Lincoln,880,Donald Trump Joe Biden,0
Abraham Lincoln,880,Donald Trump Richard Nixon,0
Abraham Lincoln,880,Donald Trump Ronald Reagan,0
Abraham Lincoln,880,Elizabeth Warren George W. Bush,0
Abraham Lincoln,880,Elizabeth Warren Hillary Clinton,0
Abraham Lincoln,880,Elizabeth Warren Joe Biden,0
Abraham Lincoln,880,Elizabeth Warren Richard Nixon,0
Abraham Lincoln,880,Elizabeth Warren Ronald Reagan,0
Abraham Lincoln,880,George W. Bush Joe Biden,0
Abraham Lincoln,880,George W. Bush Richard Nixon,0
Abraham Lincoln,880,George W. Bush Ronald Reagan,0
Abraham Lincoln,880,Hillary Clinton Richard Nixon,0
Abraham Lincoln,880,Joe Biden Richard Nixon,0
Abraham Lincoln,880,Richard Nixon Ronald Reagan,0
George W. Bush,881,Abraham Lincoln Barack Obama,0
George W. Bush,881,Abraham Lincoln Donald Trump,0
George W. Bush,881,Abraham Lincoln Elizabeth Warren,0
George W. Bush,881,Abraham Lincoln Hillary Clinton,0
George W. Bush,881,Abraham Lincoln Richard Nixon,0
George W. Bush,881,Abraham Lincoln Ronald Reagan,1
George W. Bush,881,Barack Obama Bernie Sanders,0
George W. Bush,881,Barack Obama Donald Trump,0
George W. Bush,881,Barack Obama Elizabeth Warren,0
George W. Bush,881,Barack Obama Hillary Clinton,0
George W. Bush,881,Barack Obama Joe Biden,0
George W. Bush,881,Barack Obama Richard Nixon,0
George W. Bush,881,Bernie Sanders Donald Trump,0
George W. Bush,881,Bernie Sanders Elizabeth Warren,0
George W. Bush,881,Bernie Sanders Joe Biden,0
George W. Bush,881,Bernie Sanders Richard Nixon,0
George W. Bush,881,Bernie Sanders Ronald Reagan,0
George W. Bush,881,Donald Trump Elizabeth Warren,0
George W. Bush,881,Donald Trump Hillary Clinton,0
George W. Bush,881,Donald Trump Joe Biden,0
George W. Bush,881,Donald Trump Richard Nixon,0
George W. Bush,881,Donald Trump Ronald Reagan,0
George W. Bush,881,Elizabeth Warren Hillary Clinton,0
George W. Bush,881,Elizabeth Warren Joe Biden,0
George W. Bush,881,Elizabeth Warren Richard Nixon,0
George W. Bush,881,Elizabeth Warren Ronald Reagan,0
George W. Bush,881,Hillary Clinton Joe Biden,1
George W. Bush,881,Hillary Clinton Richard Nixon,0
George W. Bush,881,Hillary Clinton Ronald Reagan,1
George W. Bush,881,Joe Biden Richard Nixon,0
George W. Bush,881,Joe Biden Ronald Reagan,0
George W. Bush,881,Richard Nixon Ronald Reagan,0
Barack Obama,882,Abraham Lincoln Bernie Sanders,0
Barack Obama,882,Abraham Lincoln Donald Trump,0
Barack Obama,882,Abraham Lincoln Elizabeth Warren,0
Barack Obama,882,Abraham Lincoln George W. Bush,0
Barack Obama,882,Abraham Lincoln Hillary Clinton,0
Barack Obama,882,Abraham Lincoln Richard Nixon,1
Barack Obama,882,Abraham Lincoln Ronald Reagan,0
Barack Obama,882,Bernie Sanders Donald Trump,0
Barack Obama,882,Bernie Sanders Elizabeth Warren,0
Barack Obama,882,Bernie Sanders Joe Biden,0
Barack Obama,882,Bernie Sanders Richard Nixon,0
Barack Obama,882,Bernie Sanders Ronald Reagan,0
Barack Obama,882,Donald Trump Elizabeth Warren,0
Barack Obama,882,Donald Trump George W. Bush,0
Barack Obama,882,Donald Trump Hillary Clinton,0
Barack Obama,882,Donald Trump Joe Biden,0
Barack Obama,882,Donald Trump Richard Nixon,1
Barack Obama,882,Donald Trump Ronald Reagan,0
Barack Obama,882,Elizabeth Warren George W. Bush,0
Barack Obama,882,Elizabeth Warren Hillary Clinton,0
Barack Obama,882,Elizabeth Warren Joe Biden,0
Barack Obama,882,Elizabeth Warren Ronald Reagan,0
Barack Obama,882,George W. Bush Hillary Clinton,0
Barack Obama,882,George W. Bush Joe Biden,0
Barack Obama,882,George W. Bush Richard Nixon,0
Barack Obama,882,George W. Bush Ronald Reagan,0
Barack Obama,882,Hillary Clinton Joe Biden,0
Barack Obama,882,Hillary Clinton Richard Nixon,1
Barack Obama,882,Hillary Clinton Ronald Reagan,1
Barack Obama,882,Joe Biden Richard Nixon,0
Barack Obama,882,Joe Biden Ronald Reagan,0
Barack Obama,882,Richard Nixon Ronald Reagan,0
Joe Biden,883,Abraham Lincoln Barack Obama,0
Joe Biden,883,Abraham Lincoln Bernie Sanders,0
Joe Biden,883,Abraham Lincoln Donald Trump,0
Joe Biden,883,Abraham Lincoln Elizabeth Warren,0
Joe Biden,883,Abraham Lincoln George W. Bush,0
Joe Biden,883,Abraham Lincoln Hillary Clinton,0
Joe Biden,883,Abraham Lincoln Ronald Reagan,0
Joe Biden,883,Barack Obama Bernie Sanders,0
Joe Biden,883,Barack Obama Donald Trump,1
Joe Biden,883,Barack Obama Elizabeth Warren,0
Joe Biden,883,Barack Obama George W. Bush,0
Joe Biden,883,Barack Obama Hillary Clinton,0
Joe Biden,883,Barack Obama Richard Nixon,0
Joe Biden,883,Barack Obama Ronald Reagan,0
Joe Biden,883,Bernie Sanders Donald Trump,0
Joe Biden,883,Bernie Sanders Elizabeth Warren,0
Joe Biden,883,Bernie Sanders George W. Bush,0
Joe Biden,883,Bernie Sanders Hillary Clinton,0
Joe Biden,883,Bernie Sanders Richard Nixon,0
Joe Biden,883,Bernie Sanders Ronald Reagan,0
Joe Biden,883,Donald Trump Elizabeth Warren,0
Joe Biden,883,Donald Trump Hillary Clinton,0
Joe Biden,883,Donald Trump Richard Nixon,0
Joe Biden,883,Donald Trump Ronald Reagan,0
Joe Biden,883,Elizabeth Warren George W. Bush,0
Joe Biden,883,Elizabeth Warren Hillary Clinton,0
Joe Biden,883,Elizabeth Warren Richard Nixon,1
Joe Biden,883,Elizabeth Warren Ronald Reagan,0
Joe Biden,883,George W. Bush Hillary Clinton,0
Joe Biden,883,George W. Bush Richard Nixon,0
Joe Biden,883,George W. Bush Ronald Reagan,0
Joe Biden,883,Hillary Clinton Richard Nixon,0
Joe Biden,883,Hillary Clinton Ronald Reagan,0
Joe Biden,883,Richard Nixon Ronald Reagan,0
Ronald Reagan,884,Abraham Lincoln Barack Obama,0
Ronald Reagan,884,Abraham Lincoln Bernie Sanders,0
Ronald Reagan,884,Abraham Lincoln Donald Trump,0
Ronald Reagan,884,Abraham Lincoln Elizabeth Warren,0
Ronald Reagan,884,Abraham Lincoln George W. Bush,0
Ronald Reagan,884,Abraham Lincoln Hillary Clinton,0
Ronald Reagan,884,Abraham Lincoln Joe Biden,0
Ronald Reagan,884,Abraham Lincoln Richard Nixon,0
Ronald Reagan,884,Barack Obama Bernie Sanders,0
Ronald Reagan,884,Barack Obama Donald Trump,0
Ronald Reagan,884,Barack Obama Elizabeth Warren,0
Ronald Reagan,884,Barack Obama George W. Bush,0
Ronald Reagan,884,Barack Obama Hillary Clinton,0
Ronald Reagan,884,Barack Obama Joe Biden,0
Ronald Reagan,884,Barack Obama Richard Nixon,0
Ronald Reagan,884,Bernie Sanders Donald Trump,0
Ronald Reagan,884,Bernie Sanders Elizabeth Warren,0
Ronald Reagan,884,Bernie Sanders George W. Bush,0
Ronald Reagan,884,Bernie Sanders Hillary Clinton,0
Ronald Reagan,884,Bernie Sanders Joe Biden,0
Ronald Reagan,884,Bernie Sanders Richard Nixon,1
Ronald Reagan,884,Donald Trump Elizabeth Warren,0
Ronald Reagan,884,Donald Trump Hillary Clinton,0
Ronald Reagan,884,Donald Trump Joe Biden,0
Ronald Reagan,884,Donald Trump Richard Nixon,1
Ronald Reagan,884,Elizabeth Warren George W. Bush,0
Ronald Reagan,884,Elizabeth Warren Hillary Clinton,0
Ronald Reagan,884,Elizabeth Warren Joe Biden,1
Ronald Reagan,884,Elizabeth Warren Richard Nixon,0
Ronald Reagan,884,George W. Bush Hillary Clinton,0
Ronald Reagan,884,George W. Bush Joe Biden,0
Ronald Reagan,884,George W. Bush Richard Nixon,0
Ronald Reagan,884,Hillary Clinton Joe Biden,0
Ronald Reagan,884,Hillary Clinton Richard Nixon,1
Ronald Reagan,884,Joe Biden Richard Nixon,0
Elizabeth Warren,885,Abraham Lincoln Barack Obama,0
Elizabeth Warren,885,Abraham Lincoln Bernie Sanders,0
Elizabeth Warren,885,Abraham Lincoln Donald Trump,0
Elizabeth Warren,885,Abraham Lincoln George W. Bush,0
Elizabeth Warren,885,Abraham Lincoln Hillary Clinton,0
Elizabeth Warren,885,Abraham Lincoln Joe Biden,0
Elizabeth Warren,885,Abraham Lincoln Richard Nixon,0
Elizabeth Warren,885,Abraham Lincoln Ronald Reagan,0
Elizabeth Warren,885,Barack Obama Bernie Sanders,0
Elizabeth Warren,885,Barack Obama Donald Trump,0
Elizabeth Warren,885,Barack Obama George W. Bush,0
Elizabeth Warren,885,Barack Obama Hillary Clinton,0
Elizabeth Warren,885,Barack Obama Joe Biden,0
Elizabeth Warren,885,Barack Obama Richard Nixon,0
Elizabeth Warren,885,Barack Obama Ronald Reagan,0
Elizabeth Warren,885,Bernie Sanders Donald Trump,0
Elizabeth Warren,885,Bernie Sanders George W. Bush,0
Elizabeth Warren,885,Bernie Sanders Hillary Clinton,0
Elizabeth Warren,885,Bernie Sanders Joe Biden,0
Elizabeth Warren,885,Bernie Sanders Richard Nixon,0
Elizabeth Warren,885,Bernie Sanders Ronald Reagan,0
Elizabeth Warren,885,Donald Trump George W. Bush,0
Elizabeth Warren,885,Donald Trump Joe Biden,0
Elizabeth Warren,885,Donald Trump Richard Nixon,0
Elizabeth Warren,885,Donald Trump Ronald Reagan,0
Elizabeth Warren,885,George W. Bush Hillary Clinton,0
Elizabeth Warren,885,George W. Bush Joe Biden,0
Elizabeth Warren,885,George W. Bush Richard Nixon,0
Elizabeth Warren,885,George W. Bush Ronald Reagan,0
Elizabeth Warren,885,Hillary Clinton Joe Biden,0
Elizabeth Warren,885,Hillary Clinton Richard Nixon,0
Elizabeth Warren,885,Hillary Clinton Ronald Reagan,0
Elizabeth Warren,885,Joe Biden Richard Nixon,0
Elizabeth Warren,885,Joe Biden Ronald Reagan,0
Hillary Clinton,886,Abraham Lincoln Barack Obama,0
Hillary Clinton,886,Abraham Lincoln Bernie Sanders,0
Hillary Clinton,886,Abraham Lincoln Donald Trump,0
Hillary Clinton,886,Abraham Lincoln Elizabeth Warren,1
Hillary Clinton,886,Abraham Lincoln George W. Bush,0
Hillary Clinton,886,Abraham Lincoln Joe Biden,0
Hillary Clinton,886,Abraham Lincoln Richard Nixon,0
Hillary Clinton,886,Abraham Lincoln Ronald Reagan,0
Hillary Clinton,886,Barack Obama Donald Trump,0
Hillary Clinton,886,Barack Obama Elizabeth Warren,0
Hillary Clinton,886,Barack Obama George W. Bush,0
Hillary Clinton,886,Barack Obama Joe Biden,0
Hillary Clinton,886,Barack Obama Richard Nixon,0
Hillary Clinton,886,Barack Obama Ronald Reagan,0
Hillary Clinton,886,Bernie Sanders Donald Trump,0
Hillary Clinton,886,Bernie Sanders Elizabeth Warren,0
Hillary Clinton,886,Bernie Sanders George W. Bush,0
Hillary Clinton,886,Bernie Sanders Joe Biden,0
Hillary Clinton,886,Bernie Sanders Richard Nixon,0
Hillary Clinton,886,Bernie Sanders Ronald Reagan,0
Hillary Clinton,886,Donald Trump Elizabeth Warren,0
Hillary Clinton,886,Donald Trump George W. Bush,0
Hillary Clinton,886,Donald Trump Joe Biden,0
Hillary Clinton,886,Donald Trump Richard Nixon,0
Hillary Clinton,886,Donald Trump Ronald Reagan,0
Hillary Clinton,886,Elizabeth Warren George W. Bush,0
Hillary Clinton,886,Elizabeth Warren Joe Biden,1
Hillary Clinton,886,Elizabeth Warren Richard Nixon,0
Hillary Clinton,886,Elizabeth Warren Ronald Reagan,0
Hillary Clinton,886,George W. Bush Joe Biden,0
Hillary Clinton,886,George W. Bush Richard Nixon,1
Hillary Clinton,886,George W. Bush Ronald Reagan,0
Hillary Clinton,886,Joe Biden Richard Nixon,1
Hillary Clinton,886,Joe Biden Ronald Reagan,0
Hillary Clinton,886,Richard Nixon Ronald Reagan,0
Ronald Reagan,887,Abraham Lincoln Barack Obama,0
Ronald Reagan,887,Abraham Lincoln Bernie Sanders,0
Ronald Reagan,887,Abraham Lincoln Donald Trump,0
Ronald Reagan,887,Abraham Lincoln Elizabeth Warren,0
Ronald Reagan,887,Abraham Lincoln Hillary Clinton,0
Ronald Reagan,887,Abraham Lincoln Joe Biden,0
Ronald Reagan,887,Abraham Lincoln Richard Nixon,0
Ronald Reagan,887,Barack Obama Bernie Sanders,1
Ronald Reagan,887,Barack Obama Donald Trump,0
Ronald Reagan,887,Barack Obama Elizabeth Warren,0
Ronald Reagan,887,Barack Obama George W. Bush,0
Ronald Reagan,887,Barack Obama Hillary Clinton,0
Ronald Reagan,887,Barack Obama Joe Biden,0
Ronald Reagan,887,Barack Obama Richard Nixon,1
Ronald Reagan,887,Bernie Sanders Donald Trump,0
Ronald Reagan,887,Bernie Sanders Elizabeth Warren,0
Ronald Reagan,887,Bernie Sanders George W. Bush,0
Ronald Reagan,887,Bernie Sanders Hillary Clinton,0
Ronald Reagan,887,Bernie Sanders Joe Biden,0
Ronald Reagan,887,Bernie Sanders Richard Nixon,0
Ronald Reagan,887,Donald Trump Hillary Clinton,0
Ronald Reagan,887,Donald Trump Joe Biden,0
Ronald Reagan,887,Donald Trump Richard Nixon,0
Ronald Reagan,887,Elizabeth Warren George W. Bush,0
Ronald Reagan,887,Elizabeth Warren Hillary Clinton,0
Ronald Reagan,887,Elizabeth Warren Joe Biden,1
Ronald Reagan,887,Elizabeth Warren Richard Nixon,0
Ronald Reagan,887,George W. Bush Hillary Clinton,0
Ronald Reagan,887,George W. Bush Joe Biden,0
Ronald Reagan,887,George W. Bush Richard Nixon,0
Ronald Reagan,887,Hillary Clinton Joe Biden,0
Ronald Reagan,887,Hillary Clinton Richard Nixon,0
Ronald Reagan,887,Joe Biden Richard Nixon,1
Barack Obama,888,Abraham Lincoln Bernie Sanders,0
Barack Obama,888,Abraham Lincoln Donald Trump,0
Barack Obama,888,Abraham Lincoln Elizabeth Warren,0
Barack Obama,888,Abraham Lincoln George W. Bush,0
Barack Obama,888,Abraham Lincoln Joe Biden,0
Barack Obama,888,Abraham Lincoln Richard Nixon,0
Barack Obama,888,Abraham Lincoln Ronald Reagan,0
Barack Obama,888,Bernie Sanders Donald Trump,0
Barack Obama,888,Bernie Sanders Elizabeth Warren,0
Barack Obama,888,Bernie Sanders George W. Bush,0
Barack Obama,888,Bernie Sanders Hillary Clinton,0
Barack Obama,888,Bernie Sanders Joe Biden,0
Barack Obama,888,Bernie Sanders Richard Nixon,0
Barack Obama,888,Bernie Sanders Ronald Reagan,0
Barack Obama,888,Donald Trump George W. Bush,0
Barack Obama,888,Donald Trump Joe Biden,0
Barack Obama,888,Donald Trump Ronald Reagan,0
Barack Obama,888,Elizabeth Warren George W. Bush,0
Barack Obama,888,Elizabeth Warren Hillary Clinton,0
Barack Obama,888,Elizabeth Warren Joe Biden,0
Barack Obama,888,Elizabeth Warren Richard Nixon,0
Barack Obama,888,Elizabeth Warren Ronald Reagan,0
Barack Obama,888,George W. Bush Joe Biden,0
Barack Obama,888,George W. Bush Richard Nixon,0
Barack Obama,888,George W. Bush Ronald Reagan,0
Barack Obama,888,Hillary Clinton Joe Biden,1
Barack Obama,888,Hillary Clinton Richard Nixon,0
Barack Obama,888,Hillary Clinton Ronald Reagan,0
Barack Obama,888,Joe Biden Richard Nixon,0
Barack Obama,888,Joe Biden Ronald Reagan,0
Barack Obama,888,Richard Nixon Ronald Reagan,0
Joe Biden,889,Abraham Lincoln Barack Obama,0
Joe Biden,889,Abraham Lincoln Bernie Sanders,0
Joe Biden,889,Abraham Lincoln Donald Trump,1
Joe Biden,889,Abraham Lincoln Elizabeth Warren,0
Joe Biden,889,Abraham Lincoln George W. Bush,0
Joe Biden,889,Abraham Lincoln Hillary Clinton,0
Joe Biden,889,Abraham Lincoln Richard Nixon,0
Joe Biden,889,Abraham Lincoln Ronald Reagan,0
Joe Biden,889,Barack Obama Bernie Sanders,0
Joe Biden,889,Barack Obama Donald Trump,0
Joe Biden,889,Barack Obama Elizabeth Warren,0
Joe Biden,889,Barack Obama George W. Bush,0
Joe Biden,889,Barack Obama Richard Nixon,0
Joe Biden,889,Barack Obama Ronald Reagan,0
Joe Biden,889,Bernie Sanders Donald Trump,0
Joe Biden,889,Bernie Sanders Elizabeth Warren,0
Joe Biden,889,Bernie Sanders George W. Bush,1
Joe Biden,889,Bernie Sanders Hillary Clinton,0
Joe Biden,889,Bernie Sanders Richard Nixon,0
Joe Biden,889,Bernie Sanders Ronald Reagan,0
Joe Biden,889,Donald Trump Elizabeth Warren,0
Joe Biden,889,Donald Trump George W. Bush,1
Joe Biden,889,Donald Trump Hillary Clinton,0
Joe Biden,889,Donald Trump Richard Nixon,0
Joe Biden,889,Donald Trump Ronald Reagan,0
Joe Biden,889,Elizabeth Warren George W. Bush,0
Joe Biden,889,Elizabeth Warren Hillary Clinton,0
Joe Biden,889,Elizabeth Warren Richard Nixon,0
Joe Biden,889,Elizabeth Warren Ronald Reagan,0
Joe Biden,889,George W. Bush Hillary Clinton,1
Joe Biden,889,George W. Bush Richard Nixon,1
Joe Biden,889,George W. Bush Ronald Reagan,0
Joe Biden,889,Hillary Clinton Richard Nixon,0
Joe Biden,889,Hillary Clinton Ronald Reagan,1
Joe Biden,889,Richard Nixon Ronald Reagan,0
Barack Obama,890,Abraham Lincoln Bernie Sanders,0
Barack Obama,890,Abraham Lincoln Donald Trump,0
Barack Obama,890,Abraham Lincoln Elizabeth Warren,0
Barack Obama,890,Abraham Lincoln George W. Bush,0
Barack Obama,890,Abraham Lincoln Hillary Clinton,0
Barack Obama,890,Abraham Lincoln Joe Biden,0
Barack Obama,890,Abraham Lincoln Richard Nixon,0
Barack Obama,890,Abraham Lincoln Ronald Reagan,0
Barack Obama,890,Bernie Sanders Donald Trump,0
Barack Obama,890,Bernie Sanders Elizabeth Warren,0
Barack Obama,890,Bernie Sanders George W. Bush,0
Barack Obama,890,Bernie Sanders Hillary Clinton,1
Barack Obama,890,Bernie Sanders Joe Biden,0
Barack Obama,890,Bernie Sanders Richard Nixon,0
Barack Obama,890,Bernie Sanders Ronald Reagan,0
Barack Obama,890,Donald Trump Elizabeth Warren,0
Barack Obama,890,Donald Trump George W. Bush,0
Barack Obama,890,Donald Trump Hillary Clinton,0
Barack Obama,890,Donald Trump Joe Biden,0
Barack Obama,890,Donald Trump Richard Nixon,0
Barack Obama,890,Donald Trump Ronald Reagan,1
Barack Obama,890,Elizabeth Warren George W. Bush,0
Barack Obama,890,Elizabeth Warren Hillary Clinton,0
Barack Obama,890,Elizabeth Warren Joe Biden,0
Barack Obama,890,Elizabeth Warren Richard Nixon,0
Barack Obama,890,Elizabeth Warren Ronald Reagan,0
Barack Obama,890,George W. Bush Hillary Clinton,0
Barack Obama,890,George W. Bush Joe Biden,0
Barack Obama,890,George W. Bush Richard Nixon,0
Barack Obama,890,George W. Bush Ronald Reagan,0
Barack Obama,890,Hillary Clinton Joe Biden,0
Barack Obama,890,Hillary Clinton Ronald Reagan,0
Barack Obama,890,Joe Biden Richard Nixon,0
Barack Obama,890,Joe Biden Ronald Reagan,0
Barack Obama,890,Richard Nixon Ronald Reagan,0
Donald Trump,891,Abraham Lincoln Barack Obama,0
Donald Trump,891,Abraham Lincoln Bernie Sanders,0
Donald Trump,891,Abraham Lincoln Elizabeth Warren,0
Donald Trump,891,Abraham Lincoln George W. Bush,1
Donald Trump,891,Abraham Lincoln Hillary Clinton,0
Donald Trump,891,Abraham Lincoln Joe Biden,0
Donald Trump,891,Abraham Lincoln Richard Nixon,0
Donald Trump,891,Abraham Lincoln Ronald Reagan,1
Donald Trump,891,Barack Obama Bernie Sanders,0
Donald Trump,891,Barack Obama Elizabeth Warren,0
Donald Trump,891,Barack Obama George W. Bush,1
Donald Trump,891,Barack Obama Hillary Clinton,0
Donald Trump,891,Barack Obama Joe Biden,0
Donald Trump,891,Barack Obama Richard Nixon,0
Donald Trump,891,Barack Obama Ronald Reagan,0
Donald Trump,891,Bernie Sanders Elizabeth Warren,0
Donald Trump,891,Bernie Sanders George W. Bush,1
Donald Trump,891,Bernie Sanders Hillary Clinton,0
Donald Trump,891,Bernie Sanders Joe Biden,0
Donald Trump,891,Bernie Sanders Richard Nixon,0
Donald Trump,891,Bernie Sanders Ronald Reagan,0
Donald Trump,891,Elizabeth Warren George W. Bush,0
Donald Trump,891,Elizabeth Warren Hillary Clinton,0
Donald Trump,891,Elizabeth Warren Joe Biden,0
Donald Trump,891,Elizabeth Warren Richard Nixon,0
Donald Trump,891,Elizabeth Warren Ronald Reagan,0
Donald Trump,891,George W. Bush Hillary Clinton,0
Donald Trump,891,George W. Bush Joe Biden,0
Donald Trump,891,George W. Bush Richard Nixon,0
Donald Trump,891,George W. Bush Ronald Reagan,0
Donald Trump,891,Hillary Clinton Joe Biden,0
Donald Trump,891,Hillary Clinton Ronald Reagan,0
Donald Trump,891,Joe Biden Richard Nixon,0
Donald Trump,891,Joe Biden Ronald Reagan,0
Donald Trump,891,Richard Nixon Ronald Reagan,0
Abraham Lincoln,892,Barack Obama Bernie Sanders,1
Abraham Lincoln,892,Barack Obama Donald Trump,0
Abraham Lincoln,892,Barack Obama Elizabeth Warren,0
Abraham Lincoln,892,Barack Obama George W. Bush,0
Abraham Lincoln,892,Barack Obama Hillary Clinton,0
Abraham Lincoln,892,Barack Obama Joe Biden,0
Abraham Lincoln,892,Barack Obama Richard Nixon,0
Abraham Lincoln,892,Barack Obama Ronald Reagan,0
Abraham Lincoln,892,Bernie Sanders Donald Trump,0
Abraham Lincoln,892,Bernie Sanders Elizabeth Warren,0
Abraham Lincoln,892,Bernie Sanders George W. Bush,0
Abraham Lincoln,892,Bernie Sanders Hillary Clinton,0
Abraham Lincoln,892,Bernie Sanders Joe Biden,0
Abraham Lincoln,892,Bernie Sanders Richard Nixon,0
Abraham Lincoln,892,Bernie Sanders Ronald Reagan,0
Abraham Lincoln,892,Donald Trump Elizabeth Warren,0
Abraham Lincoln,892,Donald Trump George W. Bush,0
Abraham Lincoln,892,Donald Trump Hillary Clinton,0
Abraham Lincoln,892,Donald Trump Joe Biden,1
Abraham Lincoln,892,Donald Trump Richard Nixon,0
Abraham Lincoln,892,Donald Trump Ronald Reagan,0
Abraham Lincoln,892,Elizabeth Warren George W. Bush,0
Abraham Lincoln,892,Elizabeth Warren Hillary Clinton,0
Abraham Lincoln,892,Elizabeth Warren Joe Biden,0
Abraham Lincoln,892,Elizabeth Warren Richard Nixon,0
Abraham Lincoln,892,Elizabeth Warren Ronald Reagan,0
Abraham Lincoln,892,George W. Bush Hillary Clinton,1
Abraham Lincoln,892,George W. Bush Joe Biden,0
Abraham Lincoln,892,George W. Bush Richard Nixon,0
Abraham Lincoln,892,George W. Bush Ronald Reagan,0
Abraham Lincoln,892,Hillary Clinton Joe Biden,0
Abraham Lincoln,892,Hillary Clinton Richard Nixon,1
Abraham Lincoln,892,Hillary Clinton Ronald Reagan,0
Abraham Lincoln,892,Joe Biden Richard Nixon,0
Abraham Lincoln,892,Joe Biden Ronald Reagan,0
Abraham Lincoln,892,Richard Nixon Ronald Reagan,0
Elizabeth Warren,893,Abraham Lincoln Barack Obama,0
Elizabeth Warren,893,Abraham Lincoln Donald Trump,0
Elizabeth Warren,893,Abraham Lincoln George W. Bush,0
Elizabeth Warren,893,Abraham Lincoln Hillary Clinton,0
Elizabeth Warren,893,Abraham Lincoln Joe Biden,0
Elizabeth Warren,893,Abraham Lincoln Richard Nixon,0
Elizabeth Warren,893,Abraham Lincoln Ronald Reagan,0
Elizabeth Warren,893,Barack Obama Bernie Sanders,0
Elizabeth Warren,893,Barack Obama Donald Trump,0
Elizabeth Warren,893,Barack Obama George W. Bush,0
Elizabeth Warren,893,Barack Obama Hillary Clinton,0
Elizabeth Warren,893,Barack Obama Joe Biden,0
Elizabeth Warren,893,Barack Obama Richard Nixon,0
Elizabeth Warren,893,Barack Obama Ronald Reagan,0
Elizabeth Warren,893,Bernie Sanders Donald Trump,0
Elizabeth Warren,893,Bernie Sanders George W. Bush,0
Elizabeth Warren,893,Bernie Sanders Hillary Clinton,0
Elizabeth Warren,893,Bernie Sanders Joe Biden,0
Elizabeth Warren,893,Bernie Sanders Richard Nixon,0
Elizabeth Warren,893,Bernie Sanders Ronald Reagan,0
Elizabeth Warren,893,Donald Trump George W. Bush,0
Elizabeth Warren,893,Donald Trump Hillary Clinton,0
Elizabeth Warren,893,Donald Trump Joe Biden,0
Elizabeth Warren,893,Donald Trump Richard Nixon,0
Elizabeth Warren,893,Donald Trump Ronald Reagan,0
Elizabeth Warren,893,George W. Bush Hillary Clinton,0
Elizabeth Warren,893,George W. Bush Joe Biden,1
Elizabeth Warren,893,George W. Bush Richard Nixon,0
Elizabeth Warren,893,George W. Bush Ronald Reagan,0
Elizabeth Warren,893,Hillary Clinton Richard Nixon,0
Elizabeth Warren,893,Hillary Clinton Ronald Reagan,0
Elizabeth Warren,893,Joe Biden Richard Nixon,1
Elizabeth Warren,893,Joe Biden Ronald Reagan,0
Elizabeth Warren,893,Richard Nixon Ronald Reagan,0
Richard Nixon,894,Abraham Lincoln Barack Obama,0
Richard Nixon,894,Abraham Lincoln Bernie Sanders,0
Richard Nixon,894,Abraham Lincoln Donald Trump,0
Richard Nixon,894,Abraham Lincoln Elizabeth Warren,0
Richard Nixon,894,Abraham Lincoln George W. Bush,0
Richard Nixon,894,Abraham Lincoln Hillary Clinton,0
Richard Nixon,894,Abraham Lincoln Joe Biden,0
Richard Nixon,894,Abraham Lincoln Ronald Reagan,0
Richard Nixon,894,Barack Obama Bernie Sanders,0
Richard Nixon,894,Barack Obama Elizabeth Warren,0
Richard Nixon,894,Barack Obama George W. Bush,0
Richard Nixon,894,Barack Obama Hillary Clinton,0
Richard Nixon,894,Barack Obama Joe Biden,0
Richard Nixon,894,Barack Obama Ronald Reagan,1
Richard Nixon,894,Bernie Sanders Donald Trump,0
Richard Nixon,894,Bernie Sanders Elizabeth Warren,0
Richard Nixon,894,Bernie Sanders George W. Bush,0
Richard Nixon,894,Bernie Sanders Hillary Clinton,0
Richard Nixon,894,Bernie Sanders Joe Biden,0
Richard Nixon,894,Bernie Sanders Ronald Reagan,0
Richard Nixon,894,Donald Trump Elizabeth Warren,0
Richard Nixon,894,Donald Trump George W. Bush,0
Richard Nixon,894,Donald Trump Hillary Clinton,0
Richard Nixon,894,Donald Trump Joe Biden,0
Richard Nixon,894,Elizabeth Warren Hillary Clinton,0
Richard Nixon,894,Elizabeth Warren Joe Biden,0
Richard Nixon,894,Elizabeth Warren Ronald Reagan,0
Richard Nixon,894,George W. Bush Joe Biden,0
Richard Nixon,894,Hillary Clinton Joe Biden,0
Richard Nixon,894,Joe Biden Ronald Reagan,0
Abraham Lincoln,895,Barack Obama Bernie Sanders,0
Abraham Lincoln,895,Barack Obama Donald Trump,0
Abraham Lincoln,895,Barack Obama George W. Bush,0
Abraham Lincoln,895,Barack Obama Hillary Clinton,0
Abraham Lincoln,895,Barack Obama Richard Nixon,0
Abraham Lincoln,895,Bernie Sanders Donald Trump,0
Abraham Lincoln,895,Bernie Sanders Elizabeth Warren,0
Abraham Lincoln,895,Bernie Sanders George W. Bush,0
Abraham Lincoln,895,Bernie Sanders Hillary Clinton,0
Abraham Lincoln,895,Bernie Sanders Joe Biden,0
Abraham Lincoln,895,Bernie Sanders Richard Nixon,0
Abraham Lincoln,895,Bernie Sanders Ronald Reagan,0
Abraham Lincoln,895,Donald Trump Elizabeth Warren,0
Abraham Lincoln,895,Donald Trump George W. Bush,0
Abraham Lincoln,895,Donald Trump Hillary Clinton,0
Abraham Lincoln,895,Donald Trump Joe Biden,0
Abraham Lincoln,895,Donald Trump Richard Nixon,0
Abraham Lincoln,895,Donald Trump Ronald Reagan,0
Abraham Lincoln,895,Elizabeth Warren George W. Bush,0
Abraham Lincoln,895,Elizabeth Warren Hillary Clinton,0
Abraham Lincoln,895,Elizabeth Warren Joe Biden,0
Abraham Lincoln,895,Elizabeth Warren Richard Nixon,0
Abraham Lincoln,895,Elizabeth Warren Ronald Reagan,0
Abraham Lincoln,895,George W. Bush Hillary Clinton,0
Abraham Lincoln,895,George W. Bush Joe Biden,0
Abraham Lincoln,895,George W. Bush Richard Nixon,0
Abraham Lincoln,895,George W. Bush Ronald Reagan,0
Abraham Lincoln,895,Hillary Clinton Joe Biden,0
Abraham Lincoln,895,Hillary Clinton Richard Nixon,0
Abraham Lincoln,895,Hillary Clinton Ronald Reagan,0
Abraham Lincoln,895,Joe Biden Richard Nixon,0
Abraham Lincoln,895,Joe Biden Ronald Reagan,0
Abraham Lincoln,895,Richard Nixon Ronald Reagan,0
Richard Nixon,896,Abraham Lincoln Barack Obama,0
Richard Nixon,896,Abraham Lincoln Bernie Sanders,0
Richard Nixon,896,Abraham Lincoln Donald Trump,0
Richard Nixon,896,Abraham Lincoln Elizabeth Warren,0
Richard Nixon,896,Abraham Lincoln George W. Bush,0
Richard Nixon,896,Abraham Lincoln Hillary Clinton,0
Richard Nixon,896,Abraham Lincoln Joe Biden,0
Richard Nixon,896,Abraham Lincoln Ronald Reagan,0
Richard Nixon,896,Barack Obama Bernie Sanders,0
Richard Nixon,896,Barack Obama Donald Trump,0
Richard Nixon,896,Barack Obama Elizabeth Warren,0
Richard Nixon,896,Barack Obama George W. Bush,0
Richard Nixon,896,Barack Obama Hillary Clinton,1
Richard Nixon,896,Barack Obama Joe Biden,0
Richard Nixon,896,Barack Obama Ronald Reagan,1
Richard Nixon,896,Bernie Sanders Donald Trump,0
Richard Nixon,896,Bernie Sanders Elizabeth Warren,0
Richard Nixon,896,Bernie Sanders George W. Bush,0
Richard Nixon,896,Bernie Sanders Hillary Clinton,0
Richard Nixon,896,Bernie Sanders Joe Biden,0
Richard Nixon,896,Bernie Sanders Ronald Reagan,0
Richard Nixon,896,Donald Trump Elizabeth Warren,0
Richard Nixon,896,Donald Trump George W. Bush,0
Richard Nixon,896,Donald Trump Hillary Clinton,0
Richard Nixon,896,Donald Trump Joe Biden,0
Richard Nixon,896,Donald Trump Ronald Reagan,0
Richard Nixon,896,Elizabeth Warren George W. Bush,0
Richard Nixon,896,Elizabeth Warren Hillary Clinton,0
Richard Nixon,896,Elizabeth Warren Joe Biden,0
Richard Nixon,896,Elizabeth Warren Ronald Reagan,0
Richard Nixon,896,George W. Bush Hillary Clinton,0
Richard Nixon,896,George W. Bush Joe Biden,0
Richard Nixon,896,George W. Bush Ronald Reagan,0
Richard Nixon,896,Hillary Clinton Joe Biden,0
Richard Nixon,896,Hillary Clinton Ronald Reagan,0
Richard Nixon,896,Joe Biden Ronald Reagan,0
Joe Biden,897,Abraham Lincoln Barack Obama,0
Joe Biden,897,Abraham Lincoln Bernie Sanders,0
Joe Biden,897,Abraham Lincoln Donald Trump,0
Joe Biden,897,Abraham Lincoln Elizabeth Warren,0
Joe Biden,897,Abraham Lincoln George W. Bush,0
Joe Biden,897,Abraham Lincoln Hillary Clinton,0
Joe Biden,897,Abraham Lincoln Richard Nixon,0
Joe Biden,897,Abraham Lincoln Ronald Reagan,0
Joe Biden,897,Barack Obama Bernie Sanders,0
Joe Biden,897,Barack Obama Donald Trump,0
Joe Biden,897,Barack Obama Elizabeth Warren,0
Joe Biden,897,Barack Obama George W. Bush,0
Joe Biden,897,Barack Obama Hillary Clinton,0
Joe Biden,897,Barack Obama Richard Nixon,1
Joe Biden,897,Barack Obama Ronald Reagan,0
Joe Biden,897,Bernie Sanders Donald Trump,0
Joe Biden,897,Bernie Sanders Elizabeth Warren,0
Joe Biden,897,Bernie Sanders George W. Bush,0
Joe Biden,897,Bernie Sanders Hillary Clinton,0
Joe Biden,897,Bernie Sanders Richard Nixon,0
Joe Biden,897,Bernie Sanders Ronald Reagan,0
Joe Biden,897,Donald Trump Elizabeth Warren,0
Joe Biden,897,Donald Trump George W. Bush,0
Joe Biden,897,Donald Trump Hillary Clinton,0
Joe Biden,897,Donald Trump Richard Nixon,0
Joe Biden,897,Donald Trump Ronald Reagan,0
Joe Biden,897,Elizabeth Warren George W. Bush,0
Joe Biden,897,Elizabeth Warren Hillary Clinton,0
Joe Biden,897,Elizabeth Warren Richard Nixon,0
Joe Biden,897,Elizabeth Warren Ronald Reagan,0
Joe Biden,897,George W. Bush Hillary Clinton,0
Joe Biden,897,George W. Bush Richard Nixon,0
Joe Biden,897,Hillary Clinton Richard Nixon,0
Joe Biden,897,Hillary Clinton Ronald Reagan,0
Joe Biden,897,Richard Nixon Ronald Reagan,0
George W. Bush,898,Abraham Lincoln Barack Obama,0
George W. Bush,898,Abraham Lincoln Bernie Sanders,0
George W. Bush,898,Abraham Lincoln Donald Trump,0
George W. Bush,898,Abraham Lincoln Elizabeth Warren,0
George W. Bush,898,Abraham Lincoln Hillary Clinton,0
George W. Bush,898,Abraham Lincoln Joe Biden,0
George W. Bush,898,Abraham Lincoln Richard Nixon,1
George W. Bush,898,Barack Obama Bernie Sanders,0
George W. Bush,898,Barack Obama Donald Trump,0
George W. Bush,898,Barack Obama Elizabeth Warren,0
George W. Bush,898,Barack Obama Hillary Clinton,0
George W. Bush,898,Barack Obama Joe Biden,0
George W. Bush,898,Barack Obama Richard Nixon,0
George W. Bush,898,Barack Obama Ronald Reagan,0
George W. Bush,898,Bernie Sanders Donald Trump,0
George W. Bush,898,Bernie Sanders Elizabeth Warren,0
George W. Bush,898,Bernie Sanders Hillary Clinton,0
George W. Bush,898,Bernie Sanders Joe Biden,0
George W. Bush,898,Bernie Sanders Richard Nixon,0
George W. Bush,898,Bernie Sanders Ronald Reagan,0
George W. Bush,898,Donald Trump Elizabeth Warren,0
George W. Bush,898,Donald Trump Hillary Clinton,0
George W. Bush,898,Donald Trump Joe Biden,0
George W. Bush,898,Donald Trump Richard Nixon,0
George W. Bush,898,Donald Trump Ronald Reagan,0
George W. Bush,898,Elizabeth Warren Hillary Clinton,0
George W. Bush,898,Elizabeth Warren Joe Biden,0
George W. Bush,898,Elizabeth Warren Richard Nixon,1
George W. Bush,898,Elizabeth Warren Ronald Reagan,0
George W. Bush,898,Hillary Clinton Joe Biden,0
George W. Bush,898,Hillary Clinton Richard Nixon,0
George W. Bush,898,Hillary Clinton Ronald Reagan,0
George W. Bush,898,Joe Biden Richard Nixon,1
George W. Bush,898,Joe Biden Ronald Reagan,0
George W. Bush,898,Richard Nixon Ronald Reagan,0
